timestamp,data,prediction-5step
datetime,float,float
,,
2014-07-01 00:00:00,10844,15075.67305936073
2014-07-01 00:30:00,8127,15075.67305936073
2014-07-01 01:00:00,6210,15075.67305936073
2014-07-01 01:30:00,4656,15075.67305936073
2014-07-01 02:00:00,3820,15075.67305936073
2014-07-01 02:30:00,2873,15075.67305936073
2014-07-01 03:00:00,2369,15075.67305936073
2014-07-01 03:30:00,2064,15075.67305936073
2014-07-01 04:00:00,2221,15075.67305936073
2014-07-01 04:30:00,2158,15075.67305936073
2014-07-01 05:00:00,2515,15075.67305936073
2014-07-01 05:30:00,4364,15075.67305936073
2014-07-01 06:00:00,6526,15075.67305936073
2014-07-01 06:30:00,11039,15075.67305936073
2014-07-01 07:00:00,13857,15075.67305936073
2014-07-01 07:30:00,15865,15075.67305936073
2014-07-01 08:00:00,17920,15075.67305936073
2014-07-01 08:30:00,20346,15075.67305936073
2014-07-01 09:00:00,19539,15075.67305936073
2014-07-01 09:30:00,20107,15075.67305936073
2014-07-01 10:00:00,18984,15075.67305936073
2014-07-01 10:30:00,17720,15075.67305936073
2014-07-01 11:00:00,17249,15075.67305936073
2014-07-01 11:30:00,18463,15075.67305936073
2014-07-01 12:00:00,18908,15075.67305936073
2014-07-01 12:30:00,18886,15075.67305936073
2014-07-01 13:00:00,18178,15075.67305936073
2014-07-01 13:30:00,19459,15075.67305936073
2014-07-01 14:00:00,19546,15075.67305936073
2014-07-01 14:30:00,20591,15075.67305936073
2014-07-01 15:00:00,19380,15075.67305936073
2014-07-01 15:30:00,18544,15075.67305936073
2014-07-01 16:00:00,16228,15075.67305936073
2014-07-01 16:30:00,15013,15075.67305936073
2014-07-01 17:00:00,17203,15075.67305936073
2014-07-01 17:30:00,19525,15075.67305936073
2014-07-01 18:00:00,22966,15075.67305936073
2014-07-01 18:30:00,27598,15075.67305936073
2014-07-01 19:00:00,26827,15075.67305936073
2014-07-01 19:30:00,24904,15075.67305936073
2014-07-01 20:00:00,22875,15075.67305936073
2014-07-01 20:30:00,20394,15075.67305936073
2014-07-01 21:00:00,23401,15075.67305936073
2014-07-01 21:30:00,24439,15075.67305936073
2014-07-01 22:00:00,23318,15075.67305936073
2014-07-01 22:30:00,21733,15075.67305936073
2014-07-01 23:00:00,20104,15075.67305936073
2014-07-01 23:30:00,16111,15075.67305936073
2014-07-02 00:00:00,13370,15075.67305936073
2014-07-02 00:30:00,9945,15075.67305936073
2014-07-02 01:00:00,7571,15075.67305936073
2014-07-02 01:30:00,5917,15075.67305936073
2014-07-02 02:00:00,4820,15075.67305936073
2014-07-02 02:30:00,3634,15075.67305936073
2014-07-02 03:00:00,2993,15075.67305936073
2014-07-02 03:30:00,2535,15075.67305936073
2014-07-02 04:00:00,2570,15075.67305936073
2014-07-02 04:30:00,2485,15075.67305936073
2014-07-02 05:00:00,2868,15075.67305936073
2014-07-02 05:30:00,4482,15075.67305936073
2014-07-02 06:00:00,6788,15075.67305936073
2014-07-02 06:30:00,11078,15075.67305936073
2014-07-02 07:00:00,13729,15075.67305936073
2014-07-02 07:30:00,16700,15075.67305936073
2014-07-02 08:00:00,19156,15075.67305936073
2014-07-02 08:30:00,19953,15075.67305936073
2014-07-02 09:00:00,19502,15075.67305936073
2014-07-02 09:30:00,18994,15075.67305936073
2014-07-02 10:00:00,17311,15075.67305936073
2014-07-02 10:30:00,17904,15075.67305936073
2014-07-02 11:00:00,17133,15075.67305936073
2014-07-02 11:30:00,18589,15075.67305936073
2014-07-02 12:00:00,19134,15075.67305936073
2014-07-02 12:30:00,19259,15075.67305936073
2014-07-02 13:00:00,18667,15075.67305936073
2014-07-02 13:30:00,19078,15075.67305936073
2014-07-02 14:00:00,18546,15075.67305936073
2014-07-02 14:30:00,18593,15075.67305936073
2014-07-02 15:00:00,17967,15075.67305936073
2014-07-02 15:30:00,16624,15075.67305936073
2014-07-02 16:00:00,14634,15075.67305936073
2014-07-02 16:30:00,13888,15075.67305936073
2014-07-02 17:00:00,17430,15075.67305936073
2014-07-02 17:30:00,21919,15075.67305936073
2014-07-02 18:00:00,23633,15075.67305936073
2014-07-02 18:30:00,24512,15075.67305936073
2014-07-02 19:00:00,24887,15075.67305936073
2014-07-02 19:30:00,26872,15075.67305936073
2014-07-02 20:00:00,22009,15075.67305936073
2014-07-02 20:30:00,18259,15075.67305936073
2014-07-02 21:00:00,20844,15075.67305936073
2014-07-02 21:30:00,22576,15075.67305936073
2014-07-02 22:00:00,22401,15075.67305936073
2014-07-02 22:30:00,19056,15075.67305936073
2014-07-02 23:00:00,17518,15075.67305936073
2014-07-02 23:30:00,15307,15075.67305936073
2014-07-03 00:00:00,12646,15075.67305936073
2014-07-03 00:30:00,10562,15075.67305936073
2014-07-03 01:00:00,8416,15075.67305936073
2014-07-03 01:30:00,7098,15075.67305936073
2014-07-03 02:00:00,5826,15075.67305936073
2014-07-03 02:30:00,4383,15075.67305936073
2014-07-03 03:00:00,3270,15075.67305936073
2014-07-03 03:30:00,2948,15075.67305936073
2014-07-03 04:00:00,3146,15075.67305936073
2014-07-03 04:30:00,3077,15075.67305936073
2014-07-03 05:00:00,3000,15075.67305936073
2014-07-03 05:30:00,4592,15075.67305936073
2014-07-03 06:00:00,6486,15075.67305936073
2014-07-03 06:30:00,10113,15075.67305936073
2014-07-03 07:00:00,12240,15075.67305936073
2014-07-03 07:30:00,14574,15075.67305936073
2014-07-03 08:00:00,16778,15075.67305936073
2014-07-03 08:30:00,18910,15075.67305936073
2014-07-03 09:00:00,18350,15075.67305936073
2014-07-03 09:30:00,17218,15075.67305936073
2014-07-03 10:00:00,16097,15075.67305936073
2014-07-03 10:30:00,16409,15075.67305936073
2014-07-03 11:00:00,15893,15075.67305936073
2014-07-03 11:30:00,16778,15075.67305936073
2014-07-03 12:00:00,17604,15075.67305936073
2014-07-03 12:30:00,18665,15075.67305936073
2014-07-03 13:00:00,19045,15075.67305936073
2014-07-03 13:30:00,19261,15075.67305936073
2014-07-03 14:00:00,19363,15075.67305936073
2014-07-03 14:30:00,19078,15075.67305936073
2014-07-03 15:00:00,18193,15075.67305936073
2014-07-03 15:30:00,16635,15075.67305936073
2014-07-03 16:00:00,14615,15075.67305936073
2014-07-03 16:30:00,13759,15075.67305936073
2014-07-03 17:00:00,17008,15075.67305936073
2014-07-03 17:30:00,19595,15075.67305936073
2014-07-03 18:00:00,21328,15075.67305936073
2014-07-03 18:30:00,22661,15075.67305936073
2014-07-03 19:00:00,29985,15075.67305936073
2014-07-03 19:30:00,21501,15075.67305936073
2014-07-03 20:00:00,22684,15075.67305936073
2014-07-03 20:30:00,22188,15075.67305936073
2014-07-03 21:00:00,22663,15075.67305936073
2014-07-03 21:30:00,19573,15075.67305936073
2014-07-03 22:00:00,17136,15075.67305936073
2014-07-03 22:30:00,16606,15075.67305936073
2014-07-03 23:00:00,16166,15075.67305936073
2014-07-03 23:30:00,16020,15075.67305936073
2014-07-04 00:00:00,15591,15075.67305936073
2014-07-04 00:30:00,14395,15075.67305936073
2014-07-04 01:00:00,12535,15075.67305936073
2014-07-04 01:30:00,11341,15075.67305936073
2014-07-04 02:00:00,9980,15075.67305936073
2014-07-04 02:30:00,8404,15075.67305936073
2014-07-04 03:00:00,7200,15075.67305936073
2014-07-04 03:30:00,6578,15075.67305936073
2014-07-04 04:00:00,5657,15075.67305936073
2014-07-04 04:30:00,4474,15075.67305936073
2014-07-04 05:00:00,3459,15075.67305936073
2014-07-04 05:30:00,3276,15075.67305936073
2014-07-04 06:00:00,3595,15075.67305936073
2014-07-04 06:30:00,4240,15075.67305936073
2014-07-04 07:00:00,4828,15075.67305936073
2014-07-04 07:30:00,4926,15075.67305936073
2014-07-04 08:00:00,5165,15075.67305936073
2014-07-04 08:30:00,5776,15075.67305936073
2014-07-04 09:00:00,7338,15075.67305936073
2014-07-04 09:30:00,7839,15075.67305936073
2014-07-04 10:00:00,8623,15075.67305936073
2014-07-04 10:30:00,9731,15075.67305936073
2014-07-04 11:00:00,11024,15075.67305936073
2014-07-04 11:30:00,13231,15075.67305936073
2014-07-04 12:00:00,13613,15075.67305936073
2014-07-04 12:30:00,13737,15075.67305936073
2014-07-04 13:00:00,15574,15075.67305936073
2014-07-04 13:30:00,14226,15075.67305936073
2014-07-04 14:00:00,18480,15075.67305936073
2014-07-04 14:30:00,18265,15075.67305936073
2014-07-04 15:00:00,16575,15075.67305936073
2014-07-04 15:30:00,16417,15075.67305936073
2014-07-04 16:00:00,14703,15075.67305936073
2014-07-04 16:30:00,13469,15075.67305936073
2014-07-04 17:00:00,12105,15075.67305936073
2014-07-04 17:30:00,11676,15075.67305936073
2014-07-04 18:00:00,15487,15075.67305936073
2014-07-04 18:30:00,15077,15075.67305936073
2014-07-04 19:00:00,14999,15075.67305936073
2014-07-04 19:30:00,14487,15075.67305936073
2014-07-04 20:00:00,14415,15075.67305936073
2014-07-04 20:30:00,13796,15075.67305936073
2014-07-04 21:00:00,14036,15075.67305936073
2014-07-04 21:30:00,14021,15075.67305936073
2014-07-04 22:00:00,15593,15075.67305936073
2014-07-04 22:30:00,16589,15075.67305936073
2014-07-04 23:00:00,17984,15075.67305936073
2014-07-04 23:30:00,18035,15075.67305936073
2014-07-05 00:00:00,17576,15075.67305936073
2014-07-05 00:30:00,16189,15075.67305936073
2014-07-05 01:00:00,14441,15075.67305936073
2014-07-05 01:30:00,12535,15075.67305936073
2014-07-05 02:00:00,11006,15075.67305936073
2014-07-05 02:30:00,9151,15075.67305936073
2014-07-05 03:00:00,8010,15075.67305936073
2014-07-05 03:30:00,7096,15075.67305936073
2014-07-05 04:00:00,6407,15075.67305936073
2014-07-05 04:30:00,4421,15075.67305936073
2014-07-05 05:00:00,3126,15075.67305936073
2014-07-05 05:30:00,2514,15075.67305936073
2014-07-05 06:00:00,2550,15075.67305936073
2014-07-05 06:30:00,3148,15075.67305936073
2014-07-05 07:00:00,3658,15075.67305936073
2014-07-05 07:30:00,4345,15075.67305936073
2014-07-05 08:00:00,4682,15075.67305936073
2014-07-05 08:30:00,6248,15075.67305936073
2014-07-05 09:00:00,7454,15075.67305936073
2014-07-05 09:30:00,9010,15075.67305936073
2014-07-05 10:00:00,10280,15075.67305936073
2014-07-05 10:30:00,11488,15075.67305936073
2014-07-05 11:00:00,11595,15075.67305936073
2014-07-05 11:30:00,13098,15075.67305936073
2014-07-05 12:00:00,12623,15075.67305936073
2014-07-05 12:30:00,13031,15075.67305936073
2014-07-05 13:00:00,13263,15075.67305936073
2014-07-05 13:30:00,13349,15075.67305936073
2014-07-05 14:00:00,13822,15075.67305936073
2014-07-05 14:30:00,13716,15075.67305936073
2014-07-05 15:00:00,13919,15075.67305936073
2014-07-05 15:30:00,14203,15075.67305936073
2014-07-05 16:00:00,13179,15075.67305936073
2014-07-05 16:30:00,13708,15075.67305936073
2014-07-05 17:00:00,13897,15075.67305936073
2014-07-05 17:30:00,14740,15075.67305936073
2014-07-05 18:00:00,14575,15075.67305936073
2014-07-05 18:30:00,16085,15075.67305936073
2014-07-05 19:00:00,18182,15075.67305936073
2014-07-05 19:30:00,16861,15075.67305936073
2014-07-05 20:00:00,14140,15075.67305936073
2014-07-05 20:30:00,14477,15075.67305936073
2014-07-05 21:00:00,15293,15075.67305936073
2014-07-05 21:30:00,15457,15075.67305936073
2014-07-05 22:00:00,16048,15075.67305936073
2014-07-05 22:30:00,17477,15075.67305936073
2014-07-05 23:00:00,16391,15075.67305936073
2014-07-05 23:30:00,17006,15075.67305936073
2014-07-06 00:00:00,15427,15075.67305936073
2014-07-06 00:30:00,14615,15075.67305936073
2014-07-06 01:00:00,13124,15075.67305936073
2014-07-06 01:30:00,12222,15075.67305936073
2014-07-06 02:00:00,11134,15075.67305936073
2014-07-06 02:30:00,9145,15075.67305936073
2014-07-06 03:00:00,8624,15075.67305936073
2014-07-06 03:30:00,7885,15075.67305936073
2014-07-06 04:00:00,7167,15075.67305936073
2014-07-06 04:30:00,4805,15075.67305936073
2014-07-06 05:00:00,3103,15075.67305936073
2014-07-06 05:30:00,2671,15075.67305936073
2014-07-06 06:00:00,2510,15075.67305936073
2014-07-06 06:30:00,2917,15075.67305936073
2014-07-06 07:00:00,3189,15075.67305936073
2014-07-06 07:30:00,4107,15075.67305936073
2014-07-06 08:00:00,4122,15075.67305936073
2014-07-06 08:30:00,5654,15075.67305936073
2014-07-06 09:00:00,6360,15075.67305936073
2014-07-06 09:30:00,8406,15075.67305936073
2014-07-06 10:00:00,9372,15075.67305936073
2014-07-06 10:30:00,11067,15075.67305936073
2014-07-06 11:00:00,11595,15075.67305936073
2014-07-06 11:30:00,12909,15075.67305936073
2014-07-06 12:00:00,13715,15075.67305936073
2014-07-06 12:30:00,13648,15075.67305936073
2014-07-06 13:00:00,14296,15075.67305936073
2014-07-06 13:30:00,14798,15075.67305936073
2014-07-06 14:00:00,15473,15075.67305936073
2014-07-06 14:30:00,16032,15075.67305936073
2014-07-06 15:00:00,14661,15075.67305936073
2014-07-06 15:30:00,14836,15075.67305936073
2014-07-06 16:00:00,13700,15075.67305936073
2014-07-06 16:30:00,14565,15075.67305936073
2014-07-06 17:00:00,15392,15075.67305936073
2014-07-06 17:30:00,16866,15075.67305936073
2014-07-06 18:00:00,16893,15075.67305936073
2014-07-06 18:30:00,16877,15075.67305936073
2014-07-06 19:00:00,17025,15075.67305936073
2014-07-06 19:30:00,15884,15075.67305936073
2014-07-06 20:00:00,14487,15075.67305936073
2014-07-06 20:30:00,14159,15075.67305936073
2014-07-06 21:00:00,16135,15075.67305936073
2014-07-06 21:30:00,16165,15075.67305936073
2014-07-06 22:00:00,14025,15075.67305936073
2014-07-06 22:30:00,13970,15075.67305936073
2014-07-06 23:00:00,13198,15075.67305936073
2014-07-06 23:30:00,11355,15075.67305936073
2014-07-07 00:00:00,8675,15075.67305936073
2014-07-07 00:30:00,7180,15075.67305936073
2014-07-07 01:00:00,5178,15075.67305936073
2014-07-07 01:30:00,3658,15075.67305936073
2014-07-07 02:00:00,3181,15075.67305936073
2014-07-07 02:30:00,2402,15075.67305936073
2014-07-07 03:00:00,1944,15075.67305936073
2014-07-07 03:30:00,1877,15075.67305936073
2014-07-07 04:00:00,2257,15075.67305936073
2014-07-07 04:30:00,2280,15075.67305936073
2014-07-07 05:00:00,2575,15075.67305936073
2014-07-07 05:30:00,4174,15075.67305936073
2014-07-07 06:00:00,6346,15075.67305936073
2014-07-07 06:30:00,10594,15075.67305936073
2014-07-07 07:00:00,12632,15075.67305936073
2014-07-07 07:30:00,14893,15075.67305936073
2014-07-07 08:00:00,16470,15075.67305936073
2014-07-07 08:30:00,18998,15075.67305936073
2014-07-07 09:00:00,17792,15075.67305936073
2014-07-07 09:30:00,16396,15075.67305936073
2014-07-07 10:00:00,14128,15075.67305936073
2014-07-07 10:30:00,14161,15075.67305936073
2014-07-07 11:00:00,14154,15075.67305936073
2014-07-07 11:30:00,15074,15075.67305936073
2014-07-07 12:00:00,15188,15075.67305936073
2014-07-07 12:30:00,15483,15075.67305936073
2014-07-07 13:00:00,15338,15075.67305936073
2014-07-07 13:30:00,16242,15075.67305936073
2014-07-07 14:00:00,16579,15075.67305936073
2014-07-07 14:30:00,16885,15075.67305936073
2014-07-07 15:00:00,16824,15075.67305936073
2014-07-07 15:30:00,16238,15075.67305936073
2014-07-07 16:00:00,15702,15075.67305936073
2014-07-07 16:30:00,15132,15075.67305936073
2014-07-07 17:00:00,17500,15075.67305936073
2014-07-07 17:30:00,19167,15075.67305936073
2014-07-07 18:00:00,21398,15075.67305936073
2014-07-07 18:30:00,22382,15075.67305936073
2014-07-07 19:00:00,22270,15075.67305936073
2014-07-07 19:30:00,20575,15075.67305936073
2014-07-07 20:00:00,18824,15075.67305936073
2014-07-07 20:30:00,17909,15075.67305936073
2014-07-07 21:00:00,19707,15075.67305936073
2014-07-07 21:30:00,19066,15075.67305936073
2014-07-07 22:00:00,17755,15075.67305936073
2014-07-07 22:30:00,16583,15075.67305936073
2014-07-07 23:00:00,14955,15075.67305936073
2014-07-07 23:30:00,11849,15075.67305936073
2014-07-08 00:00:00,9292,15075.67305936073
2014-07-08 00:30:00,8110,15075.67305936073
2014-07-08 01:00:00,7352,15075.67305936073
2014-07-08 01:30:00,5049,15075.67305936073
2014-07-08 02:00:00,3451,15075.67305936073
2014-07-08 02:30:00,2465,15075.67305936073
2014-07-08 03:00:00,2125,15075.67305936073
2014-07-08 03:30:00,1877,15075.67305936073
2014-07-08 04:00:00,2069,15075.67305936073
2014-07-08 04:30:00,2080,15075.67305936073
2014-07-08 05:00:00,2375,15075.67305936073
2014-07-08 05:30:00,4303,15075.67305936073
2014-07-08 06:00:00,6537,15075.67305936073
2014-07-08 06:30:00,11331,15075.67305936073
2014-07-08 07:00:00,13565,15075.67305936073
2014-07-08 07:30:00,16455,15075.67305936073
2014-07-08 08:00:00,18310,15075.67305936073
2014-07-08 08:30:00,20288,15075.67305936073
2014-07-08 09:00:00,19564,15075.67305936073
2014-07-08 09:30:00,19380,15075.67305936073
2014-07-08 10:00:00,16507,15075.67305936073
2014-07-08 10:30:00,16939,15075.67305936073
2014-07-08 11:00:00,16113,15075.67305936073
2014-07-08 11:30:00,17537,15075.67305936073
2014-07-08 12:00:00,18120,15075.67305936073
2014-07-08 12:30:00,18038,15075.67305936073
2014-07-08 13:00:00,17870,15075.67305936073
2014-07-08 13:30:00,18427,15075.67305936073
2014-07-08 14:00:00,18971,15075.67305936073
2014-07-08 14:30:00,19071,15075.67305936073
2014-07-08 15:00:00,18646,15075.67305936073
2014-07-08 15:30:00,18229,15075.67305936073
2014-07-08 16:00:00,15977,15075.67305936073
2014-07-08 16:30:00,15026,15075.67305936073
2014-07-08 17:00:00,17398,15075.67305936073
2014-07-08 17:30:00,20865,15075.67305936073
2014-07-08 18:00:00,23875,15075.67305936073
2014-07-08 18:30:00,25290,15075.67305936073
2014-07-08 19:00:00,25510,15075.67305936073
2014-07-08 19:30:00,24535,15075.67305936073
2014-07-08 20:00:00,21922,15075.67305936073
2014-07-08 20:30:00,20113,15075.67305936073
2014-07-08 21:00:00,22079,15075.67305936073
2014-07-08 21:30:00,23111,15075.67305936073
2014-07-08 22:00:00,25209,15075.67305936073
2014-07-08 22:30:00,21978,15075.67305936073
2014-07-08 23:00:00,18320,15075.67305936073
2014-07-08 23:30:00,14881,15075.67305936073
2014-07-09 00:00:00,12053,15075.67305936073
2014-07-09 00:30:00,9409,15075.67305936073
2014-07-09 01:00:00,7740,15075.67305936073
2014-07-09 01:30:00,5528,15075.67305936073
2014-07-09 02:00:00,4667,15075.67305936073
2014-07-09 02:30:00,3242,15075.67305936073
2014-07-09 03:00:00,2678,15075.67305936073
2014-07-09 03:30:00,2370,15075.67305936073
2014-07-09 04:00:00,2475,15075.67305936073
2014-07-09 04:30:00,2304,15075.67305936073
2014-07-09 05:00:00,2491,15075.67305936073
2014-07-09 05:30:00,4117,15075.67305936073
2014-07-09 06:00:00,6435,15075.67305936073
2014-07-09 06:30:00,11067,15075.67305936073
2014-07-09 07:00:00,13384,15075.67305936073
2014-07-09 07:30:00,17194,15075.67305936073
2014-07-09 08:00:00,18510,15075.67305936073
2014-07-09 08:30:00,20464,15075.67305936073
2014-07-09 09:00:00,19777,15075.67305936073
2014-07-09 09:30:00,18928,15075.67305936073
2014-07-09 10:00:00,17243,15075.67305936073
2014-07-09 10:30:00,17490,15075.67305936073
2014-07-09 11:00:00,16558,15075.67305936073
2014-07-09 11:30:00,17830,15075.67305936073
2014-07-09 12:00:00,18203,15075.67305936073
2014-07-09 12:30:00,18126,15075.67305936073
2014-07-09 13:00:00,18122,15075.67305936073
2014-07-09 13:30:00,18488,15075.67305936073
2014-07-09 14:00:00,18487,15075.67305936073
2014-07-09 14:30:00,18542,15075.67305936073
2014-07-09 15:00:00,18240,15075.67305936073
2014-07-09 15:30:00,17393,15075.67305936073
2014-07-09 16:00:00,15175,15075.67305936073
2014-07-09 16:30:00,15360,15075.67305936073
2014-07-09 17:00:00,17103,15075.67305936073
2014-07-09 17:30:00,19561,15075.67305936073
2014-07-09 18:00:00,22262,15075.67305936073
2014-07-09 18:30:00,24725,15075.67305936073
2014-07-09 19:00:00,25995,15075.67305936073
2014-07-09 19:30:00,26319,15075.67305936073
2014-07-09 20:00:00,24995,15075.67305936073
2014-07-09 20:30:00,20534,15075.67305936073
2014-07-09 21:00:00,23458,15075.67305936073
2014-07-09 21:30:00,24681,15075.67305936073
2014-07-09 22:00:00,23955,15075.67305936073
2014-07-09 22:30:00,23655,15075.67305936073
2014-07-09 23:00:00,21896,15075.67305936073
2014-07-09 23:30:00,19338,15075.67305936073
2014-07-10 00:00:00,15185,15075.67305936073
2014-07-10 00:30:00,11459,15075.67305936073
2014-07-10 01:00:00,8847,15075.67305936073
2014-07-10 01:30:00,6580,15075.67305936073
2014-07-10 02:00:00,5247,15075.67305936073
2014-07-10 02:30:00,4127,15075.67305936073
2014-07-10 03:00:00,3440,15075.67305936073
2014-07-10 03:30:00,2957,15075.67305936073
2014-07-10 04:00:00,2779,15075.67305936073
2014-07-10 04:30:00,2532,15075.67305936073
2014-07-10 05:00:00,2718,15075.67305936073
2014-07-10 05:30:00,4449,15075.67305936073
2014-07-10 06:00:00,6601,15075.67305936073
2014-07-10 06:30:00,11202,15075.67305936073
2014-07-10 07:00:00,13934,15075.67305936073
2014-07-10 07:30:00,17176,15075.67305936073
2014-07-10 08:00:00,19057,15075.67305936073
2014-07-10 08:30:00,21112,15075.67305936073
2014-07-10 09:00:00,19882,15075.67305936073
2014-07-10 09:30:00,19024,15075.67305936073
2014-07-10 10:00:00,16989,15075.67305936073
2014-07-10 10:30:00,16979,15075.67305936073
2014-07-10 11:00:00,16381,15075.67305936073
2014-07-10 11:30:00,17815,15075.67305936073
2014-07-10 12:00:00,18029,15075.67305936073
2014-07-10 12:30:00,17495,15075.67305936073
2014-07-10 13:00:00,17075,15075.67305936073
2014-07-10 13:30:00,18234,15075.67305936073
2014-07-10 14:00:00,18091,15075.67305936073
2014-07-10 14:30:00,18495,15075.67305936073
2014-07-10 15:00:00,17523,15075.67305936073
2014-07-10 15:30:00,16714,15075.67305936073
2014-07-10 16:00:00,14735,15075.67305936073
2014-07-10 16:30:00,13610,15075.67305936073
2014-07-10 17:00:00,16290,15075.67305936073
2014-07-10 17:30:00,19152,15075.67305936073
2014-07-10 18:00:00,21865,15075.67305936073
2014-07-10 18:30:00,24347,15075.67305936073
2014-07-10 19:00:00,26186,15075.67305936073
2014-07-10 19:30:00,25852,15075.67305936073
2014-07-10 20:00:00,23995,15075.67305936073
2014-07-10 20:30:00,21664,15075.67305936073
2014-07-10 21:00:00,25027,15075.67305936073
2014-07-10 21:30:00,25431,15075.67305936073
2014-07-10 22:00:00,25643,15075.67305936073
2014-07-10 22:30:00,24654,15075.67305936073
2014-07-10 23:00:00,23154,15075.67305936073
2014-07-10 23:30:00,21863,15075.67305936073
2014-07-11 00:00:00,20051,15075.67305936073
2014-07-11 00:30:00,16122,15075.67305936073
2014-07-11 01:00:00,13107,15075.67305936073
2014-07-11 01:30:00,10506,15075.67305936073
2014-07-11 02:00:00,8444,15075.67305936073
2014-07-11 02:30:00,6876,15075.67305936073
2014-07-11 03:00:00,5375,15075.67305936073
2014-07-11 03:30:00,4366,15075.67305936073
2014-07-11 04:00:00,4183,15075.67305936073
2014-07-11 04:30:00,3249,15075.67305936073
2014-07-11 05:00:00,3134,15075.67305936073
2014-07-11 05:30:00,4620,15075.67305936073
2014-07-11 06:00:00,6725,15075.67305936073
2014-07-11 06:30:00,10651,15075.67305936073
2014-07-11 07:00:00,12952,15075.67305936073
2014-07-11 07:30:00,15808,15075.67305936073
2014-07-11 08:00:00,17565,15075.67305936073
2014-07-11 08:30:00,19784,15075.67305936073
2014-07-11 09:00:00,19699,15075.67305936073
2014-07-11 09:30:00,18663,15075.67305936073
2014-07-11 10:00:00,16509,15075.67305936073
2014-07-11 10:30:00,16600,17124.082827355691
2014-07-11 11:00:00,15636,18496.71559698967
2014-07-11 11:30:00,17434,17291.405819563475
2014-07-11 12:00:00,17668,16474.265740039267
2014-07-11 12:30:00,17124,13671.003805974651
2014-07-11 13:00:00,17124,14856.111725929382
2014-07-11 13:30:00,17489,15227.271902954968
2014-07-11 14:00:00,18371,16735.479804334103
2014-07-11 14:30:00,18381,16434.318445100002
2014-07-11 15:00:00,17898,16876.560722384638
2014-07-11 15:30:00,16350,18941.451697133314
2014-07-11 16:00:00,14688,22433.910824768507
2014-07-11 16:30:00,14227,23564.24273784598
2014-07-11 17:00:00,16924,23172.682949429764
2014-07-11 17:30:00,19952,21596.901987422967
2014-07-11 18:00:00,22665,21860.91369935128
2014-07-11 18:30:00,23465,22860.129799715975
2014-07-11 19:00:00,25111,23240.009993716121
2014-07-11 19:30:00,23984,24565.442282876073
2014-07-11 20:00:00,21701,26176.804839663459
2014-07-11 20:30:00,20592,26722.817449915608
2014-07-11 21:00:00,22630,22889.124467069887
2014-07-11 21:30:00,22854,18674.769294667902
2014-07-11 22:00:00,23892,13728.395247377997
2014-07-11 22:30:00,24959,10703.287024774047
2014-07-11 23:00:00,26039,10451.914994683302
2014-07-11 23:30:00,26873,13168.575122848373
2014-07-12 00:00:00,25871,12342.519787067244
2014-07-12 00:30:00,24874,13460.074118856241
2014-07-12 01:00:00,23243,12029.614306283536
2014-07-12 01:30:00,21674,11992.148852323984
2014-07-12 02:00:00,19221,10417.976084528776
2014-07-12 02:30:00,16140,8522.4726837688759
2014-07-12 03:00:00,13371,6452.3565309100613
2014-07-12 03:30:00,12041,6021.5512297177065
2014-07-12 04:00:00,10301,5433.9437800852338
2014-07-12 04:30:00,6472,8183.4394300637796
2014-07-12 05:00:00,4507,10065.343373179036
2014-07-12 05:30:00,3682,15288.520669052101
2014-07-12 06:00:00,3422,15513.031003815742
2014-07-12 06:30:00,4554,17199.747190056933
2014-07-12 07:00:00,5347,16531.387710700299
2014-07-12 07:30:00,6853,14397.623098506081
2014-07-12 08:00:00,7107,15024.669188846499
2014-07-12 08:30:00,9463,15320.399075328223
2014-07-12 09:00:00,11022,16106.193297581505
2014-07-12 09:30:00,13393,16980.901371625219
2014-07-12 10:00:00,13567,19198.32025657413
2014-07-12 10:30:00,15452,17324.716757729035
2014-07-12 11:00:00,15525,17672.689077157927
2014-07-12 11:30:00,17165,15643.323473827522
2014-07-12 12:00:00,17263,16169.461005139972
2014-07-12 12:30:00,18418,13469.226778645874
2014-07-12 13:00:00,18578,15109.541188582643
2014-07-12 13:30:00,18762,15493.634920010365
2014-07-12 14:00:00,18076,16547.395743474743
2014-07-12 14:30:00,18604,16591.600327093376
2014-07-12 15:00:00,18580,16969.115917421477
2014-07-12 15:30:00,19306,17226.815949460975
2014-07-12 16:00:00,18140,17836.920654240879
2014-07-12 16:30:00,17455,19537.191408179438
2014-07-12 17:00:00,18980,20903.259920600587
2014-07-12 17:30:00,21152,20528.7557956704
2014-07-12 18:00:00,22483,21093.699739644333
2014-07-12 18:30:00,22534,20766.82803780989
2014-07-12 19:00:00,22801,22203.71441136732
2014-07-12 19:30:00,22117,24996.146435887138
2014-07-12 20:00:00,19864,27012.258742310805
2014-07-12 20:30:00,19494,27399.327971942534
2014-07-12 21:00:00,20607,25799.439975179797
2014-07-12 21:30:00,20627,24691.395899861171
2014-07-12 22:00:00,21706,23213.46743932445
2014-07-12 22:30:00,24243,19887.661981239566
2014-07-12 23:00:00,25204,15919.128544572712
2014-07-12 23:30:00,25752,16728.015258449246
2014-07-13 00:00:00,25792,14649.527584901745
2014-07-13 00:30:00,25033,15981.40822811947
2014-07-13 01:00:00,23935,16524.633892503356
2014-07-13 01:30:00,21440,15676.780834967622
2014-07-13 02:00:00,19468,12768.574406637741
2014-07-13 02:30:00,16622,11945.495829281159
2014-07-13 03:00:00,14485,8363.8670631139503
2014-07-13 03:30:00,12974,5533.3596513231823
2014-07-13 04:00:00,11191,3837.8619269728133
2014-07-13 04:30:00,6911,5118.6625268453718
2014-07-13 05:00:00,4410,5171.3802236515894
2014-07-13 05:30:00,3467,5420.5600208332562
2014-07-13 06:00:00,3429,6952.5578731090991
2014-07-13 06:30:00,3599,12742.74179652854
2014-07-13 07:00:00,3575,13858.215017508308
2014-07-13 07:30:00,4557,12123.197272884932
2014-07-13 08:00:00,5243,11540.890294870784
2014-07-13 08:30:00,6588,11694.699082342682
2014-07-13 09:00:00,8009,13059.647179277108
2014-07-13 09:30:00,10743,14431.456503574724
2014-07-13 10:00:00,13524,16773.079464425511
2014-07-13 10:30:00,16179,18524.81899874072
2014-07-13 11:00:00,14905,19411.798371311517
2014-07-13 11:30:00,16916,19323.409166170648
2014-07-13 12:00:00,17082,19931.072571792338
2014-07-13 12:30:00,18606,18415.479125323509
2014-07-13 13:00:00,18935,20971.795451477024
2014-07-13 13:30:00,20175,20702.016195854863
2014-07-13 14:00:00,22219,19779.263411954802
2014-07-13 14:30:00,22868,17801.803648902274
2014-07-13 15:00:00,20375,19584.346929478652
2014-07-13 15:30:00,18489,20413.100887174936
2014-07-13 16:00:00,16187,20310.875016738391
2014-07-13 16:30:00,14015,20128.711245873492
2014-07-13 17:00:00,14261,20102.842031475582
2014-07-13 17:30:00,20081,19534.88901583026
2014-07-13 18:00:00,21503,21033.325350967752
2014-07-13 18:30:00,19850,21216.050171629904
2014-07-13 19:00:00,18383,21451.632124287211
2014-07-13 19:30:00,17640,21434.51072606683
2014-07-13 20:00:00,16225,19895.842925001161
2014-07-13 20:30:00,15566,19282.418401083636
2014-07-13 21:00:00,17088,21034.906859664254
2014-07-13 21:30:00,16968,21187.822979238877
2014-07-13 22:00:00,15271,21174.050872762273
2014-07-13 22:30:00,14141,21624.051335438911
2014-07-13 23:00:00,12851,20449.668967392616
2014-07-13 23:30:00,13877,18294.43054588377
2014-07-14 00:00:00,12484,18514.119938917906
2014-07-14 00:30:00,9037,13301.886336562964
2014-07-14 01:00:00,7393,10656.938033043127
2014-07-14 01:30:00,5176,9975.0264962669135
2014-07-14 02:00:00,3479,6451.567218591068
2014-07-14 02:30:00,2755,5962.1273085317425
2014-07-14 03:00:00,2027,832.31654731475101
2014-07-14 03:30:00,1769,-96.407022925826823
2014-07-14 04:00:00,2091,602.45770535691554
2014-07-14 04:30:00,2553,4576.8062559356295
2014-07-14 05:00:00,2853,4283.0307850808167
2014-07-14 05:30:00,4835,9250.2803099245575
2014-07-14 06:00:00,6603,14599.347844587875
2014-07-14 06:30:00,11230,15706.999208271542
2014-07-14 07:00:00,13395,15541.009355743287
2014-07-14 07:30:00,15650,14624.244366180827
2014-07-14 08:00:00,17601,14167.447794858906
2014-07-14 08:30:00,18818,13397.964449801286
2014-07-14 09:00:00,18515,15457.868498318347
2014-07-14 09:30:00,16972,17502.204149806708
2014-07-14 10:00:00,15316,20425.641964666913
2014-07-14 10:30:00,16003,18251.866432832649
2014-07-14 11:00:00,14818,20700.759363128902
2014-07-14 11:30:00,15610,20776.247333677973
2014-07-14 12:00:00,16536,21073.859235491043
2014-07-14 12:30:00,16153,20056.500156464263
2014-07-14 13:00:00,15548,20101.068695411028
2014-07-14 13:30:00,16500,18655.712800693495
2014-07-14 14:00:00,16726,17039.180445408714
2014-07-14 14:30:00,16838,14808.363039398198
2014-07-14 15:00:00,16550,15379.62253576818
2014-07-14 15:30:00,16621,16868.985966238171
2014-07-14 16:00:00,15657,19016.671007186873
2014-07-14 16:30:00,15334,20948.690477868491
2014-07-14 17:00:00,17584,20527.14799232921
2014-07-14 17:30:00,20903,19764.509349288874
2014-07-14 18:00:00,21968,17804.189735566597
2014-07-14 18:30:00,26945,17657.254695766267
2014-07-14 19:00:00,24416,18945.657046157856
2014-07-14 19:30:00,22401,17907.710952067344
2014-07-14 20:00:00,23549,20693.081702122832
2014-07-14 20:30:00,21498,17797.496889945531
2014-07-14 21:00:00,23114,15787.755327471676
2014-07-14 21:30:00,23341,14680.998504183384
2014-07-14 22:00:00,22141,14241.070928693005
2014-07-14 22:30:00,19110,14370.802371241643
2014-07-14 23:00:00,16682,11848.299540431834
2014-07-14 23:30:00,12631,8597.2399377499751
2014-07-15 00:00:00,10089,6625.0539756366998
2014-07-15 00:30:00,8553,3660.6359805932989
2014-07-15 01:00:00,6416,981.57331219009757
2014-07-15 01:30:00,4694,1991.5999227470238
2014-07-15 02:00:00,3933,3052.4758186050949
2014-07-15 02:30:00,2833,3892.5952714930845
2014-07-15 03:00:00,2089,7710.0373070646037
2014-07-15 03:30:00,1896,6613.8890990674718
2014-07-15 04:00:00,2055,7454.0966325636828
2014-07-15 04:30:00,2031,14989.655620655698
2014-07-15 05:00:00,2449,16092.601599347963
2014-07-15 05:30:00,4360,15921.438543098566
2014-07-15 06:00:00,7036,16480.630245836477
2014-07-15 06:30:00,11730,14084.863237704658
2014-07-15 07:00:00,14387,11305.651867404171
2014-07-15 07:30:00,17505,11536.142414419039
2014-07-15 08:00:00,19091,14328.686141646092
2014-07-15 08:30:00,21057,13871.261184897263
2014-07-15 09:00:00,20050,18419.12711317699
2014-07-15 09:30:00,18637,18418.161025016423
2014-07-15 10:00:00,17555,16536.418544413431
2014-07-15 10:30:00,17595,16977.093917963328
2014-07-15 11:00:00,16312,14531.002986958216
2014-07-15 11:30:00,18232,15266.257013954106
2014-07-15 12:00:00,18446,16571.021254944826
2014-07-15 12:30:00,18204,17157.453397543381
2014-07-15 13:00:00,17607,15772.658311495979
2014-07-15 13:30:00,18945,15776.443015856008
2014-07-15 14:00:00,22208,17287.152190092344
2014-07-15 14:30:00,21574,16635.849980504987
2014-07-15 15:00:00,17299,18447.926743561889
2014-07-15 15:30:00,15515,21440.648957678117
2014-07-15 16:00:00,13246,23783.602564222274
2014-07-15 16:30:00,12328,19831.733045486446
2014-07-15 17:00:00,15342,20453.888242353805
2014-07-15 17:30:00,18730,20947.501095042491
2014-07-15 18:00:00,23412,20907.121213502749
2014-07-15 18:30:00,26340,22807.631869073281
2014-07-15 19:00:00,27167,25133.12105020212
2014-07-15 19:30:00,26279,24000.455065993381
2014-07-15 20:00:00,23392,21700.943861284766
2014-07-15 20:30:00,21571,12295.033912299434
2014-07-15 21:00:00,23477,8219.976267166574
2014-07-15 21:30:00,22612,9635.3073545526277
2014-07-15 22:00:00,21389,7751.6085136431057
2014-07-15 22:30:00,19575,7657.3123895083691
2014-07-15 23:00:00,18165,8861.1386014081727
2014-07-15 23:30:00,14923,9224.9306934415963
2014-07-16 00:00:00,11815,8321.1512328794433
2014-07-16 00:30:00,9024,8242.5668978250396
2014-07-16 01:00:00,7363,5683.4504006042753
2014-07-16 01:30:00,5812,3676.6816712062573
2014-07-16 02:00:00,4559,3891.8480719953113
2014-07-16 02:30:00,3673,6312.2114174619164
2014-07-16 03:00:00,2830,8200.0640655013776
2014-07-16 03:30:00,2374,6579.7423528782492
2014-07-16 04:00:00,2556,9243.9573806801345
2014-07-16 04:30:00,2456,12136.007199521689
2014-07-16 05:00:00,2486,12893.749942266881
2014-07-16 05:30:00,4451,14423.623937999802
2014-07-16 06:00:00,6723,14468.52159182258
2014-07-16 06:30:00,12501,15792.515875255942
2014-07-16 07:00:00,14763,16576.899494619134
2014-07-16 07:30:00,18127,15154.76338157003
2014-07-16 08:00:00,20393,17045.766429353163
2014-07-16 08:30:00,20753,16252.315844583944
2014-07-16 09:00:00,20124,16390.062723015504
2014-07-16 09:30:00,19253,17980.772662296367
2014-07-16 10:00:00,17981,18169.304163707238
2014-07-16 10:30:00,17720,21593.2624135105
2014-07-16 11:00:00,16525,22214.886730833776
2014-07-16 11:30:00,18153,20108.544915823288
2014-07-16 12:00:00,18558,19063.103195968433
2014-07-16 12:30:00,17652,16052.097202875953
2014-07-16 13:00:00,17292,16092.316498944205
2014-07-16 13:30:00,17551,16781.349595628104
2014-07-16 14:00:00,17951,15695.502537912174
2014-07-16 14:30:00,17909,16735.612476304956
2014-07-16 15:00:00,17442,18647.865569455058
2014-07-16 15:30:00,16533,19372.119113266035
2014-07-16 16:00:00,14776,22290.193331130005
2014-07-16 16:30:00,13462,24546.775995056025
2014-07-16 17:00:00,16363,22907.407587143429
2014-07-16 17:30:00,19310,19947.949134413
2014-07-16 18:00:00,22346,19881.744312853734
2014-07-16 18:30:00,24408,20279.76207007455
2014-07-16 19:00:00,26225,21408.853109403772
2014-07-16 19:30:00,25423,22671.880150671961
2014-07-16 20:00:00,23811,21544.562184160921
2014-07-16 20:30:00,22028,19083.639000038856
2014-07-16 21:00:00,24290,12766.010837532069
2014-07-16 21:30:00,24835,10347.874619351733
2014-07-16 22:00:00,24269,8268.0573546514424
2014-07-16 22:30:00,23526,9147.4841317553692
2014-07-16 23:00:00,21968,9998.3170669051651
2014-07-16 23:30:00,20137,9328.0951143554885
2014-07-17 00:00:00,16928,7587.9666479466387
2014-07-17 00:30:00,12753,8855.623523012473
2014-07-17 01:00:00,10087,6608.662650223243
2014-07-17 01:30:00,7881,4527.1355656852484
2014-07-17 02:00:00,6006,2716.5227407868624
2014-07-17 02:30:00,4382,6443.8405187443841
2014-07-17 03:00:00,3676,9434.5919288142104
2014-07-17 03:30:00,3214,8344.4379374912387
2014-07-17 04:00:00,3205,7646.760065949521
2014-07-17 04:30:00,2849,12365.136592473722
2014-07-17 05:00:00,2887,14641.686212382934
2014-07-17 05:30:00,5039,15399.549049390478
2014-07-17 06:00:00,7132,16030.139589584878
2014-07-17 06:30:00,12095,16749.407711088552
2014-07-17 07:00:00,14558,17629.265317879279
2014-07-17 07:30:00,17298,17419.002132471876
2014-07-17 08:00:00,19124,18444.350130019426
2014-07-17 08:30:00,20407,18784.006575763055
2014-07-17 09:00:00,19379,19594.053764122589
2014-07-17 09:30:00,18867,18888.988459120323
2014-07-17 10:00:00,17662,18590.978347507255
2014-07-17 10:30:00,17447,16717.216277977637
2014-07-17 11:00:00,16579,15312.252076965404
2014-07-17 11:30:00,18340,15079.249834725859
2014-07-17 12:00:00,18760,15436.712507568767
2014-07-17 12:30:00,18457,14238.369366809686
2014-07-17 13:00:00,17608,14771.473296462655
2014-07-17 13:30:00,18913,14543.910879764258
2014-07-17 14:00:00,19122,14834.459215804653
2014-07-17 14:30:00,19547,15015.564872747493
2014-07-17 15:00:00,17267,16203.005936796091
2014-07-17 15:30:00,15916,18249.441801963385
2014-07-17 16:00:00,13836,20757.28338074137
2014-07-17 16:30:00,11985,24130.565601732738
2014-07-17 17:00:00,14313,23324.099282541218
2014-07-17 17:30:00,17988,21404.673350200028
2014-07-17 18:00:00,21181,20705.166599113792
2014-07-17 18:30:00,23539,21252.32690194056
2014-07-17 19:00:00,24714,22376.982666023963
2014-07-17 19:30:00,25079,23389.667295176081
2014-07-17 20:00:00,23032,23630.633276098306
2014-07-17 20:30:00,21168,22577.231763925938
2014-07-17 21:00:00,25514,18447.501815660271
2014-07-17 21:30:00,26286,13466.367132981615
2014-07-17 22:00:00,25650,9835.239627869425
2014-07-17 22:30:00,24850,11250.444417772145
2014-07-17 23:00:00,23869,11579.842930470561
2014-07-17 23:30:00,22913,11078.116364193098
2014-07-18 00:00:00,20850,8682.28346029559
2014-07-18 00:30:00,16734,8501.4615134764281
2014-07-18 01:00:00,14106,9174.5560359662886
2014-07-18 01:30:00,11587,6905.8924539924765
2014-07-18 02:00:00,8951,4304.3411071725241
2014-07-18 02:30:00,7199,4994.007908800284
2014-07-18 03:00:00,6051,6226.0665021457389
2014-07-18 03:30:00,4693,6255.1935440960187
2014-07-18 04:00:00,4507,6550.9175139505242
2014-07-18 04:30:00,3791,9139.8582967031052
2014-07-18 05:00:00,3586,12825.784365179166
2014-07-18 05:30:00,4918,16861.842382461055
2014-07-18 06:00:00,7039,18481.932650341801
2014-07-18 06:30:00,11262,18707.041570831308
2014-07-18 07:00:00,13725,18731.980152299744
2014-07-18 07:30:00,15899,18196.201122568174
2014-07-18 08:00:00,17329,17630.128073565029
2014-07-18 08:30:00,19757,17896.042757390667
2014-07-18 09:00:00,19341,19837.282230896857
2014-07-18 09:30:00,17660,20349.367205029674
2014-07-18 10:00:00,16532,20013.033120243213
2014-07-18 10:30:00,16354,18603.930175731333
2014-07-18 11:00:00,16054,18751.065369660984
2014-07-18 11:30:00,17326,16819.012036061453
2014-07-18 12:00:00,17463,17363.486843571351
2014-07-18 12:30:00,17091,14948.557025693384
2014-07-18 13:00:00,16668,15252.610457389077
2014-07-18 13:30:00,17096,16500.210258398161
2014-07-18 14:00:00,17811,17400.346855367694
2014-07-18 14:30:00,17980,16998.820220104652
2014-07-18 15:00:00,17080,16775.097388319522
2014-07-18 15:30:00,15185,18095.648942111413
2014-07-18 16:00:00,13538,20457.090478387894
2014-07-18 16:30:00,12704,22728.093993790288
2014-07-18 17:00:00,15019,24231.193317687397
2014-07-18 17:30:00,18778,22723.953002206763
2014-07-18 18:00:00,21583,21753.563478782577
2014-07-18 18:30:00,23834,22345.264923493443
2014-07-18 19:00:00,25123,23168.173301464896
2014-07-18 19:30:00,24762,24010.287744100766
2014-07-18 20:00:00,22761,24860.550371152189
2014-07-18 20:30:00,22227,25157.717400440022
2014-07-18 21:00:00,23985,22509.423598946265
2014-07-18 21:30:00,23788,17202.616131967319
2014-07-18 22:00:00,23855,13261.158063209261
2014-07-18 22:30:00,26040,12065.760376491264
2014-07-18 23:00:00,25863,12588.407904121681
2014-07-18 23:30:00,25851,12387.3208390652
2014-07-19 00:00:00,26100,12088.198482674488
2014-07-19 00:30:00,24625,11128.169449768582
2014-07-19 01:00:00,22657,10939.295281438976
2014-07-19 01:30:00,20289,10673.685603448215
2014-07-19 02:00:00,18524,8315.4080836925586
2014-07-19 02:30:00,15943,7098.1937424942407
2014-07-19 03:00:00,13179,6828.6632212814984
2014-07-19 03:30:00,12423,6133.9591037820446
2014-07-19 04:00:00,10478,6592.8538280431094
2014-07-19 04:30:00,6556,7924.1295558144548
2014-07-19 05:00:00,4561,7416.5099936068145
2014-07-19 05:30:00,3513,13799.989569376148
2014-07-19 06:00:00,3607,15175.698778834323
2014-07-19 06:30:00,4781,17276.4621718708
2014-07-19 07:00:00,5423,18097.489252941497
2014-07-19 07:30:00,6669,16478.186798014041
2014-07-19 08:00:00,7064,15134.41765439661
2014-07-19 08:30:00,9363,14403.594900300039
2014-07-19 09:00:00,10874,15805.865417610388
2014-07-19 09:30:00,13255,18085.965369169848
2014-07-19 10:00:00,13164,20404.373042880939
2014-07-19 10:30:00,15159,20091.723667568571
2014-07-19 11:00:00,16030,18032.932359495393
2014-07-19 11:30:00,18256,16618.383284011572
2014-07-19 12:00:00,17751,16606.488812262498
2014-07-19 12:30:00,17675,15783.306564624318
2014-07-19 13:00:00,18557,15574.951239957612
2014-07-19 13:30:00,18389,17118.156300695617
2014-07-19 14:00:00,17538,17218.08974802943
2014-07-19 14:30:00,17506,17285.78066563102
2014-07-19 15:00:00,17580,18870.378435667335
2014-07-19 15:30:00,18027,18957.482636151122
2014-07-19 16:00:00,16959,19014.000008783252
2014-07-19 16:30:00,17066,19761.23491548845
2014-07-19 17:00:00,18155,21914.325964053336
2014-07-19 17:30:00,20610,22713.164132768248
2014-07-19 18:00:00,20793,23187.520837036169
2014-07-19 18:30:00,21584,21810.729925281543
2014-07-19 19:00:00,23493,22886.046114722805
2014-07-19 19:30:00,22555,24893.431443195142
2014-07-19 20:00:00,20183,26586.807873737089
2014-07-19 20:30:00,20441,27563.099387216607
2014-07-19 21:00:00,21555,25718.057394642739
2014-07-19 21:30:00,22406,24918.569064582844
2014-07-19 22:00:00,22512,23010.833054429953
2014-07-19 22:30:00,24667,19704.169361000768
2014-07-19 23:00:00,25424,17666.226559932362
2014-07-19 23:30:00,25852,16660.22513840811
2014-07-20 00:00:00,25137,14537.984359812388
2014-07-20 00:30:00,24099,13850.355489704083
2014-07-20 01:00:00,23058,15349.777683609194
2014-07-20 01:30:00,20786,11691.455959029547
2014-07-20 02:00:00,19217,9091.5448444796384
2014-07-20 02:30:00,16329,8780.747745538496
2014-07-20 03:00:00,14293,7033.1334990459927
2014-07-20 03:30:00,13193,5403.4941481107799
2014-07-20 04:00:00,11166,3957.472651913693
2014-07-20 04:30:00,7518,4981.3835948508913
2014-07-20 05:00:00,4877,5079.408752364614
2014-07-20 05:30:00,3639,5103.7655179133944
2014-07-20 06:00:00,3412,7500.9232408837324
2014-07-20 06:30:00,3827,13013.942075453197
2014-07-20 07:00:00,3922,15281.440266980095
2014-07-20 07:30:00,5241,14368.375279770269
2014-07-20 08:00:00,5601,14368.95963212684
2014-07-20 08:30:00,7147,14603.046383869842
2014-07-20 09:00:00,8425,15334.130745842438
2014-07-20 09:30:00,10951,16934.73279087893
2014-07-20 10:00:00,11800,18603.872397617313
2014-07-20 10:30:00,13936,19769.798277823458
2014-07-20 11:00:00,14835,19984.516082324641
2014-07-20 11:30:00,16412,20215.827519058614
2014-07-20 12:00:00,16763,19543.362112578165
2014-07-20 12:30:00,17613,15258.22944986827
2014-07-20 13:00:00,17439,16689.721872072631
2014-07-20 13:30:00,17921,18591.372586298283
2014-07-20 14:00:00,18605,18398.458431056155
2014-07-20 14:30:00,18113,18375.675461617568
2014-07-20 15:00:00,17579,19835.233666293047
2014-07-20 15:30:00,16927,21573.183142080223
2014-07-20 16:00:00,16526,21835.333872885778
2014-07-20 16:30:00,16956,21426.368064726572
2014-07-20 17:00:00,17381,19738.83525503999
2014-07-20 17:30:00,19232,18743.569324876746
2014-07-20 18:00:00,19127,19993.0973545866
2014-07-20 18:30:00,19404,19944.975864746546
2014-07-20 19:00:00,18812,21555.58600817767
2014-07-20 19:30:00,18253,20740.19193528426
2014-07-20 20:00:00,16497,21146.146250829515
2014-07-20 20:30:00,16681,20266.656676031984
2014-07-20 21:00:00,17334,19436.849898087577
2014-07-20 21:30:00,17674,18240.109305674021
2014-07-20 22:00:00,16469,19141.364404520671
2014-07-20 22:30:00,15128,18807.746309379363
2014-07-20 23:00:00,13973,15668.045363964502
2014-07-20 23:30:00,12040,14836.930538305194
2014-07-21 00:00:00,9494,17565.39701231899
2014-07-21 00:30:00,6963,13752.007409728842
2014-07-21 01:00:00,5611,10105.468358968517
2014-07-21 01:30:00,4140,8705.0455478215281
2014-07-21 02:00:00,3370,6484.8098246829795
2014-07-21 02:30:00,2625,4737.1687299337227
2014-07-21 03:00:00,2093,3987.1970817984675
2014-07-21 03:30:00,1854,3136.3111876338444
2014-07-21 04:00:00,2482,4004.2962880717605
2014-07-21 04:30:00,2529,7929.7478948615071
2014-07-21 05:00:00,2968,7994.2346391333513
2014-07-21 05:30:00,4540,11585.956165102358
2014-07-21 06:00:00,6868,15310.064822421908
2014-07-21 06:30:00,10765,15142.356490851069
2014-07-21 07:00:00,13095,12732.680320386566
2014-07-21 07:30:00,15651,12270.329925481092
2014-07-21 08:00:00,17427,15499.469950929151
2014-07-21 08:30:00,18637,17533.202801596079
2014-07-21 09:00:00,18614,20632.542301420723
2014-07-21 09:30:00,17187,16772.349787318184
2014-07-21 10:00:00,15281,17343.083982120545
2014-07-21 10:30:00,15505,14624.580959124412
2014-07-21 11:00:00,15168,17452.150996350178
2014-07-21 11:30:00,15813,16074.378524479889
2014-07-21 12:00:00,15979,18590.118263034386
2014-07-21 12:30:00,16314,20141.691924517138
2014-07-21 13:00:00,16002,19528.405857681406
2014-07-21 13:30:00,16845,18283.921397481012
2014-07-21 14:00:00,17009,17994.715614299061
2014-07-21 14:30:00,17302,16288.538803983072
2014-07-21 15:00:00,16649,17430.351399743879
2014-07-21 15:30:00,16857,19059.977829109295
2014-07-21 16:00:00,15733,19400.315963554927
2014-07-21 16:30:00,15537,21010.149479045525
2014-07-21 17:00:00,17362,21494.729583822358
2014-07-21 17:30:00,19639,23990.830896671181
2014-07-21 18:00:00,22891,22047.579277984019
2014-07-21 18:30:00,22920,21826.960585950987
2014-07-21 19:00:00,22941,20362.191871918618
2014-07-21 19:30:00,21849,18684.140953519422
2014-07-21 20:00:00,20483,18567.790264343224
2014-07-21 20:30:00,18868,16478.549642998394
2014-07-21 21:00:00,20235,14755.502304366455
2014-07-21 21:30:00,20658,13351.098299431858
2014-07-21 22:00:00,20751,13299.887810171802
2014-07-21 22:30:00,18642,12419.323908873523
2014-07-21 23:00:00,16106,10574.105120765738
2014-07-21 23:30:00,13303,9492.9934269627665
2014-07-22 00:00:00,10611,8034.8076703809475
2014-07-22 00:30:00,8009,3233.9884875815278
2014-07-22 01:00:00,6210,718.1156735018667
2014-07-22 01:30:00,4830,323.34443649798413
2014-07-22 02:00:00,3753,861.65204013867879
2014-07-22 02:30:00,2962,2948.5710600889761
2014-07-22 03:00:00,2379,5712.1895547467084
2014-07-22 03:30:00,2114,7820.8053906247915
2014-07-22 04:00:00,2232,10231.746879714898
2014-07-22 04:30:00,2090,15054.505769931737
2014-07-22 05:00:00,2532,15490.443232087566
2014-07-22 05:30:00,4492,14696.89554249689
2014-07-22 06:00:00,6830,13898.654696014846
2014-07-22 06:30:00,11269,11283.002537250279
2014-07-22 07:00:00,13635,11256.22931639638
2014-07-22 07:30:00,16356,13198.248408769916
2014-07-22 08:00:00,18449,15379.203982265681
2014-07-22 08:30:00,20054,15849.192774286916
2014-07-22 09:00:00,19462,18672.735354335018
2014-07-22 09:30:00,19016,19244.00789855792
2014-07-22 10:00:00,17349,21100.343784426266
2014-07-22 10:30:00,17684,19566.686344791866
2014-07-22 11:00:00,17412,19410.314765047653
2014-07-22 11:30:00,17854,19306.331792867713
2014-07-22 12:00:00,18649,17066.689620203459
2014-07-22 12:30:00,19970,13534.374302050202
2014-07-22 13:00:00,19168,15318.404105084555
2014-07-22 13:30:00,19270,18742.712985608116
2014-07-22 14:00:00,19463,21002.979209488109
2014-07-22 14:30:00,18999,18960.372539132415
2014-07-22 15:00:00,17998,18020.615758458654
2014-07-22 15:30:00,17209,16741.510999071103
2014-07-22 16:00:00,15581,18996.057927261609
2014-07-22 16:30:00,14846,20060.723185360581
2014-07-22 17:00:00,17832,18711.049962315927
2014-07-22 17:30:00,21545,19477.903720851486
2014-07-22 18:00:00,24769,19655.523659924402
2014-07-22 18:30:00,25573,20836.557739368152
2014-07-22 19:00:00,26243,22060.547007402427
2014-07-22 19:30:00,25057,22815.187284564614
2014-07-22 20:00:00,23381,18437.291246807552
2014-07-22 20:30:00,22148,14557.797218523123
2014-07-22 21:00:00,24590,8134.1442854901015
2014-07-22 21:30:00,24168,5834.8156785954034
2014-07-22 22:00:00,23364,5793.4264220030509
2014-07-22 22:30:00,23272,8228.7936459253833
2014-07-22 23:00:00,19939,8640.6493641929319
2014-07-22 23:30:00,17316,8656.161255941206
2014-07-23 00:00:00,13369,7323.0257385225414
2014-07-23 00:30:00,10390,6860.7397427608212
2014-07-23 01:00:00,7994,3983.1942194347157
2014-07-23 01:30:00,5889,2221.0626203010634
2014-07-23 02:00:00,4711,1492.022390122529
2014-07-23 02:30:00,3757,4160.3915488865805
2014-07-23 03:00:00,3066,6412.4278331897804
2014-07-23 03:30:00,2647,8189.6129665927283
2014-07-23 04:00:00,2645,8661.5378760065068
2014-07-23 04:30:00,2411,12263.572273551086
2014-07-23 05:00:00,2600,12752.102148730883
2014-07-23 05:30:00,4483,14577.193793474864
2014-07-23 06:00:00,6956,15963.387677523999
2014-07-23 06:30:00,11788,14583.87542160779
2014-07-23 07:00:00,14098,14601.283906520874
2014-07-23 07:30:00,17141,15571.273367927603
2014-07-23 08:00:00,19124,18465.064847307349
2014-07-23 08:30:00,20604,19610.013900438022
2014-07-23 09:00:00,20114,17382.043043423972
2014-07-23 09:30:00,19641,17691.632049611628
2014-07-23 10:00:00,18423,18910.015008828414
2014-07-23 10:30:00,18480,20711.985215557295
2014-07-23 11:00:00,18318,21231.430377436154
2014-07-23 11:30:00,19378,18883.259713409356
2014-07-23 12:00:00,19585,16761.15303156228
2014-07-23 12:30:00,19614,12398.688541127651
2014-07-23 13:00:00,19295,15123.5438649597
2014-07-23 13:30:00,19850,16094.495247279383
2014-07-23 14:00:00,20120,18793.367112208885
2014-07-23 14:30:00,19621,18448.154612921717
2014-07-23 15:00:00,18809,17156.824359252572
2014-07-23 15:30:00,17731,17384.081598133675
2014-07-23 16:00:00,15483,20350.455103265656
2014-07-23 16:30:00,15112,23085.422805361024
2014-07-23 17:00:00,18183,22684.476584644439
2014-07-23 17:30:00,21187,21467.497651209811
2014-07-23 18:00:00,24034,20610.908651930091
2014-07-23 18:30:00,25411,22092.006300822126
2014-07-23 19:00:00,26528,23669.818554546866
2014-07-23 19:30:00,26022,24351.409952463342
2014-07-23 20:00:00,23253,22576.855672965456
2014-07-23 20:30:00,25665,19648.742817747861
2014-07-23 21:00:00,26600,12257.367244274121
2014-07-23 21:30:00,24757,8543.8981530837227
2014-07-23 22:00:00,24337,7747.4486052291722
2014-07-23 22:30:00,24294,9801.3754939440823
2014-07-23 23:00:00,22087,10382.556183360308
2014-07-23 23:30:00,19064,9252.1719953673637
2014-07-24 00:00:00,15542,7644.7465967091057
2014-07-24 00:30:00,12026,8451.9028417801401
2014-07-24 01:00:00,8678,8369.5935310461427
2014-07-24 01:30:00,7042,3481.4311441157442
2014-07-24 02:00:00,5355,1541.2678683062404
2014-07-24 02:30:00,4129,4893.7472357635379
2014-07-24 03:00:00,3109,7602.6131879051991
2014-07-24 03:30:00,2534,7594.1529588099165
2014-07-24 04:00:00,2788,8707.3322233217496
2014-07-24 04:30:00,2507,13358.766754638369
2014-07-24 05:00:00,2671,15036.776393572811
2014-07-24 05:30:00,4445,17801.191773850715
2014-07-24 06:00:00,7163,18646.224154459083
2014-07-24 06:30:00,11942,18366.957311439197
2014-07-24 07:00:00,14544,18277.58376946289
2014-07-24 07:30:00,17435,18449.222074451172
2014-07-24 08:00:00,19254,20119.280988509796
2014-07-24 08:30:00,20518,20740.646405945092
2014-07-24 09:00:00,20003,20428.777863193704
2014-07-24 09:30:00,19642,19922.928205885059
2014-07-24 10:00:00,17626,18419.325623997047
2014-07-24 10:30:00,18194,19449.597033853443
2014-07-24 11:00:00,16975,21428.322602356355
2014-07-24 11:30:00,18125,19054.221254925695
2014-07-24 12:00:00,18555,18482.730733295517
2014-07-24 12:30:00,18356,15188.629071174964
2014-07-24 13:00:00,17683,16594.075846959156
2014-07-24 13:30:00,18298,17431.110574381571
2014-07-24 14:00:00,18613,16918.880825640506
2014-07-24 14:30:00,18548,17562.398302055346
2014-07-24 15:00:00,17742,16963.820265518669
2014-07-24 15:30:00,16312,17493.136245719339
2014-07-24 16:00:00,14782,19798.823323664088
2014-07-24 16:30:00,13614,24630.067718810376
2014-07-24 17:00:00,16220,23907.995987322458
2014-07-24 17:30:00,18901,22387.886074456943
2014-07-24 18:00:00,21794,21822.842117939032
2014-07-24 18:30:00,23933,22617.198334435259
2014-07-24 19:00:00,25474,22007.054012088476
2014-07-24 19:30:00,24985,22453.782028478749
2014-07-24 20:00:00,22877,21446.653351847359
2014-07-24 20:30:00,22518,20802.113784377463
2014-07-24 21:00:00,25246,16411.005375905708
2014-07-24 21:30:00,25871,13614.626568791899
2014-07-24 22:00:00,25324,9926.7811067638831
2014-07-24 22:30:00,25738,10782.316541775319
2014-07-24 23:00:00,24763,13180.246371254956
2014-07-24 23:30:00,23158,12336.240757399144
2014-07-25 00:00:00,20525,9216.9047587599052
2014-07-25 00:30:00,17608,7364.8671554949824
2014-07-25 01:00:00,14436,8382.6986645601919
2014-07-25 01:30:00,11145,6090.4804775981211
2014-07-25 02:00:00,8915,3046.870044633577
2014-07-25 02:30:00,7244,4790.471206188724
2014-07-25 03:00:00,5856,5999.6350658116462
2014-07-25 03:30:00,4953,6944.5902929325366
2014-07-25 04:00:00,4546,8287.1690365486193
2014-07-25 04:30:00,3589,11614.390065789028
2014-07-25 05:00:00,3516,14347.847272556008
2014-07-25 05:30:00,5087,17460.614024177918
2014-07-25 06:00:00,7102,19066.538289207281
2014-07-25 06:30:00,10887,20380.653277571735
2014-07-25 07:00:00,12988,18376.149435468855
2014-07-25 07:30:00,15831,17828.188900049416
2014-07-25 08:00:00,17326,17578.456089347357
2014-07-25 08:30:00,19179,17967.640622247563
2014-07-25 09:00:00,18805,19775.742490099427
2014-07-25 09:30:00,17730,19213.35904346019
2014-07-25 10:00:00,16439,18182.726423836964
2014-07-25 10:30:00,16401,17692.373710107244
2014-07-25 11:00:00,16240,19032.080244334287
2014-07-25 11:30:00,17487,18269.29022307277
2014-07-25 12:00:00,17622,15299.087117682842
2014-07-25 12:30:00,17313,14698.356296277232
2014-07-25 13:00:00,16647,17008.762171977931
2014-07-25 13:30:00,16627,17323.200026855709
2014-07-25 14:00:00,17646,17370.602975305996
2014-07-25 14:30:00,17694,16948.337756092726
2014-07-25 15:00:00,17661,15994.27772131171
2014-07-25 15:30:00,15842,17377.758355188787
2014-07-25 16:00:00,14950,19079.266682541642
2014-07-25 16:30:00,13473,22587.440226316899
2014-07-25 17:00:00,16633,24672.620665591967
2014-07-25 17:30:00,19501,23623.843580571658
2014-07-25 18:00:00,22009,22366.932326016115
2014-07-25 18:30:00,23891,22404.87096179057
2014-07-25 19:00:00,25196,23148.480104430517
2014-07-25 19:30:00,24427,23591.462330988979
2014-07-25 20:00:00,22357,25029.301102611091
2014-07-25 20:30:00,22460,25065.366548983937
2014-07-25 21:00:00,24066,23585.979126879283
2014-07-25 21:30:00,23690,19081.70234634485
2014-07-25 22:00:00,24491,14922.827466008439
2014-07-25 22:30:00,25737,12263.712440572035
2014-07-25 23:00:00,26688,13118.359759436837
2014-07-25 23:30:00,26230,13762.647356448308
2014-07-26 00:00:00,26300,11529.799532380628
2014-07-26 00:30:00,24337,9582.4893498092333
2014-07-26 01:00:00,23124,10997.339554488019
2014-07-26 01:30:00,20675,9667.2205498883777
2014-07-26 02:00:00,18663,8320.3092687214412
2014-07-26 02:30:00,15997,6681.737325958642
2014-07-26 03:00:00,13405,5161.2181876949126
2014-07-26 03:30:00,11921,4965.5990077209954
2014-07-26 04:00:00,10203,5973.1041613119032
2014-07-26 04:30:00,6543,7192.6947934208511
2014-07-26 05:00:00,4719,7061.8501707517444
2014-07-26 05:30:00,3853,12369.492899218963
2014-07-26 06:00:00,4116,13554.082071336754
2014-07-26 06:30:00,5274,18110.901777266201
2014-07-26 07:00:00,5331,17973.854815289029
2014-07-26 07:30:00,6830,15985.733739971509
2014-07-26 08:00:00,7303,14895.96019858917
2014-07-26 08:30:00,9704,14831.252985843999
2014-07-26 09:00:00,11209,15718.76421250911
2014-07-26 09:30:00,13874,17833.855247030082
2014-07-26 10:00:00,14548,21444.285653342184
2014-07-26 10:30:00,16204,19967.73637925251
2014-07-26 11:00:00,16938,19282.105984952683
2014-07-26 11:30:00,18696,17598.11137172905
2014-07-26 12:00:00,17585,16518.318017358866
2014-07-26 12:30:00,18538,15868.323376471017
2014-07-26 13:00:00,18206,16407.021243550327
2014-07-26 13:30:00,17532,16984.000831845849
2014-07-26 14:00:00,17657,16701.119697228587
2014-07-26 14:30:00,17943,17261.262226564791
2014-07-26 15:00:00,17698,18887.720850429923
2014-07-26 15:30:00,18074,18428.494168329344
2014-07-26 16:00:00,16920,17173.77287172688
2014-07-26 16:30:00,18262,17984.690231052777
2014-07-26 17:00:00,19013,20701.292665475674
2014-07-26 17:30:00,19902,24064.200466779355
2014-07-26 18:00:00,20449,24357.763233354304
2014-07-26 18:30:00,22190,22583.577296630938
2014-07-26 19:00:00,23099,22200.028345429124
2014-07-26 19:30:00,22128,25245.987056896196
2014-07-26 20:00:00,20110,26116.237223758944
2014-07-26 20:30:00,20261,27244.975199661101
2014-07-26 21:00:00,22299,25621.720286626613
2014-07-26 21:30:00,21886,24781.832310213671
2014-07-26 22:00:00,22600,23567.581984443659
2014-07-26 22:30:00,24667,20577.745524620557
2014-07-26 23:00:00,25662,18363.034701959841
2014-07-26 23:30:00,25832,18036.261666020204
2014-07-27 00:00:00,25659,15354.723687676682
2014-07-27 00:30:00,24748,13607.916289567183
2014-07-27 01:00:00,22552,14876.202630839154
2014-07-27 01:30:00,20712,10681.612287449134
2014-07-27 02:00:00,19122,7635.0210802364081
2014-07-27 02:30:00,16777,8418.801542776102
2014-07-27 03:00:00,14475,7249.6456591031711
2014-07-27 03:30:00,12720,5144.5018800942671
2014-07-27 04:00:00,11239,3717.6344595517985
2014-07-27 04:30:00,7087,4923.0508855314292
2014-07-27 05:00:00,4896,4076.6573743656863
2014-07-27 05:30:00,3818,4974.7691929123521
2014-07-27 06:00:00,3449,6790.0501400599023
2014-07-27 06:30:00,3883,14658.564594253105
2014-07-27 07:00:00,3810,16791.62209989344
2014-07-27 07:30:00,5059,14739.164872719884
2014-07-27 08:00:00,5476,15182.887503994178
2014-07-27 08:30:00,7083,14712.026294223428
2014-07-27 09:00:00,8153,15527.803122946652
2014-07-27 09:30:00,10647,17455.614760839002
2014-07-27 10:00:00,11873,18583.570723030822
2014-07-27 10:30:00,14193,19776.052221924576
2014-07-27 11:00:00,14938,20614.856124727456
2014-07-27 11:30:00,16488,20917.234548070144
2014-07-27 12:00:00,16996,19715.395088876499
2014-07-27 12:30:00,17381,16522.594167279116
2014-07-27 13:00:00,18173,17783.241979745377
2014-07-27 13:30:00,17651,20435.199806831566
2014-07-27 14:00:00,18698,18710.815842181557
2014-07-27 14:30:00,18260,17749.764327443685
2014-07-27 15:00:00,18181,20454.471609531869
2014-07-27 15:30:00,17413,21731.105387042677
2014-07-27 16:00:00,17230,21844.01362835299
2014-07-27 16:30:00,18275,20866.200732918838
2014-07-27 17:00:00,18883,18922.623230672223
2014-07-27 17:30:00,19851,18606.822546335399
2014-07-27 18:00:00,19673,20983.385492362759
2014-07-27 18:30:00,20508,20741.896343847526
2014-07-27 19:00:00,19557,22056.110323015673
2014-07-27 19:30:00,18268,20545.719120996084
2014-07-27 20:00:00,16615,20938.619965289112
2014-07-27 20:30:00,16969,19589.519897278435
2014-07-27 21:00:00,18252,19185.609279364173
2014-07-27 21:30:00,16920,19006.090799368641
2014-07-27 22:00:00,16356,19986.68546790921
2014-07-27 22:30:00,15567,19030.738475766804
2014-07-27 23:00:00,14278,15168.262886359114
2014-07-27 23:30:00,12786,14639.050314638145
2014-07-28 00:00:00,10323,17154.66429038877
2014-07-28 00:30:00,7645,13075.133512189945
2014-07-28 01:00:00,6791,7975.638916157407
2014-07-28 01:30:00,5394,7955.9429025726586
2014-07-28 02:00:00,3694,6141.8771212103347
2014-07-28 02:30:00,2713,5468.1394504926757
2014-07-28 03:00:00,2376,4233.7084090511398
2014-07-28 03:30:00,2146,3207.6433503549797
2014-07-28 04:00:00,2250,3640.1076100711216
2014-07-28 04:30:00,2370,6958.5856364231313
2014-07-28 05:00:00,2906,7915.6026402282278
2014-07-28 05:30:00,4477,10674.564898632316
2014-07-28 06:00:00,6446,15185.28080832759
2014-07-28 06:30:00,9332,13567.055785544866
2014-07-28 07:00:00,10577,11801.76112355449
2014-07-28 07:30:00,11765,11096.024835036485
2014-07-28 08:00:00,13452,13986.371200143909
2014-07-28 08:30:00,14290,16888.603690510037
2014-07-28 09:00:00,15239,19112.683533930052
2014-07-28 09:30:00,14926,14795.790013159696
2014-07-28 10:00:00,14475,15737.864501648521
2014-07-28 10:30:00,14435,15527.80495202879
2014-07-28 11:00:00,14103,17710.989335795093
2014-07-28 11:30:00,15124,18078.26256142692
2014-07-28 12:00:00,15376,19593.048837965973
2014-07-28 12:30:00,15758,20237.061760428071
2014-07-28 13:00:00,14653,20354.321685181465
2014-07-28 13:30:00,15786,18614.849114245982
2014-07-28 14:00:00,15554,16993.579022445847
2014-07-28 14:30:00,16332,15756.970055953963
2014-07-28 15:00:00,15602,20009.421196600786
2014-07-28 15:30:00,14931,19867.236481842465
2014-07-28 16:00:00,13817,18269.055677492564
2014-07-28 16:30:00,13611,21366.174434882378
2014-07-28 17:00:00,14678,21174.457181942402
2014-07-28 17:30:00,16669,22678.763602476854
2014-07-28 18:00:00,18171,21600.41683112218
2014-07-28 18:30:00,20033,20886.386795732113
2014-07-28 19:00:00,20467,21031.320614611006
2014-07-28 19:30:00,20263,18437.487499920298
2014-07-28 20:00:00,18901,17586.489135659827
2014-07-28 20:30:00,18249,15576.349858033071
2014-07-28 21:00:00,18421,14801.000962222086
2014-07-28 21:30:00,17932,12784.829044554674
2014-07-28 22:00:00,17568,12646.51627075328
2014-07-28 22:30:00,16656,11399.729348626119
2014-07-28 23:00:00,15574,10496.457025669446
2014-07-28 23:30:00,13310,10839.484932846037
2014-07-29 00:00:00,10468,10070.121752952178
2014-07-29 00:30:00,7932,7740.4314390234731
2014-07-29 01:00:00,6080,3357.5025672940192
2014-07-29 01:30:00,4735,-167.35527786296188
2014-07-29 02:00:00,3834,30.50435717619257
2014-07-29 02:30:00,2746,1662.2646369921167
2014-07-29 03:00:00,2244,3846.4481100959947
2014-07-29 03:30:00,1940,4518.983258495964
2014-07-29 04:00:00,2066,7845.5927590435267
2014-07-29 04:30:00,2046,11753.06921856452
2014-07-29 05:00:00,2295,12389.067718725051
2014-07-29 05:30:00,4533,12906.701649682434
2014-07-29 06:00:00,6655,14289.862519491504
2014-07-29 06:30:00,11415,13651.01100550417
2014-07-29 07:00:00,13863,11968.99659702053
2014-07-29 07:30:00,15517,14755.631348164168
2014-07-29 08:00:00,17106,16384.537644305332
2014-07-29 08:30:00,18521,16671.963324765249
2014-07-29 09:00:00,18016,17119.046819143456
2014-07-29 09:30:00,17448,17482.829719352365
2014-07-29 10:00:00,16131,18258.192504641283
2014-07-29 10:30:00,16534,17630.341319939987
2014-07-29 11:00:00,15744,17512.121633479637
2014-07-29 11:30:00,17039,17028.08629735959
2014-07-29 12:00:00,17357,17360.307521421088
2014-07-29 12:30:00,16841,15459.742963534081
2014-07-29 13:00:00,16797,14084.909515719126
2014-07-29 13:30:00,17226,16167.592183401777
2014-07-29 14:00:00,17550,17504.94955364319
2014-07-29 14:30:00,17336,17358.689734307027
2014-07-29 15:00:00,17343,18290.791788234132
2014-07-29 15:30:00,16601,16615.137889404741
2014-07-29 16:00:00,15090,18485.111551852693
2014-07-29 16:30:00,14130,18398.177530284083
2014-07-29 17:00:00,16356,20658.232575617709
2014-07-29 17:30:00,19357,21570.98095625428
2014-07-29 18:00:00,22313,21158.026624276907
2014-07-29 18:30:00,23636,21851.897160951972
2014-07-29 19:00:00,24822,22065.588463900291
2014-07-29 19:30:00,24550,19149.520039821302
2014-07-29 20:00:00,22761,16363.592902017723
2014-07-29 20:30:00,23119,14815.638154276776
2014-07-29 21:00:00,23658,10485.797880634182
2014-07-29 21:30:00,23853,6606.8991271964933
2014-07-29 22:00:00,22995,3404.8682435894061
2014-07-29 22:30:00,21708,5542.4502520127862
2014-07-29 23:00:00,20231,8018.8800335399219
2014-07-29 23:30:00,17264,8028.4917391186709
2014-07-30 00:00:00,13549,7119.0222867787406
2014-07-30 00:30:00,10142,6977.2244968674513
2014-07-30 01:00:00,7783,4848.9623654944608
2014-07-30 01:30:00,6011,1737.654166763692
2014-07-30 02:00:00,4935,714.01254152214824
2014-07-30 02:30:00,3668,1710.1700668532158
2014-07-30 03:00:00,3092,4035.6631468319938
2014-07-30 03:30:00,2577,5363.7363026022194
2014-07-30 04:00:00,2772,9334.8374999884854
2014-07-30 04:30:00,2637,12348.22314853866
2014-07-30 05:00:00,2605,12411.883863463298
2014-07-30 05:30:00,4449,13030.199840605139
2014-07-30 06:00:00,6912,13535.456797254652
2014-07-30 06:30:00,11909,13346.832934692466
2014-07-30 07:00:00,14184,11218.853275738287
2014-07-30 07:30:00,17246,12979.805604392666
2014-07-30 08:00:00,18393,16592.849310020745
2014-07-30 08:30:00,19797,18756.086425923902
2014-07-30 09:00:00,19101,18078.534543277499
2014-07-30 09:30:00,18889,16106.913199552726
2014-07-30 10:00:00,16897,17386.788769036491
2014-07-30 10:30:00,16922,17307.437089183386
2014-07-30 11:00:00,16218,16970.581580896571
2014-07-30 11:30:00,17511,17279.381587961601
2014-07-30 12:00:00,17941,15787.847028368509
2014-07-30 12:30:00,17203,12893.025773861147
2014-07-30 13:00:00,16879,15404.081942263772
2014-07-30 13:30:00,17733,16751.352616786455
2014-07-30 14:00:00,17587,19317.092233753639
2014-07-30 14:30:00,17564,18751.919938103892
2014-07-30 15:00:00,17003,18343.594000272264
2014-07-30 15:30:00,15725,16879.578393937649
2014-07-30 16:00:00,13832,18366.953540600683
2014-07-30 16:30:00,12826,21080.328834952805
2014-07-30 17:00:00,15603,22230.805552165984
2014-07-30 17:30:00,18935,23489.204488371088
2014-07-30 18:00:00,21175,21899.307000658107
2014-07-30 18:30:00,22980,22526.387736783181
2014-07-30 19:00:00,24644,25031.47078496121
2014-07-30 19:30:00,24938,24564.050837992228
2014-07-30 20:00:00,24095,23786.41611277932
2014-07-30 20:30:00,23952,20790.886378199393
2014-07-30 21:00:00,24913,14421.788268834265
2014-07-30 21:30:00,25138,9771.1340305835565
2014-07-30 22:00:00,24972,7824.6299713293856
2014-07-30 22:30:00,23605,9697.9526575833406
2014-07-30 23:00:00,22758,11480.981077400458
2014-07-30 23:30:00,19560,9236.7004202745939
2014-07-31 00:00:00,15486,8363.0653849099181
2014-07-31 00:30:00,12362,7674.7816298027592
2014-07-31 01:00:00,9401,5759.9716648163212
2014-07-31 01:30:00,7131,3237.0614866864453
2014-07-31 02:00:00,5949,2233.265718955734
2014-07-31 02:30:00,4722,3726.4837012777207
2014-07-31 03:00:00,3792,6313.8385937681815
2014-07-31 03:30:00,3266,7967.6054810682426
2014-07-31 04:00:00,3267,9262.4664676934117
2014-07-31 04:30:00,2605,12862.078634006713
2014-07-31 05:00:00,2562,14922.6433141991
2014-07-31 05:30:00,4595,16443.668571943061
2014-07-31 06:00:00,7263,17485.625712247424
2014-07-31 06:30:00,11825,17169.373972559926
2014-07-31 07:00:00,13863,16053.60740929759
2014-07-31 07:30:00,16898,16171.008899457207
2014-07-31 08:00:00,18741,18836.46865108627
2014-07-31 08:30:00,20117,19390.48149675475
2014-07-31 09:00:00,19185,20439.436464983748
2014-07-31 09:30:00,17821,18733.916988826008
2014-07-31 10:00:00,16721,16761.467623065455
2014-07-31 10:30:00,16869,15682.677200058148
2014-07-31 11:00:00,16188,17157.527001390652
2014-07-31 11:30:00,17325,16405.913493212331
2014-07-31 12:00:00,17849,15055.312157891325
2014-07-31 12:30:00,17746,13307.72827364359
2014-07-31 13:00:00,17208,15795.761387822935
2014-07-31 13:30:00,17848,16421.367988780392
2014-07-31 14:00:00,18132,16647.131134012816
2014-07-31 14:30:00,18019,17038.204950357795
2014-07-31 15:00:00,17120,16880.695215513493
2014-07-31 15:30:00,15410,16124.321584250209
2014-07-31 16:00:00,13868,17670.938862740124
2014-07-31 16:30:00,13146,21582.181397649827
2014-07-31 17:00:00,15734,24274.949312822442
2014-07-31 17:30:00,18139,24019.385166930235
2014-07-31 18:00:00,20969,22964.851154745123
2014-07-31 18:30:00,23287,23307.568209321056
2014-07-31 19:00:00,24723,23734.913263259074
2014-07-31 19:30:00,25186,23486.45416509288
2014-07-31 20:00:00,24192,23197.410131457651
2014-07-31 20:30:00,24605,22177.551355617987
2014-07-31 21:00:00,25805,18237.803090913305
2014-07-31 21:30:00,25969,14177.415648382212
2014-07-31 22:00:00,25593,11451.479389574537
2014-07-31 22:30:00,24695,11371.567522452791
2014-07-31 23:00:00,24316,12611.291896859058
2014-07-31 23:30:00,23050,10891.106686460549
2014-08-01 00:00:00,20138,9666.6591500916038
2014-08-01 00:30:00,17252,8101.7512418709457
2014-08-01 01:00:00,14103,8353.2337661140555
2014-08-01 01:30:00,10859,5720.4328175537412
2014-08-01 02:00:00,9242,3419.2695478354926
2014-08-01 02:30:00,7122,4763.6242520805317
2014-08-01 03:00:00,5763,4748.8598138707803
2014-08-01 03:30:00,4912,6696.0062596707012
2014-08-01 04:00:00,4648,7868.1095844591282
2014-08-01 04:30:00,3673,10018.553673530612
2014-08-01 05:00:00,3322,12942.189043303684
2014-08-01 05:30:00,4968,17524.425738268365
2014-08-01 06:00:00,7209,18846.815495223273
2014-08-01 06:30:00,11113,20029.8736869473
2014-08-01 07:00:00,13143,18406.805487874357
2014-08-01 07:30:00,15932,16001.044971613754
2014-08-01 08:00:00,17355,16749.38196793665
2014-08-01 08:30:00,19462,17932.166619006392
2014-08-01 09:00:00,18581,20050.14968715989
2014-08-01 09:30:00,18123,19694.758794109865
2014-08-01 10:00:00,16476,18218.736695198197
2014-08-01 10:30:00,16964,16659.334082037694
2014-08-01 11:00:00,16009,15703.273149583365
2014-08-01 11:30:00,16890,15299.280509870765
2014-08-01 12:00:00,17069,15618.622929073912
2014-08-01 12:30:00,16779,13368.383462285239
2014-08-01 13:00:00,16654,15051.853044609639
2014-08-01 13:30:00,16580,16155.038789753704
2014-08-01 14:00:00,17407,16135.135519099324
2014-08-01 14:30:00,17037,16496.634238021154
2014-08-01 15:00:00,16651,15835.579682301563
2014-08-01 15:30:00,15324,16780.209487670734
2014-08-01 16:00:00,12987,17973.581533913479
2014-08-01 16:30:00,12845,20764.94287319776
2014-08-01 17:00:00,15439,24643.160797168195
2014-08-01 17:30:00,18280,24344.66779973029
2014-08-01 18:00:00,20439,23503.173183309969
2014-08-01 18:30:00,22588,23317.424141790136
2014-08-01 19:00:00,24047,23521.538873443089
2014-08-01 19:30:00,23745,23586.475495994258
2014-08-01 20:00:00,22420,25080.565001533891
2014-08-01 20:30:00,23260,25544.747054631709
2014-08-01 21:00:00,23454,24103.078201243057
2014-08-01 21:30:00,22822,18518.966972059559
2014-08-01 22:00:00,23704,15244.681589128744
2014-08-01 22:30:00,24940,12768.081492659336
2014-08-01 23:00:00,25951,13539.55806530834
2014-08-01 23:30:00,25479,14125.691202944241
2014-08-02 00:00:00,25234,13628.616231896285
2014-08-02 00:30:00,23378,12114.716425483242
2014-08-02 01:00:00,22180,11211.483389287063
2014-08-02 01:30:00,20497,9597.625048850281
2014-08-02 02:00:00,18933,8666.6233801010221
2014-08-02 02:30:00,17041,8593.7275302415474
2014-08-02 03:00:00,14983,5865.5486639438041
2014-08-02 03:30:00,12488,5483.6767529916942
2014-08-02 04:00:00,10554,6286.2427938014207
2014-08-02 04:30:00,6425,6420.79669151911
2014-08-02 05:00:00,4384,7127.0981673433544
2014-08-02 05:30:00,3611,11986.758635982493
2014-08-02 06:00:00,3904,12618.396575912391
2014-08-02 06:30:00,5204,17618.416628287887
2014-08-02 07:00:00,5624,17772.706821686705
2014-08-02 07:30:00,7264,15772.436919638567
2014-08-02 08:00:00,7501,13929.573938839303
2014-08-02 08:30:00,9344,13311.373261568197
2014-08-02 09:00:00,10021,15399.52427726679
2014-08-02 09:30:00,12227,16475.880815908207
2014-08-02 10:00:00,12203,20180.455906405372
2014-08-02 10:30:00,14669,18790.887262682336
2014-08-02 11:00:00,14849,18616.449594920086
2014-08-02 11:30:00,16363,17812.886252192369
2014-08-02 12:00:00,16489,16195.022362463973
2014-08-02 12:30:00,17237,14743.253617477312
2014-08-02 13:00:00,17955,15757.371873876162
2014-08-02 13:30:00,17713,17187.81729626131
2014-08-02 14:00:00,17418,17890.534445815501
2014-08-02 14:30:00,17679,17710.049728143807
2014-08-02 15:00:00,18014,19027.414792108655
2014-08-02 15:30:00,18031,19193.892887184506
2014-08-02 16:00:00,17643,17405.230486662709
2014-08-02 16:30:00,17167,18992.295339440007
2014-08-02 17:00:00,18409,21201.585159637052
2014-08-02 17:30:00,20034,23269.03488690839
2014-08-02 18:00:00,21113,24744.442409340518
2014-08-02 18:30:00,21487,23495.200168245989
2014-08-02 19:00:00,22872,23477.756876037805
2014-08-02 19:30:00,22995,24578.796375816175
2014-08-02 20:00:00,20896,23966.012970319898
2014-08-02 20:30:00,21411,25678.36164442858
2014-08-02 21:00:00,21273,25770.129388050918
2014-08-02 21:30:00,21628,23859.323573530855
2014-08-02 22:00:00,21872,22331.00926347727
2014-08-02 22:30:00,23457,19911.629336913669
2014-08-02 23:00:00,24958,17425.519946995271
2014-08-02 23:30:00,24984,16961.122249286553
2014-08-03 00:00:00,24613,15247.231546765008
2014-08-03 00:30:00,23468,14075.553649069823
2014-08-03 01:00:00,22125,14896.957321990682
2014-08-03 01:30:00,22220,9963.7316422589138
2014-08-03 02:00:00,20171,6491.5538478194776
2014-08-03 02:30:00,17690,8439.4630298081793
2014-08-03 03:00:00,14908,6178.0488229981765
2014-08-03 03:30:00,13465,5147.492724184207
2014-08-03 04:00:00,11663,5362.3386462420513
2014-08-03 04:30:00,6997,6043.8026040437107
2014-08-03 05:00:00,4810,4940.8263733190379
2014-08-03 05:30:00,3650,5127.2992050727171
2014-08-03 06:00:00,3561,7417.5110586132987
2014-08-03 06:30:00,4060,14809.981025585103
2014-08-03 07:00:00,4382,17257.029651087094
2014-08-03 07:30:00,5741,15900.885276437632
2014-08-03 08:00:00,6722,13604.243155428994
2014-08-03 08:30:00,7857,14040.298569298502
2014-08-03 09:00:00,8424,15950.416588827455
2014-08-03 09:30:00,10636,15781.713533167169
2014-08-03 10:00:00,11811,17264.089429788186
2014-08-03 10:30:00,13776,16235.93551797852
2014-08-03 11:00:00,14821,20070.041998311557
2014-08-03 11:30:00,16169,22005.783959784021
2014-08-03 12:00:00,16715,19875.283800744051
2014-08-03 12:30:00,17652,16123.482399046459
2014-08-03 13:00:00,17360,15008.099209517912
2014-08-03 13:30:00,17167,17698.887887084471
2014-08-03 14:00:00,18546,18369.05125918566
2014-08-03 14:30:00,17882,18473.22603230298
2014-08-03 15:00:00,17268,19722.731512821229
2014-08-03 15:30:00,17322,21771.103097116062
2014-08-03 16:00:00,16500,22258.133205654827
2014-08-03 16:30:00,16446,21519.052454348377
2014-08-03 17:00:00,17317,18732.906761192931
2014-08-03 17:30:00,18472,18521.200026670318
2014-08-03 18:00:00,19503,20174.483096266566
2014-08-03 18:30:00,19622,21106.100714650293
2014-08-03 19:00:00,18900,21644.713295631725
2014-08-03 19:30:00,17188,20247.940984784243
2014-08-03 20:00:00,16880,20116.242817411952
2014-08-03 20:30:00,17035,18377.113407942888
2014-08-03 21:00:00,16790,17775.202112214658
2014-08-03 21:30:00,17007,15409.903646558398
2014-08-03 22:00:00,15893,16712.652926876639
2014-08-03 22:30:00,14672,16685.373595827776
2014-08-03 23:00:00,12667,14687.256238298312
2014-08-03 23:30:00,10905,12393.406715591696
2014-08-04 00:00:00,8882,16021.724232851811
2014-08-04 00:30:00,6896,10413.966312461245
2014-08-04 01:00:00,5417,6647.648430382138
2014-08-04 01:30:00,4245,6633.4082928316075
2014-08-04 02:00:00,3478,2481.3493938933243
2014-08-04 02:30:00,2525,4105.2547994633005
2014-08-04 03:00:00,2288,3291.9696169009112
2014-08-04 03:30:00,2114,4163.9340079911071
2014-08-04 04:00:00,2212,4207.6122346549801
2014-08-04 04:30:00,2303,8260.0435316383591
2014-08-04 05:00:00,2482,9804.078228212571
2014-08-04 05:30:00,4420,12523.619212168976
2014-08-04 06:00:00,6426,17986.098695070694
2014-08-04 06:30:00,10775,17552.739560577291
2014-08-04 07:00:00,12795,13943.021491408799
2014-08-04 07:30:00,15762,13327.070901823838
2014-08-04 08:00:00,17271,17673.44105678776
2014-08-04 08:30:00,18418,20643.833763218903
2014-08-04 09:00:00,18214,22802.753618314073
2014-08-04 09:30:00,17223,16304.917937681052
2014-08-04 10:00:00,15029,18119.044797771207
2014-08-04 10:30:00,15614,14936.000049488768
2014-08-04 11:00:00,15026,16357.605898202792
2014-08-04 11:30:00,16170,16022.074222502622
2014-08-04 12:00:00,16111,18232.434509112823
2014-08-04 12:30:00,16049,21147.6115305077
2014-08-04 13:00:00,16084,18979.064940024866
2014-08-04 13:30:00,16640,16989.225236704919
2014-08-04 14:00:00,16634,16774.498766534503
2014-08-04 14:30:00,17210,14323.758673716877
2014-08-04 15:00:00,16546,14488.658735943733
2014-08-04 15:30:00,16798,14731.589048243864
2014-08-04 16:00:00,15124,14176.697745105312
2014-08-04 16:30:00,14870,17798.03120212011
2014-08-04 17:00:00,16956,19550.612602057394
2014-08-04 17:30:00,18613,22770.762381858556
2014-08-04 18:00:00,21126,22867.55889684274
2014-08-04 18:30:00,22510,23430.827201509164
2014-08-04 19:00:00,22568,21512.48375967539
2014-08-04 19:30:00,21668,17118.112481870816
2014-08-04 20:00:00,21659,17612.04314090214
2014-08-04 20:30:00,21278,16446.360038740298
2014-08-04 21:00:00,21346,14988.807568478187
2014-08-04 21:30:00,20247,13608.632165930425
2014-08-04 22:00:00,19945,11230.625645316584
2014-08-04 22:30:00,17601,10904.260821982594
2014-08-04 23:00:00,15750,10374.378382323906
2014-08-04 23:30:00,12897,9986.4314459953548
2014-08-05 00:00:00,10385,9365.9295242936205
2014-08-05 00:30:00,8125,5066.2981950353933
2014-08-05 01:00:00,6294,809.52841134355731
2014-08-05 01:30:00,4485,-871.27507227613933
2014-08-05 02:00:00,3669,3073.9152084343787
2014-08-05 02:30:00,3097,4277.3528967638504
2014-08-05 03:00:00,2484,6389.0484762666129
2014-08-05 03:30:00,2011,10497.44930456636
2014-08-05 04:00:00,2175,11358.383141734408
2014-08-05 04:30:00,2108,14835.562751389263
2014-08-05 05:00:00,2252,14653.182916504433
2014-08-05 05:30:00,4131,14764.438783376441
2014-08-05 06:00:00,6599,14304.500699237156
2014-08-05 06:30:00,11040,12144.936250193645
2014-08-05 07:00:00,13290,10858.119492658283
2014-08-05 07:30:00,16754,14626.830914556016
2014-08-05 08:00:00,18504,16444.175947265241
2014-08-05 08:30:00,19897,16268.65290959815
2014-08-05 09:00:00,19208,19440.202271882932
2014-08-05 09:30:00,18253,18313.728931547335
2014-08-05 10:00:00,16976,21893.558775110603
2014-08-05 10:30:00,16888,19110.797542564935
2014-08-05 11:00:00,16080,17661.673627786284
2014-08-05 11:30:00,17328,16998.070427455892
2014-08-05 12:00:00,17901,15815.829505106554
2014-08-05 12:30:00,18121,14331.170693907581
2014-08-05 13:00:00,17478,16967.627477148177
2014-08-05 13:30:00,18616,19258.143616277921
2014-08-05 14:00:00,18576,21439.082840250441
2014-08-05 14:30:00,18465,19403.25081630802
2014-08-05 15:00:00,17373,17644.794832869011
2014-08-05 15:30:00,16457,14745.392620922716
2014-08-05 16:00:00,14626,17978.698710717617
2014-08-05 16:30:00,13466,18957.052357831704
2014-08-05 17:00:00,16213,17956.915448527652
2014-08-05 17:30:00,18715,19607.775345115762
2014-08-05 18:00:00,21356,20163.946583468416
2014-08-05 18:30:00,22899,21934.263598744474
2014-08-05 19:00:00,23782,23319.944547429353
2014-08-05 19:30:00,22778,24154.699076777826
2014-08-05 20:00:00,22401,21403.467015317852
2014-08-05 20:30:00,22986,17459.02257861922
2014-08-05 21:00:00,23340,8722.1295328694141
2014-08-05 21:30:00,24046,7075.8916153156688
2014-08-05 22:00:00,22726,6866.0684770544176
2014-08-05 22:30:00,20819,6949.5457345500836
2014-08-05 23:00:00,19149,8768.7916342421377
2014-08-05 23:30:00,16406,7424.2122530877541
2014-08-06 00:00:00,13399,8191.774599278142
2014-08-06 00:30:00,10273,7123.7621146626125
2014-08-06 01:00:00,7723,5119.6178324692009
2014-08-06 01:30:00,5860,2087.8113572962648
2014-08-06 02:00:00,4664,1630.8945378057542
2014-08-06 02:30:00,3875,5274.6804884727499
2014-08-06 03:00:00,3057,6339.287778093998
2014-08-06 03:30:00,2675,8760.5131357798236
2014-08-06 04:00:00,2803,9420.0162098067958
2014-08-06 04:30:00,2364,11799.445483604493
2014-08-06 05:00:00,2602,12826.750772122325
2014-08-06 05:30:00,4488,14059.812342897347
2014-08-06 06:00:00,6944,15586.4139461172
2014-08-06 06:30:00,11761,15554.192006097806
2014-08-06 07:00:00,14631,13325.334157021836
2014-08-06 07:30:00,17455,15558.031612335009
2014-08-06 08:00:00,19107,18396.600685041765
2014-08-06 08:30:00,19737,19828.420081507902
2014-08-06 09:00:00,18707,18083.635454602867
2014-08-06 09:30:00,18466,16844.121237388579
2014-08-06 10:00:00,16630,17347.696009795025
2014-08-06 10:30:00,17291,19657.677058894558
2014-08-06 11:00:00,15977,19494.260731153034
2014-08-06 11:30:00,17643,17975.414968380439
2014-08-06 12:00:00,17959,15332.671744631418
2014-08-06 12:30:00,17652,14463.059361006706
2014-08-06 13:00:00,17197,15434.79316491347
2014-08-06 13:30:00,17949,16356.441791525518
2014-08-06 14:00:00,17918,17768.685839366262
2014-08-06 14:30:00,17534,17878.896392229395
2014-08-06 15:00:00,17350,16696.528416227382
2014-08-06 15:30:00,16327,16572.247917887151
2014-08-06 16:00:00,14582,19292.100429958798
2014-08-06 16:30:00,13374,21817.494413992834
2014-08-06 17:00:00,16090,22841.938922490506
2014-08-06 17:30:00,18989,21753.562165263382
2014-08-06 18:00:00,21429,19928.229541502373
2014-08-06 18:30:00,23892,21799.169110170038
2014-08-06 19:00:00,24481,23244.006696563411
2014-08-06 19:30:00,24197,23668.243673849021
2014-08-06 20:00:00,23556,22640.839867243118
2014-08-06 20:30:00,23555,20499.587770969651
2014-08-06 21:00:00,24355,12274.278090359341
2014-08-06 21:30:00,24699,9560.2388650375742
2014-08-06 22:00:00,23955,9089.6127903023535
2014-08-06 22:30:00,22754,9974.2309590378791
2014-08-06 23:00:00,21450,10988.567456382754
2014-08-06 23:30:00,18427,8619.6810709273959
2014-08-07 00:00:00,15411,6355.559369945262
2014-08-07 00:30:00,11851,7411.1349442989567
2014-08-07 01:00:00,9317,7116.2552518420698
2014-08-07 01:30:00,6973,2837.0273131341055
2014-08-07 02:00:00,5807,1083.4697999732198
2014-08-07 02:30:00,4812,3817.2431525780157
2014-08-07 03:00:00,3738,6635.3808370055049
2014-08-07 03:30:00,3108,9090.8188193660862
2014-08-07 04:00:00,3199,9973.2718778472772
2014-08-07 04:30:00,2642,12633.115867060917
2014-08-07 05:00:00,2704,13464.949094285423
2014-08-07 05:30:00,4812,16174.871883884938
2014-08-07 06:00:00,6873,17810.946179828097
2014-08-07 06:30:00,11765,17803.857417120274
2014-08-07 07:00:00,13641,17319.66127054266
2014-08-07 07:30:00,17052,17340.412361607359
2014-08-07 08:00:00,18252,18812.802365622229
2014-08-07 08:30:00,19400,19195.507117573547
2014-08-07 09:00:00,18455,19429.220367445745
2014-08-07 09:30:00,18277,18708.883893151578
2014-08-07 10:00:00,16719,16906.636114508136
2014-08-07 10:30:00,16764,17302.662662060189
2014-08-07 11:00:00,16636,18422.838080190795
2014-08-07 11:30:00,18205,15569.961483209538
2014-08-07 12:00:00,18034,15355.40735346872
2014-08-07 12:30:00,17700,13324.233764715462
2014-08-07 13:00:00,16970,15945.182871900523
2014-08-07 13:30:00,17983,15202.308559064642
2014-08-07 14:00:00,18230,16044.414361453139
2014-08-07 14:30:00,18073,16962.153068581119
2014-08-07 15:00:00,17471,17464.007846331217
2014-08-07 15:30:00,15872,17555.60452458591
2014-08-07 16:00:00,13784,19055.28190964719
2014-08-07 16:30:00,13341,23429.46511144227
2014-08-07 17:00:00,15857,24323.82093714127
2014-08-07 17:30:00,18396,23670.78047173356
2014-08-07 18:00:00,21500,21851.709520788259
2014-08-07 18:30:00,23368,22586.99046926634
2014-08-07 19:00:00,24977,22723.157658708642
2014-08-07 19:30:00,24747,22989.423277982416
2014-08-07 20:00:00,23895,22873.573980337402
2014-08-07 20:30:00,24153,20218.945380741403
2014-08-07 21:00:00,24778,16858.401402971205
2014-08-07 21:30:00,24533,12536.138598673475
2014-08-07 22:00:00,24478,10769.69792705243
2014-08-07 22:30:00,24253,11331.03911349338
2014-08-07 23:00:00,23299,12950.035906818743
2014-08-07 23:30:00,22155,10891.856679852001
2014-08-08 00:00:00,19329,10331.82237615982
2014-08-08 00:30:00,15933,8698.2159128399908
2014-08-08 01:00:00,13410,10378.874620223327
2014-08-08 01:30:00,10614,6188.1691615189047
2014-08-08 02:00:00,8934,2667.0465159623109
2014-08-08 02:30:00,7079,2980.6064481567537
2014-08-08 03:00:00,5803,4838.6156044297677
2014-08-08 03:30:00,4992,7333.4212988520912
2014-08-08 04:00:00,4555,8202.0755664696244
2014-08-08 04:30:00,3601,8563.4750082219507
2014-08-08 05:00:00,3643,12131.802602732729
2014-08-08 05:30:00,4924,17479.120601544219
2014-08-08 06:00:00,6649,18415.648331013937
2014-08-08 06:30:00,10748,18767.36284797018
2014-08-08 07:00:00,12731,18100.272643721219
2014-08-08 07:30:00,15178,15955.466807465406
2014-08-08 08:00:00,16731,15870.27189862977
2014-08-08 08:30:00,18521,16058.193002319953
2014-08-08 09:00:00,17924,18496.904983794957
2014-08-08 09:30:00,17129,18856.843002381411
2014-08-08 10:00:00,15820,17469.494027717476
2014-08-08 10:30:00,16405,16105.474561974606
2014-08-08 11:00:00,15710,17345.947158524683
2014-08-08 11:30:00,16406,16849.470423799336
2014-08-08 12:00:00,17040,17130.339154503705
2014-08-08 12:30:00,16998,14552.8820145841
2014-08-08 13:00:00,16524,15326.697523789375
2014-08-08 13:30:00,17157,16124.293829122375
2014-08-08 14:00:00,17341,15608.104053993591
2014-08-08 14:30:00,17716,17056.411173926925
2014-08-08 15:00:00,17135,16592.362168569642
2014-08-08 15:30:00,15591,17705.51811040079
2014-08-08 16:00:00,13942,19043.034800219022
2014-08-08 16:30:00,13215,22987.159837821418
2014-08-08 17:00:00,16320,25494.459713094147
2014-08-08 17:30:00,19539,24163.564323750856
2014-08-08 18:00:00,21553,22365.936449149704
2014-08-08 18:30:00,23100,21839.663089212423
2014-08-08 19:00:00,24705,22083.632228541228
2014-08-08 19:30:00,23913,22543.950441261681
2014-08-08 20:00:00,22283,23986.110545372103
2014-08-08 20:30:00,22808,24319.530251218832
2014-08-08 21:00:00,22239,22547.554957047731
2014-08-08 21:30:00,21989,16754.181857591924
2014-08-08 22:00:00,22689,13647.300522416373
2014-08-08 22:30:00,23756,11703.99667393036
2014-08-08 23:00:00,24182,13581.283005583298
2014-08-08 23:30:00,24184,13907.678828529401
2014-08-09 00:00:00,23849,14048.198127618807
2014-08-09 00:30:00,22495,11881.40960959642
2014-08-09 01:00:00,20367,11514.905460078051
2014-08-09 01:30:00,18368,10145.608842303678
2014-08-09 02:00:00,17499,8042.2691965364602
2014-08-09 02:30:00,15607,6565.2328587360953
2014-08-09 03:00:00,13502,3867.59463766113
2014-08-09 03:30:00,11670,4882.076753244266
2014-08-09 04:00:00,9956,6802.4722305437899
2014-08-09 04:30:00,5950,6069.3138221410409
2014-08-09 05:00:00,4023,6087.614247722222
2014-08-09 05:30:00,3499,11511.301476811148
2014-08-09 06:00:00,3663,12809.618316383927
2014-08-09 06:30:00,4608,17344.295261125924
2014-08-09 07:00:00,5226,16592.721445023737
2014-08-09 07:30:00,6154,14837.88043057482
2014-08-09 08:00:00,7082,12699.468682590737
2014-08-09 08:30:00,8917,12266.983474509405
2014-08-09 09:00:00,9965,14761.876460876756
2014-08-09 09:30:00,12488,16540.65249268476
2014-08-09 10:00:00,12845,20792.273327522693
2014-08-09 10:30:00,14960,19958.749601944623
2014-08-09 11:00:00,15195,18668.530289903072
2014-08-09 11:30:00,16331,17730.000258092648
2014-08-09 12:00:00,16385,16725.674228236399
2014-08-09 12:30:00,16704,16077.019470749961
2014-08-09 13:00:00,17450,15319.440750390322
2014-08-09 13:30:00,17458,15493.619600878448
2014-08-09 14:00:00,16849,16850.013884440123
2014-08-09 14:30:00,16880,18271.884281030525
2014-08-09 15:00:00,16951,19284.312983360764
2014-08-09 15:30:00,16926,18623.837662897291
2014-08-09 16:00:00,16376,17713.11171396857
2014-08-09 16:30:00,16454,18475.852202972914
2014-08-09 17:00:00,17768,21118.237523796299
2014-08-09 17:30:00,19335,22400.454291586466
2014-08-09 18:00:00,20035,23200.977733642801
2014-08-09 18:30:00,21023,22174.364691274168
2014-08-09 19:00:00,21977,21881.239627431882
2014-08-09 19:30:00,20987,23186.486253907351
2014-08-09 20:00:00,19159,24558.444476361321
2014-08-09 20:30:00,19801,26435.232526272535
2014-08-09 21:00:00,20361,25401.991614606224
2014-08-09 21:30:00,20651,22908.201687055316
2014-08-09 22:00:00,20833,21407.43240380417
2014-08-09 22:30:00,22467,18551.650969978633
2014-08-09 23:00:00,23285,17179.857198406055
2014-08-09 23:30:00,23652,15797.42316074802
2014-08-10 00:00:00,23701,14484.108770976274
2014-08-10 00:30:00,21532,13788.719068746672
2014-08-10 01:00:00,20557,14866.348353666608
2014-08-10 01:30:00,18415,8455.1911318229177
2014-08-10 02:00:00,17813,6179.0266501278511
2014-08-10 02:30:00,16223,6195.469497849519
2014-08-10 03:00:00,13777,3785.2187320096527
2014-08-10 03:30:00,11818,2655.3633249120467
2014-08-10 04:00:00,10499,4139.8197353752585
2014-08-10 04:30:00,6180,4289.5735603314133
2014-08-10 05:00:00,4096,3821.6049115860442
2014-08-10 05:30:00,3476,5305.698252836386
2014-08-10 06:00:00,3259,8430.0422391666798
2014-08-10 06:30:00,3468,14653.315082278838
2014-08-10 07:00:00,3690,15332.189762853206
2014-08-10 07:30:00,5047,13981.205048946189
2014-08-10 08:00:00,5503,13641.969600195145
2014-08-10 08:30:00,6667,13918.940307101046
2014-08-10 09:00:00,8014,15745.909506447008
2014-08-10 09:30:00,10532,16948.102914808725
2014-08-10 10:00:00,11486,17887.499642021841
2014-08-10 10:30:00,13733,17180.237292862992
2014-08-10 11:00:00,14525,19835.561305853713
2014-08-10 11:30:00,15314,21090.532683466343
2014-08-10 12:00:00,16013,18980.908540694647
2014-08-10 12:30:00,16268,14430.56807808486
2014-08-10 13:00:00,16610,14470.170644777316
2014-08-10 13:30:00,16496,17357.621442814689
2014-08-10 14:00:00,16885,17704.335926328858
2014-08-10 14:30:00,16396,17493.613090699972
2014-08-10 15:00:00,15796,20621.938744882154
2014-08-10 15:30:00,15545,22474.610713908965
2014-08-10 16:00:00,15642,21577.654083101897
2014-08-10 16:30:00,15531,19669.458637468098
2014-08-10 17:00:00,16410,16813.603302705294
2014-08-10 17:30:00,17684,17538.404270574472
2014-08-10 18:00:00,17992,20079.712286667032
2014-08-10 18:30:00,18285,20168.232809089168
2014-08-10 19:00:00,17697,21451.419977156678
2014-08-10 19:30:00,16452,19142.862622295143
2014-08-10 20:00:00,16195,18826.837463224831
2014-08-10 20:30:00,16545,18397.877201723517
2014-08-10 21:00:00,15989,17320.485182733322
2014-08-10 21:30:00,15763,16443.136425330315
2014-08-10 22:00:00,14767,18597.467300894361
2014-08-10 22:30:00,14157,17626.616323401358
2014-08-10 23:00:00,12939,13931.311806813919
2014-08-10 23:30:00,11801,12063.643061343057
2014-08-11 00:00:00,9595,13312.794101940728
2014-08-11 00:30:00,7267,9308.538074904407
2014-08-11 01:00:00,5616,5311.3568228847653
2014-08-11 01:30:00,4253,4785.3192459652128
2014-08-11 02:00:00,3261,2660.5236998542368
2014-08-11 02:30:00,2770,3384.2970927525348
2014-08-11 03:00:00,2240,2367.4242274391563
2014-08-11 03:30:00,2084,3426.3453475754795
2014-08-11 04:00:00,2407,4623.0440596336994
2014-08-11 04:30:00,2262,9379.9864843623836
2014-08-11 05:00:00,2728,10646.289108225359
2014-08-11 05:30:00,4273,14285.941244229623
2014-08-11 06:00:00,6194,18722.233349313967
2014-08-11 06:30:00,10158,17884.972891535821
2014-08-11 07:00:00,12697,14027.285639419872
2014-08-11 07:30:00,14281,12490.975460427697
2014-08-11 08:00:00,16009,14775.161665084473
2014-08-11 08:30:00,17659,16137.038531056616
2014-08-11 09:00:00,17250,21391.088736821803
2014-08-11 09:30:00,16687,19055.203515330024
2014-08-11 10:00:00,14465,17487.753461102184
2014-08-11 10:30:00,14373,15087.215505096668
2014-08-11 11:00:00,14599,15125.452673434673
2014-08-11 11:30:00,15212,15266.296705364532
2014-08-11 12:00:00,16026,19353.281589490329
2014-08-11 12:30:00,15526,22356.326085352266
2014-08-11 13:00:00,15672,19570.932620742882
2014-08-11 13:30:00,16419,16555.266487683421
2014-08-11 14:00:00,16083,13183.803685013938
2014-08-11 14:30:00,16352,13477.880084922863
2014-08-11 15:00:00,16535,13410.807896125001
2014-08-11 15:30:00,16248,15491.864846302038
2014-08-11 16:00:00,14959,13973.276960401865
2014-08-11 16:30:00,14201,17393.051576269321
2014-08-11 17:00:00,16142,20108.540597063649
2014-08-11 17:30:00,18163,20633.001322072236
2014-08-11 18:00:00,20715,19560.383084801641
2014-08-11 18:30:00,21256,20135.141618899244
2014-08-11 19:00:00,21528,19298.207548507802
2014-08-11 19:30:00,20720,16282.620623797015
2014-08-11 20:00:00,20604,15301.472753884738
2014-08-11 20:30:00,19786,14406.432019256497
2014-08-11 21:00:00,19471,13674.941441175049
2014-08-11 21:30:00,19116,11943.19158908146
2014-08-11 22:00:00,18358,11800.601055763453
2014-08-11 22:30:00,16440,10779.750352581999
2014-08-11 23:00:00,14821,9192.4229360157115
2014-08-11 23:30:00,12022,7755.0770638306512
2014-08-12 00:00:00,9701,6477.7186738485161
2014-08-12 00:30:00,7757,1694.7735707313404
2014-08-12 01:00:00,6003,-429.54818090255685
2014-08-12 01:30:00,4648,-2004.7403361144297
2014-08-12 02:00:00,3805,-641.52089234032246
2014-08-12 02:30:00,3093,2352.912560246823
2014-08-12 03:00:00,2487,4830.3843943483989
2014-08-12 03:30:00,2164,7537.1126532265489
2014-08-12 04:00:00,2288,10411.027220842599
2014-08-12 04:30:00,2083,14180.619979997604
2014-08-12 05:00:00,2452,14822.968353964854
2014-08-12 05:30:00,4282,15629.18588585056
2014-08-12 06:00:00,6142,16211.767286384904
2014-08-12 06:30:00,10744,12660.193995088857
2014-08-12 07:00:00,13034,11939.345576177066
2014-08-12 07:30:00,15724,15273.041437271891
2014-08-12 08:00:00,18102,16620.811749144654
2014-08-12 08:30:00,19748,17074.603491785321
2014-08-12 09:00:00,18510,19349.393255089992
2014-08-12 09:30:00,17502,18505.675408725965
2014-08-12 10:00:00,15832,18748.255192561934
2014-08-12 10:30:00,15940,17566.820392034675
2014-08-12 11:00:00,15064,16439.77135927491
2014-08-12 11:30:00,16927,15372.861843961529
2014-08-12 12:00:00,16871,17267.779590075283
2014-08-12 12:30:00,17325,13398.836754551972
2014-08-12 13:00:00,16350,13910.566945331087
2014-08-12 13:30:00,17244,16700.300287989339
2014-08-12 14:00:00,18778,19513.262699578732
2014-08-12 14:30:00,19036,19115.546862499385
2014-08-12 15:00:00,18549,16742.793874295723
2014-08-12 15:30:00,16263,15894.319430721132
2014-08-12 16:00:00,13781,17744.236340337724
2014-08-12 16:30:00,13197,18335.234304983423
2014-08-12 17:00:00,14909,17679.705144310261
2014-08-12 17:30:00,18695,20390.180691103727
2014-08-12 18:00:00,21494,20946.685410376689
2014-08-12 18:30:00,23426,21734.923343933002
2014-08-12 19:00:00,25057,21513.380745077346
2014-08-12 19:30:00,26062,21875.842716400926
2014-08-12 20:00:00,20944,18453.407347413951
2014-08-12 20:30:00,20583,15127.353415022952
2014-08-12 21:00:00,22343,8300.6687866568536
2014-08-12 21:30:00,22704,4522.4545346836894
2014-08-12 22:00:00,20090,3368.9977497616583
2014-08-12 22:30:00,21338,5363.0470724783681
2014-08-12 23:00:00,18853,6968.6078172582502
2014-08-12 23:30:00,14548,7169.0733851326604
2014-08-13 00:00:00,12933,9218.7112320975066
2014-08-13 00:30:00,11301,8276.1765268456547
2014-08-13 01:00:00,8095,5347.3040322138677
2014-08-13 01:30:00,6266,2382.4710700928208
2014-08-13 02:00:00,4752,1461.4942062912305
2014-08-13 02:30:00,3446,5392.2940036593773
2014-08-13 03:00:00,2793,6731.6987908693991
2014-08-13 03:30:00,2333,9107.0007185616178
2014-08-13 04:00:00,2468,9467.2665347124748
2014-08-13 04:30:00,2059,10365.919908344949
2014-08-13 05:00:00,2411,11809.229659031331
2014-08-13 05:30:00,4204,13200.787793615547
2014-08-13 06:00:00,6516,14303.562943836883
2014-08-13 06:30:00,11706,13964.167350226977
2014-08-13 07:00:00,14894,12914.648473251389
2014-08-13 07:30:00,17894,14467.734590815564
2014-08-13 08:00:00,18081,15996.842262896853
2014-08-13 08:30:00,19597,17965.969582205918
2014-08-13 09:00:00,19047,16673.473584766678
2014-08-13 09:30:00,19060,13689.833867274299
2014-08-13 10:00:00,17041,17978.576222737433
2014-08-13 10:30:00,16354,20862.128499660514
2014-08-13 11:00:00,15259,19936.688611587626
2014-08-13 11:30:00,16470,18680.772830403221
2014-08-13 12:00:00,17146,16609.0480625458
2014-08-13 12:30:00,17220,12731.389856160535
2014-08-13 13:00:00,16932,12752.364801175838
2014-08-13 13:30:00,17515,15665.363741156671
2014-08-13 14:00:00,17285,15940.237292891146
2014-08-13 14:30:00,17467,17669.211620167222
2014-08-13 15:00:00,16869,18099.851392099157
2014-08-13 15:30:00,16383,17906.437223321678
2014-08-13 16:00:00,14727,20139.122834508362
2014-08-13 16:30:00,14059,23090.370197388384
2014-08-13 17:00:00,16707,23061.318842488388
2014-08-13 17:30:00,20486,20754.43379843307
2014-08-13 18:00:00,22207,17932.690953514026
2014-08-13 18:30:00,23183,21061.63206490552
2014-08-13 19:00:00,24873,23280.228594466455
2014-08-13 19:30:00,24028,22778.441950496428
2014-08-13 20:00:00,22822,23580.864001868089
2014-08-13 20:30:00,22831,18558.234766070313
2014-08-13 21:00:00,23148,14243.535736445323
2014-08-13 21:30:00,23005,8908.8004263276089
2014-08-13 22:00:00,23506,8060.4739734800132
2014-08-13 22:30:00,22493,7567.5433914284968
2014-08-13 23:00:00,20703,11038.403127068586
2014-08-13 23:30:00,18013,9197.6925012147803
2014-08-14 00:00:00,14505,6310.4777418770791
2014-08-14 00:30:00,11389,7092.6119020829956
2014-08-14 01:00:00,8924,5175.6290451911482
2014-08-14 01:30:00,7135,3538.1463176689795
2014-08-14 02:00:00,5649,2140.2134503960297
2014-08-14 02:30:00,4544,4359.4208855472443
2014-08-14 03:00:00,3542,8107.6182929382803
2014-08-14 03:30:00,3086,8322.8077386891637
2014-08-14 04:00:00,3091,8033.2977684599409
2014-08-14 04:30:00,2590,11276.592394417119
2014-08-14 05:00:00,2706,13582.397123798612
2014-08-14 05:30:00,4336,14767.088035829234
2014-08-14 06:00:00,6237,15940.196062579622
2014-08-14 06:30:00,10724,16367.399350170324
2014-08-14 07:00:00,13183,16154.231996367977
2014-08-14 07:30:00,15723,14787.084699597313
2014-08-14 08:00:00,17752,16812.454035033563
2014-08-14 08:30:00,19645,16998.047635414572
2014-08-14 09:00:00,18448,17360.789565949253
2014-08-14 09:30:00,17796,16592.506845899647
2014-08-14 10:00:00,16361,17683.853294216598
2014-08-14 10:30:00,16636,15343.381273327597
2014-08-14 11:00:00,15606,17175.343966140088
2014-08-14 11:30:00,17003,17437.165955673885
2014-08-14 12:00:00,17538,14575.055535092983
2014-08-14 12:30:00,16979,11835.651683720826
2014-08-14 13:00:00,16844,13730.849338089316
2014-08-14 13:30:00,17372,14829.096650920021
2014-08-14 14:00:00,17667,16545.479518706874
2014-08-14 14:30:00,17859,17231.651976832061
2014-08-14 15:00:00,17357,18272.790303250611
2014-08-14 15:30:00,16100,18232.381379378028
2014-08-14 16:00:00,14347,18795.636799972781
2014-08-14 16:30:00,13630,23308.848264757311
2014-08-14 17:00:00,16197,24336.790177557523
2014-08-14 17:30:00,18210,22036.200045960511
2014-08-14 18:00:00,21282,20384.216044041808
2014-08-14 18:30:00,22623,21931.336044142699
2014-08-14 19:00:00,24035,23118.765796162526
2014-08-14 19:30:00,24056,22267.493015862456
2014-08-14 20:00:00,23987,22744.354415754133
2014-08-14 20:30:00,24289,20348.741059376145
2014-08-14 21:00:00,24134,14652.581814653884
2014-08-14 21:30:00,24141,11887.724469684628
2014-08-14 22:00:00,24661,10430.041954133354
2014-08-14 22:30:00,24114,11405.354218204833
2014-08-14 23:00:00,23611,12868.666564556057
2014-08-14 23:30:00,21287,11136.584130629213
2014-08-15 00:00:00,19491,9378.330675346042
2014-08-15 00:30:00,16128,8407.0764047921166
2014-08-15 01:00:00,13044,8771.6753595334158
2014-08-15 01:30:00,9984,4631.326134575811
2014-08-15 02:00:00,8526,2922.9450748915351
2014-08-15 02:30:00,7009,3274.4810543775729
2014-08-15 03:00:00,5525,4604.1521482718326
2014-08-15 03:30:00,4688,5926.0467980498343
2014-08-15 04:00:00,4665,6797.7941934082628
2014-08-15 04:30:00,3542,9210.2518231829108
2014-08-15 05:00:00,3163,12454.978059611949
2014-08-15 05:30:00,4547,16384.084457626221
2014-08-15 06:00:00,6346,17985.996146339985
2014-08-15 06:30:00,10699,17956.459122354085
2014-08-15 07:00:00,12050,17014.92908395507
2014-08-15 07:30:00,14555,14899.131532711921
2014-08-15 08:00:00,16322,15466.183663108161
2014-08-15 08:30:00,18762,16342.449644609589
2014-08-15 09:00:00,18321,17575.213640464182
2014-08-15 09:30:00,17235,17440.692648932727
2014-08-15 10:00:00,15496,17459.254309378568
2014-08-15 10:30:00,15859,15989.076681224056
2014-08-15 11:00:00,15559,17018.231466055371
2014-08-15 11:30:00,16873,17586.990830437644
2014-08-15 12:00:00,17350,17217.997355380197
2014-08-15 12:30:00,16611,13885.818766301376
2014-08-15 13:00:00,16543,14967.226886754526
2014-08-15 13:30:00,16753,15650.667012643864
2014-08-15 14:00:00,17552,16602.684603155234
2014-08-15 14:30:00,17361,17097.036230508893
2014-08-15 15:00:00,16508,17298.740866177697
2014-08-15 15:30:00,15776,18042.132885073093
2014-08-15 16:00:00,14232,19347.374737169706
2014-08-15 16:30:00,13784,22943.342782594536
2014-08-15 17:00:00,16867,25027.256250624323
2014-08-15 17:30:00,19906,23603.948079780897
2014-08-15 18:00:00,21668,22104.957574227665
2014-08-15 18:30:00,23098,21291.462503080991
2014-08-15 19:00:00,24319,22228.006790557822
2014-08-15 19:30:00,23800,22771.810376052945
2014-08-15 20:00:00,22649,23681.863622337492
2014-08-15 20:30:00,23190,23702.090461536111
2014-08-15 21:00:00,22209,22023.768106988231
2014-08-15 21:30:00,22105,17343.543896606338
2014-08-15 22:00:00,23041,12673.796266049365
2014-08-15 22:30:00,23974,12001.770118693294
2014-08-15 23:00:00,24057,13437.023520922456
2014-08-15 23:30:00,23997,12672.395176016271
2014-08-16 00:00:00,23174,12370.442190226149
2014-08-16 00:30:00,21534,10603.308639132245
2014-08-16 01:00:00,20240,10688.044524945384
2014-08-16 01:30:00,18434,9736.3460381342375
2014-08-16 02:00:00,17382,7228.3547394513716
2014-08-16 02:30:00,14870,6595.5030400016931
2014-08-16 03:00:00,12921,4331.091502040359
2014-08-16 03:30:00,11258,5286.759836658106
2014-08-16 04:00:00,9869,6439.7384968092629
2014-08-16 04:30:00,6061,5572.472156817521
2014-08-16 05:00:00,4150,7825.7968870176219
2014-08-16 05:30:00,3688,13113.362907922439
2014-08-16 06:00:00,3811,13391.644025621408
2014-08-16 06:30:00,4938,16453.140218506192
2014-08-16 07:00:00,5248,16454.040038579231
2014-08-16 07:30:00,6972,15506.455639412421
2014-08-16 08:00:00,7885,14110.307690264573
2014-08-16 08:30:00,9526,13607.976969247229
2014-08-16 09:00:00,10750,15142.94791981989
2014-08-16 09:30:00,12899,17461.649099241051
2014-08-16 10:00:00,12950,20790.343019958786
2014-08-16 10:30:00,14145,19458.783351918231
2014-08-16 11:00:00,14724,18645.436743554972
2014-08-16 11:30:00,15667,16679.901598472788
2014-08-16 12:00:00,16016,15621.430144628081
2014-08-16 12:30:00,16245,15338.406535519274
2014-08-16 13:00:00,17156,14772.311062008306
2014-08-16 13:30:00,17194,14933.967000511409
2014-08-16 14:00:00,16993,16410.237029918237
2014-08-16 14:30:00,17286,18503.271550529316
2014-08-16 15:00:00,17109,19205.948444957932
2014-08-16 15:30:00,17115,17889.261390276468
2014-08-16 16:00:00,16437,17553.231895571967
2014-08-16 16:30:00,15986,19360.756936859325
2014-08-16 17:00:00,17735,22873.325226555218
2014-08-16 17:30:00,19247,23117.753811207542
2014-08-16 18:00:00,20555,24103.891656563228
2014-08-16 18:30:00,21424,21955.148984601659
2014-08-16 19:00:00,22252,22461.47028712547
2014-08-16 19:30:00,21379,23257.682589426186
2014-08-16 20:00:00,20043,24835.331982793206
2014-08-16 20:30:00,19941,25526.918582850398
2014-08-16 21:00:00,19947,24641.697016731399
2014-08-16 21:30:00,20601,22460.779855119225
2014-08-16 22:00:00,21109,20162.919065863403
2014-08-16 22:30:00,22185,18778.268720417673
2014-08-16 23:00:00,22255,16878.694799530986
2014-08-16 23:30:00,23286,15717.230203893669
2014-08-17 00:00:00,23263,15230.146283892966
2014-08-17 00:30:00,22356,14226.557878698261
2014-08-17 01:00:00,20247,14090.30052084861
2014-08-17 01:30:00,19261,10115.407983040956
2014-08-17 02:00:00,18335,7493.3310296120908
2014-08-17 02:30:00,15881,7261.0627428375801
2014-08-17 03:00:00,14076,4077.2560451623049
2014-08-17 03:30:00,12215,4364.4823044747573
2014-08-17 04:00:00,10492,4957.1824603933983
2014-08-17 04:30:00,6297,5361.7930353575102
2014-08-17 05:00:00,4328,4442.087046446266
2014-08-17 05:30:00,3426,5284.0379721584031
2014-08-17 06:00:00,3367,9222.626640249835
2014-08-17 06:30:00,3930,14434.328325313649
2014-08-17 07:00:00,3834,14908.76429987031
2014-08-17 07:30:00,5166,13627.333277323913
2014-08-17 08:00:00,6704,12573.601078757412
2014-08-17 08:30:00,8252,12444.616475915682
2014-08-17 09:00:00,8872,15055.974480228957
2014-08-17 09:30:00,10157,15897.020599758993
2014-08-17 10:00:00,11490,17505.457034817107
2014-08-17 10:30:00,13701,17536.697459505616
2014-08-17 11:00:00,14623,19264.707401484509
2014-08-17 11:30:00,15373,20472.553411219629
2014-08-17 12:00:00,15798,18460.616106524863
2014-08-17 12:30:00,16478,15050.988349080641
2014-08-17 13:00:00,16986,15545.148101340077
2014-08-17 13:30:00,16375,18248.244610763042
2014-08-17 14:00:00,17545,18153.539740330783
2014-08-17 14:30:00,17532,18819.303292676035
2014-08-17 15:00:00,16751,19208.831628019376
2014-08-17 15:30:00,16425,20932.732674185128
2014-08-17 16:00:00,16231,20926.734444316753
2014-08-17 16:30:00,16257,19646.881806599391
2014-08-17 17:00:00,16875,17656.487098063069
2014-08-17 17:30:00,18041,17739.055314355603
2014-08-17 18:00:00,18055,19748.613460767829
2014-08-17 18:30:00,18276,19753.211120385047
2014-08-17 19:00:00,18030,19587.270731890414
2014-08-17 19:30:00,17081,18282.846787070921
2014-08-17 20:00:00,16006,19557.435347052542
2014-08-17 20:30:00,16544,19495.776921988538
2014-08-17 21:00:00,16394,18358.028002069332
2014-08-17 21:30:00,16467,16573.89656927008
2014-08-17 22:00:00,15480,17305.490517521692
2014-08-17 22:30:00,14150,17119.724184511444
2014-08-17 23:00:00,12599,14278.60710798424
2014-08-17 23:30:00,11942,12848.933817287752
2014-08-18 00:00:00,9875,16522.104933196395
2014-08-18 00:30:00,7581,10504.818636426966
2014-08-18 01:00:00,5815,6715.7169088239461
2014-08-18 01:30:00,4164,5714.2456980333445
2014-08-18 02:00:00,3757,3905.1861672129526
2014-08-18 02:30:00,2863,2990.9184629413994
2014-08-18 03:00:00,2372,1838.5902654133715
2014-08-18 03:30:00,1951,2980.6437635620878
2014-08-18 04:00:00,2353,5084.4851594174779
2014-08-18 04:30:00,2332,7958.3643777805746
2014-08-18 05:00:00,2702,9892.0860964978201
2014-08-18 05:30:00,4271,13794.010429482085
2014-08-18 06:00:00,6107,17405.479603536733
2014-08-18 06:30:00,10069,18051.124352407722
2014-08-18 07:00:00,11882,15280.548536872895
2014-08-18 07:30:00,14095,13485.492545722273
2014-08-18 08:00:00,15597,14282.302457690157
2014-08-18 08:30:00,18046,16019.336763649957
2014-08-18 09:00:00,17168,19600.375831017245
2014-08-18 09:30:00,16333,17143.344408474593
2014-08-18 10:00:00,14794,17081.345937349131
2014-08-18 10:30:00,14653,15165.067174422085
2014-08-18 11:00:00,14058,16256.723887671364
2014-08-18 11:30:00,15162,17301.76259697647
2014-08-18 12:00:00,15013,20616.882795547648
2014-08-18 12:30:00,15376,22790.40264643541
2014-08-18 13:00:00,14922,22398.572668413406
2014-08-18 13:30:00,16122,18336.924205081465
2014-08-18 14:00:00,16229,17016.087852002503
2014-08-18 14:30:00,16481,14454.3618353984
2014-08-18 15:00:00,16424,14170.035269474249
2014-08-18 15:30:00,15719,16167.212574994928
2014-08-18 16:00:00,15087,15595.275792304055
2014-08-18 16:30:00,14465,19232.969250938702
2014-08-18 17:00:00,16588,18955.165087471298
2014-08-18 17:30:00,17923,20478.630739457152
2014-08-18 18:00:00,20054,20431.654266531514
2014-08-18 18:30:00,21402,20053.910015958922
2014-08-18 19:00:00,21523,18778.262135355555
2014-08-18 19:30:00,20447,16806.483324919689
2014-08-18 20:00:00,20431,16622.79895104481
2014-08-18 20:30:00,19708,15095.321990191
2014-08-18 21:00:00,19821,13462.20041690486
2014-08-18 21:30:00,19291,12526.973558703245
2014-08-18 22:00:00,18093,11984.921455281998
2014-08-18 22:30:00,16177,11482.475026077271
2014-08-18 23:00:00,14282,8748.8298914467796
2014-08-18 23:30:00,11852,6867.5062455129573
2014-08-19 00:00:00,9601,4620.965284165437
2014-08-19 00:30:00,7532,3059.7106436785107
2014-08-19 01:00:00,5866,1125.1989385686229
2014-08-19 01:30:00,4515,-1830.8168792038905
2014-08-19 02:00:00,3787,-665.21377511696664
2014-08-19 02:30:00,2947,2648.5267653638894
2014-08-19 03:00:00,2237,4921.150019336721
2014-08-19 03:30:00,2022,7400.0462598609702
2014-08-19 04:00:00,2313,9665.558682218656
2014-08-19 04:30:00,1932,14247.098377678714
2014-08-19 05:00:00,2200,15104.36321925917
2014-08-19 05:30:00,4019,16029.860692961318
2014-08-19 06:00:00,5928,16147.714883355966
2014-08-19 06:30:00,9987,13652.276300100088
2014-08-19 07:00:00,12094,13184.640317729445
2014-08-19 07:30:00,14716,15134.290376417406
2014-08-19 08:00:00,16670,16127.163525594324
2014-08-19 08:30:00,18950,16202.317169543401
2014-08-19 09:00:00,17964,18488.529054075283
2014-08-19 09:30:00,17783,17807.42965095595
2014-08-19 10:00:00,15966,19316.942248080792
2014-08-19 10:30:00,15946,17697.986207508427
2014-08-19 11:00:00,15205,16179.689340922654
2014-08-19 11:30:00,16175,15421.33142789828
2014-08-19 12:00:00,16790,15976.110522363346
2014-08-19 12:30:00,17284,14379.168844674241
2014-08-19 13:00:00,16153,14050.983371511635
2014-08-19 13:30:00,17673,16970.969705542
2014-08-19 14:00:00,18157,19332.303574354435
2014-08-19 14:30:00,17858,19115.816848337043
2014-08-19 15:00:00,17087,17651.37602240589
2014-08-19 15:30:00,16385,16892.378840976085
2014-08-19 16:00:00,15063,17578.086786534659
2014-08-19 16:30:00,13909,17775.190132278167
2014-08-19 17:00:00,16462,18057.87935644278
2014-08-19 17:30:00,18855,19625.924691638091
2014-08-19 18:00:00,21606,19337.858089994217
2014-08-19 18:30:00,22910,21064.248647674602
2014-08-19 19:00:00,23691,21605.567120690794
2014-08-19 19:30:00,22752,22385.067202271544
2014-08-19 20:00:00,22414,16709.198125379738
2014-08-19 20:30:00,21896,13634.476858617058
2014-08-19 21:00:00,21887,9301.8898758157156
2014-08-19 21:30:00,21845,7202.6322179227982
2014-08-19 22:00:00,21436,6231.0751825992975
2014-08-19 22:30:00,19787,6262.0199070512845
2014-08-19 23:00:00,18369,6709.4745658924003
2014-08-19 23:30:00,15132,6366.0759334786817
2014-08-20 00:00:00,12168,6488.0941757914698
2014-08-20 00:30:00,9288,5524.7332936819839
2014-08-20 01:00:00,7465,4142.2215727789371
2014-08-20 01:30:00,5656,2285.6811664379366
2014-08-20 02:00:00,4693,3020.9699499781218
2014-08-20 02:30:00,3694,5492.9886067634852
2014-08-20 03:00:00,3027,5749.2100926014864
2014-08-20 03:30:00,2587,8143.3535783151719
2014-08-20 04:00:00,2733,8875.4032184083026
2014-08-20 04:30:00,2216,12226.789511843876
2014-08-20 05:00:00,2289,12086.304563699203
2014-08-20 05:30:00,3937,13431.640232025615
2014-08-20 06:00:00,5718,13953.355007403099
2014-08-20 06:30:00,10053,13440.550800748239
2014-08-20 07:00:00,12154,12060.048917139407
2014-08-20 07:30:00,15289,13021.033346209166
2014-08-20 08:00:00,17424,16120.592921737203
2014-08-20 08:30:00,19403,17222.951960474238
2014-08-20 09:00:00,18488,17010.361066506957
2014-08-20 09:30:00,17881,15314.712276719491
2014-08-20 10:00:00,16397,16598.33549047527
2014-08-20 10:30:00,16319,19111.545952023804
2014-08-20 11:00:00,15923,19113.502548769695
2014-08-20 11:30:00,17200,17640.613792366261
2014-08-20 12:00:00,17140,17218.876283420519
2014-08-20 12:30:00,17422,13445.816755562641
2014-08-20 13:00:00,17393,14092.836798547305
2014-08-20 13:30:00,17612,15640.309542160521
2014-08-20 14:00:00,17475,17173.768959399444
2014-08-20 14:30:00,17685,18557.778272479616
2014-08-20 15:00:00,16765,17687.179144647653
2014-08-20 15:30:00,15701,17118.370470208694
2014-08-20 16:00:00,14276,19635.065064710641
2014-08-20 16:30:00,13715,21783.717523940977
2014-08-20 17:00:00,15577,21935.356378864009
2014-08-20 17:30:00,18831,20563.229409234147
2014-08-20 18:00:00,21971,18754.601069740365
2014-08-20 18:30:00,23814,21096.816011442315
2014-08-20 19:00:00,24147,23072.483989896464
2014-08-20 19:30:00,23300,23967.032860490679
2014-08-20 20:00:00,23237,22331.362437673739
2014-08-20 20:30:00,23018,19123.081224683345
2014-08-20 21:00:00,22814,11904.744258434279
2014-08-20 21:30:00,22716,8654.0326817907371
2014-08-20 22:00:00,22838,8793.1544763979509
2014-08-20 22:30:00,21546,9537.5195871460601
2014-08-20 23:00:00,19205,9625.9521514090211
2014-08-20 23:30:00,17041,7629.5332688624703
2014-08-21 00:00:00,14569,7012.9029264260917
2014-08-21 00:30:00,11396,6735.67479151527
2014-08-21 01:00:00,8719,5291.1503434466231
2014-08-21 01:30:00,6717,3483.7784530130102
2014-08-21 02:00:00,5410,2770.729603447875
2014-08-21 02:30:00,4458,5348.7073456879734
2014-08-21 03:00:00,3703,6539.58038218211
2014-08-21 03:30:00,3166,7417.8021721504238
2014-08-21 04:00:00,3256,8898.715600023088
2014-08-21 04:30:00,2805,12087.294015412626
2014-08-21 05:00:00,3067,13502.002343525863
2014-08-21 05:30:00,4424,15383.543477928386
2014-08-21 06:00:00,6076,16072.515563448878
2014-08-21 06:30:00,10251,16227.906255571574
2014-08-21 07:00:00,12400,14800.920263790529
2014-08-21 07:30:00,15229,13782.193237392506
2014-08-21 08:00:00,17252,16074.984873549331
2014-08-21 08:30:00,19332,17346.269397507069
2014-08-21 09:00:00,18249,17066.525336236558
2014-08-21 09:30:00,18059,16545.994190150741
2014-08-21 10:00:00,15889,16920.608161068616
2014-08-21 10:30:00,16234,16868.218897443301
2014-08-21 11:00:00,15730,19254.829250106715
2014-08-21 11:30:00,16578,18759.356387878157
2014-08-21 12:00:00,17363,16625.074797920617
2014-08-21 12:30:00,16708,13371.340836234705
2014-08-21 13:00:00,16809,13335.195996186572
2014-08-21 13:30:00,17193,14312.461416571579
2014-08-21 14:00:00,18105,16151.567010382187
2014-08-21 14:30:00,19035,18367.462901026793
2014-08-21 15:00:00,17230,18795.336980941971
2014-08-21 15:30:00,15928,18154.830860994218
2014-08-21 16:00:00,14180,19635.041933943081
2014-08-21 16:30:00,13252,23084.67297627178
2014-08-21 17:00:00,15256,24179.438898624423
2014-08-21 17:30:00,17773,22939.333169147005
2014-08-21 18:00:00,21104,21303.107396646155
2014-08-21 18:30:00,23557,21361.095130921894
2014-08-21 19:00:00,24797,22127.058985928164
2014-08-21 19:30:00,24794,22145.598842956846
2014-08-21 20:00:00,24154,22590.669189989592
2014-08-21 20:30:00,24501,19427.399631028031
2014-08-21 21:00:00,24042,15192.068588061858
2014-08-21 21:30:00,24125,11353.176225955807
2014-08-21 22:00:00,23970,9888.957624017341
2014-08-21 22:30:00,25949,10786.405924114219
2014-08-21 23:00:00,25094,12539.111109331287
2014-08-21 23:30:00,23295,9984.620156994637
2014-08-22 00:00:00,20552,8899.8163876530234
2014-08-22 00:30:00,16266,8258.4896821035909
2014-08-22 01:00:00,13365,8968.8944671518748
2014-08-22 01:30:00,10287,5614.5455130380651
2014-08-22 02:00:00,7901,2783.2094477394876
2014-08-22 02:30:00,6235,2586.9893913981468
2014-08-22 03:00:00,4869,4188.9757789969535
2014-08-22 03:30:00,3995,5695.8532879137383
2014-08-22 04:00:00,3734,6131.1023378470363
2014-08-22 04:30:00,3190,8122.5437595459862
2014-08-22 05:00:00,2878,11089.143583424247
2014-08-22 05:30:00,4020,15572.013739635035
2014-08-22 06:00:00,6062,17659.367436554363
2014-08-22 06:30:00,9502,17975.801617011115
2014-08-22 07:00:00,11446,17332.678169962408
2014-08-22 07:30:00,13665,14844.719012033063
2014-08-22 08:00:00,15257,14353.151364985673
2014-08-22 08:30:00,17391,15759.735182697421
2014-08-22 09:00:00,16922,17126.198672145376
2014-08-22 09:30:00,16227,16885.762104360387
2014-08-22 10:00:00,15185,16455.565412674907
2014-08-22 10:30:00,15390,14537.856576339771
2014-08-22 11:00:00,14725,16123.142766569115
2014-08-22 11:30:00,15415,17417.684989410191
2014-08-22 12:00:00,15729,17476.212815441802
2014-08-22 12:30:00,16131,14746.907569416082
2014-08-22 13:00:00,16058,14206.465223717629
2014-08-22 13:30:00,16015,14441.73904569508
2014-08-22 14:00:00,16749,14132.118169413943
2014-08-22 14:30:00,16857,16774.685185575963
2014-08-22 15:00:00,16588,16901.27729061386
2014-08-22 15:30:00,15430,18337.86218214879
2014-08-22 16:00:00,14186,19392.172854028009
2014-08-22 16:30:00,13756,23483.216299155836
2014-08-22 17:00:00,15596,25273.559641138545
2014-08-22 17:30:00,17743,23436.214491522253
2014-08-22 18:00:00,19439,21896.849309885845
2014-08-22 18:30:00,21047,20856.263097406201
2014-08-22 19:00:00,22647,22681.784659626093
2014-08-22 19:30:00,21734,23524.38343800166
2014-08-22 20:00:00,21394,24524.718809833626
2014-08-22 20:30:00,20208,24359.912767178288
2014-08-22 21:00:00,20329,23055.18948448851
2014-08-22 21:30:00,20221,18952.878720393517
2014-08-22 22:00:00,20945,12778.228693912042
2014-08-22 22:30:00,22327,12062.15851271656
2014-08-22 23:00:00,22765,14388.387458407782
2014-08-22 23:30:00,22852,13679.099612622407
2014-08-23 00:00:00,22726,12176.217652331605
2014-08-23 00:30:00,21079,10538.307193775867
2014-08-23 01:00:00,19166,9685.189561155923
2014-08-23 01:30:00,17719,9888.520278758624
2014-08-23 02:00:00,16471,8053.6320757574522
2014-08-23 02:30:00,14158,6448.1291339263626
2014-08-23 03:00:00,12730,3703.4530449940248
2014-08-23 03:30:00,10984,4927.1855749855094
2014-08-23 04:00:00,9409,5794.5098605832864
2014-08-23 04:30:00,5667,6113.6625089216996
2014-08-23 05:00:00,3879,6293.2450917135557
2014-08-23 05:30:00,3398,11051.736492486454
2014-08-23 06:00:00,3683,12516.044638457766
2014-08-23 06:30:00,4437,14810.907481783917
2014-08-23 07:00:00,4732,15678.999045465707
2014-08-23 07:30:00,6130,14896.827152874044
2014-08-23 08:00:00,6492,13013.891044978187
2014-08-23 08:30:00,8397,13049.70230249526
2014-08-23 09:00:00,9673,14910.375036545158
2014-08-23 09:30:00,11493,15841.452089523989
2014-08-23 10:00:00,11723,18756.426480242688
2014-08-23 10:30:00,14060,20218.088904611828
2014-08-23 11:00:00,14204,19716.117912863869
2014-08-23 11:30:00,15542,19036.699058486975
2014-08-23 12:00:00,15446,17139.529131749066
2014-08-23 12:30:00,15993,14528.497724098657
2014-08-23 13:00:00,16206,13828.305596958686
2014-08-23 13:30:00,16531,12388.337650281235
2014-08-23 14:00:00,15717,14129.672476369862
2014-08-23 14:30:00,15964,16436.469655655957
2014-08-23 15:00:00,15868,18774.965280120949
2014-08-23 15:30:00,16012,18537.946077232322
2014-08-23 16:00:00,16200,16956.75357864955
2014-08-23 16:30:00,15778,18267.359133655282
2014-08-23 17:00:00,16268,19696.596043370257
2014-08-23 17:30:00,18160,21785.559791910564
2014-08-23 18:00:00,19155,23051.012701165975
2014-08-23 18:30:00,20365,23389.684166291885
2014-08-23 19:00:00,21278,23130.023514958099
2014-08-23 19:30:00,20466,23416.496556265749
2014-08-23 20:00:00,20057,23960.245541648961
2014-08-23 20:30:00,23457,23967.930069694208
2014-08-23 21:00:00,18798,24174.587558650273
2014-08-23 21:30:00,19387,22630.274402220464
2014-08-23 22:00:00,19998,20831.232652096223
2014-08-23 22:30:00,21426,17533.042276755597
2014-08-23 23:00:00,22449,15708.685604721359
2014-08-23 23:30:00,22640,13877.280950321927
2014-08-24 00:00:00,22666,13357.734534293284
2014-08-24 00:30:00,21430,14553.592486701526
2014-08-24 01:00:00,20015,13182.128744975296
2014-08-24 01:30:00,18791,8943.6727642712849
2014-08-24 02:00:00,17683,7675.2794745160518
2014-08-24 02:30:00,15830,5617.4897033967736
2014-08-24 03:00:00,13862,3303.4656538109448
2014-08-24 03:30:00,11961,3723.4059553253446
2014-08-24 04:00:00,10153,3964.0299006325622
2014-08-24 04:30:00,6051,4944.7124199684149
2014-08-24 05:00:00,3848,3977.5546333307248
2014-08-24 05:30:00,2948,4035.2300120806103
2014-08-24 06:00:00,3143,6150.5674578222406
2014-08-24 06:30:00,3505,11042.801065816862
2014-08-24 07:00:00,3812,12351.568200207414
2014-08-24 07:30:00,4939,12910.534306481401
2014-08-24 08:00:00,5442,12544.274421176346
2014-08-24 08:30:00,6630,12800.805574338556
2014-08-24 09:00:00,7744,14182.547484987157
2014-08-24 09:30:00,10198,15262.892817910819
2014-08-24 10:00:00,11041,15887.323627377767
2014-08-24 10:30:00,13200,15854.805135617271
2014-08-24 11:00:00,14107,17161.988120995542
2014-08-24 11:30:00,15069,18076.690524295245
2014-08-24 12:00:00,15638,18098.074242508676
2014-08-24 12:30:00,15464,16153.506674676008
2014-08-24 13:00:00,15901,14898.148526931784
2014-08-24 13:30:00,16001,14849.90201686201
2014-08-24 14:00:00,16492,14206.540121208371
2014-08-24 14:30:00,16166,16687.189013391879
2014-08-24 15:00:00,15531,18510.799830919255
2014-08-24 15:30:00,15655,19286.595627182465
2014-08-24 16:00:00,15040,19917.497891063198
2014-08-24 16:30:00,15083,18968.210302568306
2014-08-24 17:00:00,16229,17815.859183531815
2014-08-24 17:30:00,17409,18284.923328300283
2014-08-24 18:00:00,17288,18430.937210409251
2014-08-24 18:30:00,17242,19747.488097371817
2014-08-24 19:00:00,17129,22110.34876710585
2014-08-24 19:30:00,16103,19004.138985952333
2014-08-24 20:00:00,16485,19154.621410116433
2014-08-24 20:30:00,16190,18254.966663161311
2014-08-24 21:00:00,15500,18237.946094744966
2014-08-24 21:30:00,15128,17061.075713934828
2014-08-24 22:00:00,14489,18755.858670948906
2014-08-24 22:30:00,13947,17196.452867170439
2014-08-24 23:00:00,12525,15677.632485050512
2014-08-24 23:30:00,11899,11084.494639519104
2014-08-25 00:00:00,9192,16450.000829879078
2014-08-25 00:30:00,6886,9100.12701919346
2014-08-25 01:00:00,4888,6283.9171548576669
2014-08-25 01:30:00,4138,8697.7581227837109
2014-08-25 02:00:00,3366,3767.5357773823944
2014-08-25 02:30:00,2698,4596.4564909044639
2014-08-25 03:00:00,2290,2508.3160318964674
2014-08-25 03:30:00,2009,4225.8741873376712
2014-08-25 04:00:00,2265,6587.4070322574426
2014-08-25 04:30:00,2213,7973.4580370516978
2014-08-25 05:00:00,2450,8985.9094638594906
2014-08-25 05:30:00,3829,13543.331152658477
2014-08-25 06:00:00,5933,18043.501884252692
2014-08-25 06:30:00,9356,16974.430499170758
2014-08-25 07:00:00,11482,14907.321919382108
2014-08-25 07:30:00,13178,13211.157735769841
2014-08-25 08:00:00,14803,16381.770460143471
2014-08-25 08:30:00,16826,13716.109879845522
2014-08-25 09:00:00,16649,19990.21898095743
2014-08-25 09:30:00,15422,18250.529220718559
2014-08-25 10:00:00,13996,15856.646277122036
2014-08-25 10:30:00,13682,13188.800745718496
2014-08-25 11:00:00,13297,15296.916028116138
2014-08-25 11:30:00,14284,14856.286162840195
2014-08-25 12:00:00,14435,17818.181912086635
2014-08-25 12:30:00,14612,21240.364322963156
2014-08-25 13:00:00,14814,19153.534006797985
2014-08-25 13:30:00,15398,16975.672784405753
2014-08-25 14:00:00,15511,13858.625438238972
2014-08-25 14:30:00,15828,14569.493605603529
2014-08-25 15:00:00,15396,12778.786259738486
2014-08-25 15:30:00,15109,15232.507013013086
2014-08-25 16:00:00,14787,13477.037730873046
2014-08-25 16:30:00,14532,18956.226238504038
2014-08-25 17:00:00,16387,17257.883643286328
2014-08-25 17:30:00,18242,17471.17965274585
2014-08-25 18:00:00,19715,18051.206581735762
2014-08-25 18:30:00,20288,20365.18016657672
2014-08-25 19:00:00,20761,17679.251814772968
2014-08-25 19:30:00,19466,15299.084239943149
2014-08-25 20:00:00,19670,14472.377217958534
2014-08-25 20:30:00,18802,14557.657453437674
2014-08-25 21:00:00,18709,12745.135395459878
2014-08-25 21:30:00,17186,12611.106906044359
2014-08-25 22:00:00,16500,11902.301426657221
2014-08-25 22:30:00,15616,11287.624283924288
2014-08-25 23:00:00,13902,8716.9360117678352
2014-08-25 23:30:00,11077,6915.4906776144044
2014-08-26 00:00:00,9618,3247.6089411688517
2014-08-26 00:30:00,7193,1551.2028019877198
2014-08-26 01:00:00,5665,795.82574548297634
2014-08-26 01:30:00,4149,-1813.2119331808262
2014-08-26 02:00:00,3502,-738.87559387463079
2014-08-26 02:30:00,2634,929.37968779428957
2014-08-26 03:00:00,2100,2800.8979824281796
2014-08-26 03:30:00,1985,4674.148730568977
2014-08-26 04:00:00,2053,8376.6518603300028
2014-08-26 04:30:00,1841,13165.352349374582
2014-08-26 05:00:00,1909,14530.066337221315
2014-08-26 05:30:00,3547,15830.730168182414
2014-08-26 06:00:00,5829,16615.468061508866
2014-08-26 06:30:00,9599,13456.759660998732
2014-08-26 07:00:00,11323,13245.243087367699
2014-08-26 07:30:00,13923,15679.384217918272
2014-08-26 08:00:00,16029,16964.021876039475
2014-08-26 08:30:00,18308,17859.733312921693
2014-08-26 09:00:00,17153,18223.851042499569
2014-08-26 09:30:00,16723,16881.301420754877
2014-08-26 10:00:00,15360,18688.977462129515
2014-08-26 10:30:00,16066,16735.129738990894
2014-08-26 11:00:00,14643,14828.728024097922
2014-08-26 11:30:00,15960,13561.557597753539
2014-08-26 12:00:00,16351,13373.305880643051
2014-08-26 12:30:00,16173,11196.522069786037
2014-08-26 13:00:00,15659,12138.446209236454
2014-08-26 13:30:00,17346,13990.325018728679
2014-08-26 14:00:00,17145,17740.17034669832
2014-08-26 14:30:00,16896,17479.364832119642
2014-08-26 15:00:00,16746,16667.711373209549
2014-08-26 15:30:00,15797,16092.809036275718
2014-08-26 16:00:00,14202,17159.539316273382
2014-08-26 16:30:00,14083,16644.340676832519
2014-08-26 17:00:00,16074,17116.857782438568
2014-08-26 17:30:00,18329,18325.011343738563
2014-08-26 18:00:00,20961,19362.995766903488
2014-08-26 18:30:00,22545,20226.261890400856
2014-08-26 19:00:00,22067,20414.05054988241
2014-08-26 19:30:00,21416,19728.565156901124
2014-08-26 20:00:00,21484,16034.377186658789
2014-08-26 20:30:00,20731,14048.223633343763
2014-08-26 21:00:00,20969,9449.9013571158466
2014-08-26 21:30:00,20820,7232.9083084771237
2014-08-26 22:00:00,19650,4923.3430392645769
2014-08-26 22:30:00,18240,6781.6086496262378
2014-08-26 23:00:00,17133,6893.4216665089116
2014-08-26 23:30:00,14907,6318.2081879225552
2014-08-27 00:00:00,11703,5155.1446362214447
2014-08-27 00:30:00,8521,4784.2713498457415
2014-08-27 01:00:00,6962,3617.9043817590955
2014-08-27 01:30:00,5451,2067.9654519050073
2014-08-27 02:00:00,4439,3292.3384627077139
2014-08-27 02:30:00,3436,5693.4980270692668
2014-08-27 03:00:00,2741,4815.0654871542029
2014-08-27 03:30:00,2311,5638.4532236852028
2014-08-27 04:00:00,2532,8148.3589203748261
2014-08-27 04:30:00,2066,11935.434608235206
2014-08-27 05:00:00,2111,12082.194227890748
2014-08-27 05:30:00,3623,13889.991499801856
2014-08-27 06:00:00,5719,14665.081013223231
2014-08-27 06:30:00,9376,13247.185307678155
2014-08-27 07:00:00,11971,11127.598746832708
2014-08-27 07:30:00,14673,12675.264416714295
2014-08-27 08:00:00,16545,16026.701779526238
2014-08-27 08:30:00,18678,17039.316281324394
2014-08-27 09:00:00,17655,16730.360804199743
2014-08-27 09:30:00,17485,14908.836050837839
2014-08-27 10:00:00,15834,16806.819325507691
2014-08-27 10:30:00,15703,18594.773724793762
2014-08-27 11:00:00,15816,18865.74242695943
2014-08-27 11:30:00,16870,17253.700682881426
2014-08-27 12:00:00,17123,16287.887170450969
2014-08-27 12:30:00,16841,13301.547327167124
2014-08-27 13:00:00,16700,13547.975059261918
2014-08-27 13:30:00,17722,16146.102027804011
2014-08-27 14:00:00,17849,17690.078092271586
2014-08-27 14:30:00,18221,18182.024132916216
2014-08-27 15:00:00,17208,17635.135736564436
2014-08-27 15:30:00,16318,17253.99526452152
2014-08-27 16:00:00,14910,17980.160626620058
2014-08-27 16:30:00,14145,19377.035929833168
2014-08-27 17:00:00,16330,20202.177897493828
2014-08-27 17:30:00,19328,19605.880052562316
2014-08-27 18:00:00,21226,18942.863675889188
2014-08-27 18:30:00,23109,19871.940266588823
2014-08-27 19:00:00,24206,21890.465324378849
2014-08-27 19:30:00,23297,22472.325342563603
2014-08-27 20:00:00,23493,21958.444930459613
2014-08-27 20:30:00,22794,17595.753100156297
2014-08-27 21:00:00,22502,11225.822580786251
2014-08-27 21:30:00,22337,7897.9390867209322
2014-08-27 22:00:00,24446,7177.1432971504
2014-08-27 22:30:00,20929,7805.2139131716849
2014-08-27 23:00:00,17937,8437.4611248775655
2014-08-27 23:30:00,16036,7496.4128133700187
2014-08-28 00:00:00,13547,5578.6827055175836
2014-08-28 00:30:00,10363,5579.085980578704
2014-08-28 01:00:00,8553,3995.9576295243896
2014-08-28 01:30:00,6457,2932.1998471818861
2014-08-28 02:00:00,5248,2985.5030853252665
2014-08-28 02:30:00,3879,4287.6300998505903
2014-08-28 03:00:00,3173,4967.7365128595029
2014-08-28 03:30:00,2653,7075.0322803399649
2014-08-28 04:00:00,2858,8217.4073476405574
2014-08-28 04:30:00,2244,10387.79709906222
2014-08-28 05:00:00,2312,12831.493917538915
2014-08-28 05:30:00,3859,15532.496853733481
2014-08-28 06:00:00,5772,15486.656514256736
2014-08-28 06:30:00,9391,15193.576082616468
2014-08-28 07:00:00,11375,13900.571709814873
2014-08-28 07:30:00,14319,13654.020659666341
2014-08-28 08:00:00,16103,16329.812169302057
2014-08-28 08:30:00,18835,16638.962678819633
2014-08-28 09:00:00,17891,17185.499292916087
2014-08-28 09:30:00,17000,16465.09872311799
2014-08-28 10:00:00,15534,15678.052856181561
2014-08-28 10:30:00,15916,15667.923544118614
2014-08-28 11:00:00,15153,18212.419595586551
2014-08-28 11:30:00,16440,17314.324513376596
2014-08-28 12:00:00,16424,17289.297727155248
2014-08-28 12:30:00,16093,14605.373604979559
2014-08-28 13:00:00,16178,13737.637731428042
2014-08-28 13:30:00,17050,15696.779005927758
2014-08-28 14:00:00,16795,18255.189048993801
2014-08-28 14:30:00,17547,18636.584630901492
2014-08-28 15:00:00,16769,17182.79595294753
2014-08-28 15:30:00,15701,16893.505220298102
2014-08-28 16:00:00,14067,19926.4224468635
2014-08-28 16:30:00,13534,21322.935404390508
2014-08-28 17:00:00,15939,23797.779660111213
2014-08-28 17:30:00,18560,21534.989407521865
2014-08-28 18:00:00,21029,20774.837517269865
2014-08-28 18:30:00,22181,20681.505238425241
2014-08-28 19:00:00,22860,21899.521039762916
2014-08-28 19:30:00,22742,22735.267165552825
2014-08-28 20:00:00,22569,21076.402273118154
2014-08-28 20:30:00,22184,19826.141444941772
2014-08-28 21:00:00,21926,14383.708647972397
2014-08-28 21:30:00,22510,10779.342447802503
2014-08-28 22:00:00,22350,9200.3217355083889
2014-08-28 22:30:00,21756,10583.741982656462
2014-08-28 23:00:00,20994,11915.337129404188
2014-08-28 23:30:00,19084,9561.4735953400432
2014-08-29 00:00:00,16702,7464.6251347941325
2014-08-29 00:30:00,13985,7289.0648975176064
2014-08-29 01:00:00,11632,6322.6530525114795
2014-08-29 01:30:00,9900,4271.7618895786582
2014-08-29 02:00:00,8443,3553.2980065955689
2014-08-29 02:30:00,6546,4995.7308406100983
2014-08-29 03:00:00,5270,7356.5021992694956
2014-08-29 03:30:00,4521,6678.7432175234808
2014-08-29 04:00:00,4369,7005.1103051742621
2014-08-29 04:30:00,3409,8553.4312750104909
2014-08-29 05:00:00,2967,12126.573994848339
2014-08-29 05:30:00,4444,15801.080323781815
2014-08-29 06:00:00,5712,16571.386286528523
2014-08-29 06:30:00,9008,16203.928488849642
2014-08-29 07:00:00,10312,15073.948053923703
2014-08-29 07:30:00,12809,13343.939919020268
2014-08-29 08:00:00,13491,14135.904268592652
2014-08-29 08:30:00,16417,14696.331825074853
2014-08-29 09:00:00,15906,16548.76464384003
2014-08-29 09:30:00,15249,16168.328579345613
2014-08-29 10:00:00,14367,16619.158892945143
2014-08-29 10:30:00,14667,15754.941371560051
2014-08-29 11:00:00,14738,16474.963988424144
2014-08-29 11:30:00,16134,15605.235305874734
2014-08-29 12:00:00,16343,15359.732270850729
2014-08-29 12:30:00,15908,14963.252567346492
2014-08-29 13:00:00,16700,14742.711011675368
2014-08-29 13:30:00,16712,16060.42796766611
2014-08-29 14:00:00,17394,17251.367840337374
2014-08-29 14:30:00,17680,18076.129675738099
2014-08-29 15:00:00,17495,17920.526709055008
2014-08-29 15:30:00,15984,18898.955653518238
2014-08-29 16:00:00,14946,19126.763631055102
2014-08-29 16:30:00,14572,21322.999593254521
2014-08-29 17:00:00,16880,24234.42658673093
2014-08-29 17:30:00,19398,22148.320167984763
2014-08-29 18:00:00,20797,20705.168130056249
2014-08-29 18:30:00,21449,18437.194533486239
2014-08-29 19:00:00,22077,20341.812202418809
2014-08-29 19:30:00,21483,21629.632198522024
2014-08-29 20:00:00,20415,22627.846149565856
2014-08-29 20:30:00,20436,20940.641797971031
2014-08-29 21:00:00,19315,18360.661231073565
2014-08-29 21:30:00,19328,13970.580067830157
2014-08-29 22:00:00,19660,10931.902143378151
2014-08-29 22:30:00,21469,12226.074714419308
2014-08-29 23:00:00,20853,13237.165383452477
2014-08-29 23:30:00,21452,11592.408128134892
2014-08-30 00:00:00,20564,9958.6129466934181
2014-08-30 00:30:00,19267,8354.9159832675286
2014-08-30 01:00:00,17439,7662.6088872802102
2014-08-30 01:30:00,14848,7323.5094014642118
2014-08-30 02:00:00,13900,5372.3871469392707
2014-08-30 02:30:00,12731,6579.2530123925899
2014-08-30 03:00:00,10776,5500.3522926313071
2014-08-30 03:30:00,9550,6344.1499376919091
2014-08-30 04:00:00,8605,5658.7046857748464
2014-08-30 04:30:00,5547,5504.605825034816
2014-08-30 05:00:00,3605,6454.1935799411058
2014-08-30 05:30:00,3238,12523.911666644006
2014-08-30 06:00:00,3520,13409.803035867208
2014-08-30 06:30:00,4315,14503.816351901471
2014-08-30 07:00:00,5116,14477.501172656197
2014-08-30 07:30:00,5918,13788.058850301612
2014-08-30 08:00:00,6383,13015.621996447446
2014-08-30 08:30:00,8259,13331.00052877439
2014-08-30 09:00:00,9430,15847.182259658019
2014-08-30 09:30:00,11656,16851.466503595995
2014-08-30 10:00:00,11833,18715.296547542093
2014-08-30 10:30:00,13393,19120.057316641669
2014-08-30 11:00:00,13778,17936.775463996342
2014-08-30 11:30:00,15204,15958.910630664193
2014-08-30 12:00:00,15367,17270.345723815091
2014-08-30 12:30:00,15775,17693.914285834111
2014-08-30 13:00:00,16045,14273.2704753577
2014-08-30 13:30:00,16499,14840.432290724137
2014-08-30 14:00:00,16113,15562.083807202656
2014-08-30 14:30:00,16651,18352.322412512804
2014-08-30 15:00:00,16507,18869.565472973929
2014-08-30 15:30:00,16868,17536.227559253475
2014-08-30 16:00:00,15594,17218.055327832331
2014-08-30 16:30:00,16037,17994.137408208575
2014-08-30 17:00:00,16973,18352.669733148894
2014-08-30 17:30:00,18390,18833.853134007029
2014-08-30 18:00:00,18681,19285.355733170698
2014-08-30 18:30:00,19196,18854.722138721936
2014-08-30 19:00:00,19744,20732.942483334198
2014-08-30 19:30:00,19564,21672.573027926468
2014-08-30 20:00:00,17522,24874.371984550187
2014-08-30 20:30:00,17731,24226.22743538169
2014-08-30 21:00:00,17364,22742.465671723439
2014-08-30 21:30:00,17483,19900.998351268696
2014-08-30 22:00:00,18037,18123.357997547453
2014-08-30 22:30:00,19559,14985.223341914843
2014-08-30 23:00:00,19421,13076.33009241483
2014-08-30 23:30:00,19857,12347.258916311614
2014-08-31 00:00:00,19205,12149.90084993301
2014-08-31 00:30:00,18139,11253.42276152548
2014-08-31 01:00:00,16686,9283.6455697702841
2014-08-31 01:30:00,14841,7163.167298239181
2014-08-31 02:00:00,14018,4807.7069415495043
2014-08-31 02:30:00,12187,4511.596874155799
2014-08-31 03:00:00,10536,4351.2957873372252
2014-08-31 03:30:00,9591,4736.1705875934786
2014-08-31 04:00:00,8665,4408.9694703038367
2014-08-31 04:30:00,5317,5241.7694698511259
2014-08-31 05:00:00,3597,4402.7967339126808
2014-08-31 05:30:00,2783,4976.7111753455301
2014-08-31 06:00:00,2587,8926.4467588241041
2014-08-31 06:30:00,2914,11454.604654770608
2014-08-31 07:00:00,3167,11899.489946408154
2014-08-31 07:30:00,4212,11320.151218231016
2014-08-31 08:00:00,4502,12035.155239298614
2014-08-31 08:30:00,5730,12788.732479038295
2014-08-31 09:00:00,7102,15208.785208078172
2014-08-31 09:30:00,9054,15669.664942710442
2014-08-31 10:00:00,10152,16277.989093974436
2014-08-31 10:30:00,13059,17367.914503354688
2014-08-31 11:00:00,13923,18999.694990290263
2014-08-31 11:30:00,14755,18662.335519487646
2014-08-31 12:00:00,15186,18849.996808039075
2014-08-31 12:30:00,16404,15305.30956316831
2014-08-31 13:00:00,16652,16276.279420342522
2014-08-31 13:30:00,17446,17484.889438629023
2014-08-31 14:00:00,17493,17920.206076230483
2014-08-31 14:30:00,17264,18808.70565170038
2014-08-31 15:00:00,16546,18866.161220843413
2014-08-31 15:30:00,17090,19320.729699465755
2014-08-31 16:00:00,17297,18634.883652965189
2014-08-31 16:30:00,16546,18646.155197794571
2014-08-31 17:00:00,16474,17619.853839255084
2014-08-31 17:30:00,16959,17082.037811666592
2014-08-31 18:00:00,16567,17128.885420439299
2014-08-31 18:30:00,17590,16884.546449245845
2014-08-31 19:00:00,17053,17243.583076035309
2014-08-31 19:30:00,16561,16434.849325658124
2014-08-31 20:00:00,16870,16922.587385025017
2014-08-31 20:30:00,16514,16964.685143758412
2014-08-31 21:00:00,15871,16252.520900637657
2014-08-31 21:30:00,15529,15706.504340475818
2014-08-31 22:00:00,15049,17267.520641505274
2014-08-31 22:30:00,15675,14825.293106682497
2014-08-31 23:00:00,15673,11925.532705016012
2014-08-31 23:30:00,15524,11067.32553812587
2014-09-01 00:00:00,14618,9755.1073884886137
2014-09-01 00:30:00,12908,7547.6238964468594
2014-09-01 01:00:00,10842,5494.5335086266696
2014-09-01 01:30:00,9248,5156.9518126384464
2014-09-01 02:00:00,8588,2483.1361194657402
2014-09-01 02:30:00,7631,2249.7890211861322
2014-09-01 03:00:00,6519,2397.8497713792076
2014-09-01 03:30:00,5657,2950.4304746848829
2014-09-01 04:00:00,5214,4346.0182894499067
2014-09-01 04:30:00,3827,6554.6864785798371
2014-09-01 05:00:00,2939,6354.3741476035266
2014-09-01 05:30:00,2872,8688.0086256295654
2014-09-01 06:00:00,2994,11696.034444881489
2014-09-01 06:30:00,3708,12880.093461822667
2014-09-01 07:00:00,3547,12288.792611930665
2014-09-01 07:30:00,4761,11985.317050499973
2014-09-01 08:00:00,5038,12264.557391234446
2014-09-01 08:30:00,5875,12022.552645345366
2014-09-01 09:00:00,6910,13222.628741998695
2014-09-01 09:30:00,8800,13073.491309048532
2014-09-01 10:00:00,9782,14962.615618996264
2014-09-01 10:30:00,11506,15880.284409259095
2014-09-01 11:00:00,12291,17220.106410736764
2014-09-01 11:30:00,13600,16898.990943218938
2014-09-01 12:00:00,14040,19316.975083678168
2014-09-01 12:30:00,15063,20222.895486105859
2014-09-01 13:00:00,15073,20567.083694852576
2014-09-01 13:30:00,15834,18780.505070099851
2014-09-01 14:00:00,16567,18085.458969599302
2014-09-01 14:30:00,16955,18941.800350602305
2014-09-01 15:00:00,17408,18267.199820362894
2014-09-01 15:30:00,16857,18956.863064618923
2014-09-01 16:00:00,16002,17688.558109291222
2014-09-01 16:30:00,15826,18578.532366763589
2014-09-01 17:00:00,16961,18313.244267010232
2014-09-01 17:30:00,17779,17861.312690875224
2014-09-01 18:00:00,17578,16588.246467157493
2014-09-01 18:30:00,17777,16664.551562683137
2014-09-01 19:00:00,17764,15626.862460118407
2014-09-01 19:30:00,17130,15400.493574542488
2014-09-01 20:00:00,16641,15441.395950523951
2014-09-01 20:30:00,16884,15073.595793727374
2014-09-01 21:00:00,15068,14729.459448729691
2014-09-01 21:30:00,15557,13346.912757382666
2014-09-01 22:00:00,13766,13709.882726224869
2014-09-01 22:30:00,13377,11040.380642371525
2014-09-01 23:00:00,11025,7640.604110809295
2014-09-01 23:30:00,9707,6544.1342989834848
2014-09-02 00:00:00,8043,2698.2653131106581
2014-09-02 00:30:00,5630,1581.2668475671344
2014-09-02 01:00:00,4347,1452.2465139826145
2014-09-02 01:30:00,3606,1602.7966051921267
2014-09-02 02:00:00,2588,1773.8818631500017
2014-09-02 02:30:00,1969,2457.8862428963039
2014-09-02 03:00:00,1876,3618.0478790916422
2014-09-02 03:30:00,1431,5776.8458468365388
2014-09-02 04:00:00,1752,7239.1768590492147
2014-09-02 04:30:00,2044,9883.4045262889831
2014-09-02 05:00:00,2447,12105.829846060042
2014-09-02 05:30:00,4617,14858.624108129206
2014-09-02 06:00:00,6988,16126.024120778849
2014-09-02 06:30:00,11616,15576.565872231469
2014-09-02 07:00:00,14774,15679.423621674845
2014-09-02 07:30:00,17823,15742.961040973298
2014-09-02 08:00:00,18623,17385.760572458465
2014-09-02 08:30:00,18814,18342.294603030441
2014-09-02 09:00:00,19221,18216.201680067505
2014-09-02 09:30:00,18627,15671.588175988349
2014-09-02 10:00:00,16650,14411.120239392065
2014-09-02 10:30:00,17378,13365.808059056828
2014-09-02 11:00:00,16414,15262.479379280867
2014-09-02 11:30:00,17230,16206.340057581096
2014-09-02 12:00:00,17557,17326.349196849802
2014-09-02 12:30:00,18262,18823.588293368426
2014-09-02 13:00:00,17698,19005.736394399857
2014-09-02 13:30:00,18863,17108.034846419829
2014-09-02 14:00:00,18234,15614.103909219728
2014-09-02 14:30:00,18514,15182.48183476134
2014-09-02 15:00:00,18364,14093.24802043544
2014-09-02 15:30:00,17952,15226.148852148699
2014-09-02 16:00:00,15781,17403.447253423426
2014-09-02 16:30:00,14487,18671.414152487159
2014-09-02 17:00:00,16062,18955.65323087704
2014-09-02 17:30:00,18952,17291.109156195216
2014-09-02 18:00:00,21395,15923.629437355052
2014-09-02 18:30:00,23040,16266.295514921976
2014-09-02 19:00:00,22890,15490.676471177701
2014-09-02 19:30:00,22306,13247.405073791308
2014-09-02 20:00:00,21704,11658.668087739745
2014-09-02 20:30:00,20543,11907.760352278507
2014-09-02 21:00:00,19896,10970.864539319071
2014-09-02 21:30:00,19857,9799.8292059094674
2014-09-02 22:00:00,17841,7239.7720918143086
2014-09-02 22:30:00,16192,6691.6973868056921
2014-09-02 23:00:00,14116,6387.5882767640578
2014-09-02 23:30:00,12865,5311.0711201600661
2014-09-03 00:00:00,10465,3459.1958050101603
2014-09-03 00:30:00,8215,2536.3041445273066
2014-09-03 01:00:00,6481,1900.4135676652513
2014-09-03 01:30:00,4265,864.91976296108987
2014-09-03 02:00:00,3434,1759.6037320867235
2014-09-03 02:30:00,2726,3446.1786576537543
2014-09-03 03:00:00,2358,4910.3894396303913
2014-09-03 03:30:00,2019,10304.371048319867
2014-09-03 04:00:00,2137,13155.82954844266
2014-09-03 04:30:00,1903,15451.959147697018
2014-09-03 05:00:00,2252,15237.25052481077
2014-09-03 05:30:00,4206,15927.222329919012
2014-09-03 06:00:00,6545,16174.082484009185
2014-09-03 06:30:00,11780,15044.163936761322
2014-09-03 07:00:00,14707,16280.460637376138
2014-09-03 07:30:00,18624,16357.248318131798
2014-09-03 08:00:00,19178,17341.815021970109
2014-09-03 08:30:00,20265,17207.468360655745
2014-09-03 09:00:00,19277,18628.961822506277
2014-09-03 09:30:00,19042,20077.686911410216
2014-09-03 10:00:00,18108,21320.488301808604
2014-09-03 10:30:00,18275,18929.375980037523
2014-09-03 11:00:00,17300,17188.02194750301
2014-09-03 11:30:00,18631,15072.654529177169
2014-09-03 12:00:00,18582,17060.627982233294
2014-09-03 12:30:00,18037,16902.830558932415
2014-09-03 13:00:00,17899,15878.676750181934
2014-09-03 13:30:00,18984,17303.549851350374
2014-09-03 14:00:00,18491,18035.219470495453
2014-09-03 14:30:00,19072,16713.695099957284
2014-09-03 15:00:00,18693,16876.771116019583
2014-09-03 15:30:00,17268,15747.327983082472
2014-09-03 16:00:00,15918,16777.221707790632
2014-09-03 16:30:00,14478,18735.035918715395
2014-09-03 17:00:00,16540,18114.383950453906
2014-09-03 17:30:00,19765,18415.285243337938
2014-09-03 18:00:00,22526,19306.938795129077
2014-09-03 18:30:00,23454,20393.147643729848
2014-09-03 19:00:00,24380,19796.881097372752
2014-09-03 19:30:00,24477,20957.736239565493
2014-09-03 20:00:00,24234,20739.358158620529
2014-09-03 20:30:00,23319,16457.277631507146
2014-09-03 21:00:00,23387,12943.307221146248
2014-09-03 21:30:00,22963,10685.308352125561
2014-09-03 22:00:00,22006,8484.2741682672895
2014-09-03 22:30:00,20301,8645.052813151251
2014-09-03 23:00:00,18259,10093.420607806651
2014-09-03 23:30:00,15608,10363.825295359948
2014-09-04 00:00:00,12990,7642.4980820918672
2014-09-04 00:30:00,10273,8590.1522753784739
2014-09-04 01:00:00,8434,5056.6556991817979
2014-09-04 01:30:00,6378,2153.8980392928261
2014-09-04 02:00:00,5549,2996.0705106919413
2014-09-04 02:30:00,4131,5513.6590950545542
2014-09-04 03:00:00,3241,7562.2492380306976
2014-09-04 03:30:00,2410,9112.9492838022124
2014-09-04 04:00:00,2804,9627.7244695942609
2014-09-04 04:30:00,2320,14474.59065608978
2014-09-04 05:00:00,2431,15129.229573049124
2014-09-04 05:30:00,4222,16405.734645717363
2014-09-04 06:00:00,6633,15453.284683334794
2014-09-04 06:30:00,12006,12924.367794442076
2014-09-04 07:00:00,15589,13779.057397575083
2014-09-04 07:30:00,20359,15886.020668187555
2014-09-04 08:00:00,20593,18390.963593291002
2014-09-04 08:30:00,19590,20455.52678246854
2014-09-04 09:00:00,19637,21406.074474916422
2014-09-04 09:30:00,19026,21388.490760157532
2014-09-04 10:00:00,18629,20850.96292556281
2014-09-04 10:30:00,18568,18939.882058566491
2014-09-04 11:00:00,18041,16436.098883618979
2014-09-04 11:30:00,18695,14035.644369075608
2014-09-04 12:00:00,19692,15134.436757725507
2014-09-04 12:30:00,19173,15681.403272697627
2014-09-04 13:00:00,17824,16134.787927514148
2014-09-04 13:30:00,19684,17434.098803988418
2014-09-04 14:00:00,20139,16379.702094986178
2014-09-04 14:30:00,20320,15896.015386080704
2014-09-04 15:00:00,19468,16987.495846820962
2014-09-04 15:30:00,17391,17586.145780203733
2014-09-04 16:00:00,15218,19244.223735979602
2014-09-04 16:30:00,13649,20886.057078703572
2014-09-04 17:00:00,16052,20874.025814322511
2014-09-04 17:30:00,18987,21275.589095916108
2014-09-04 18:00:00,21967,22739.142230535901
2014-09-04 18:30:00,24107,23615.699839442452
2014-09-04 19:00:00,25260,23756.836095028008
2014-09-04 19:30:00,25638,25228.485705818595
2014-09-04 20:00:00,26045,23298.749154972393
2014-09-04 20:30:00,25045,19621.139451763265
2014-09-04 21:00:00,24846,14218.168155482221
2014-09-04 21:30:00,24703,12065.069396272494
2014-09-04 22:00:00,24863,11198.73374695585
2014-09-04 22:30:00,23610,10710.862163882261
2014-09-04 23:00:00,21637,11633.67923827752
2014-09-04 23:30:00,21643,12809.895006027158
2014-09-05 00:00:00,18962,9486.1109364916338
2014-09-05 00:30:00,15475,10789.642840078985
2014-09-05 01:00:00,11955,7925.0983800325894
2014-09-05 01:30:00,9339,4570.8039415292897
2014-09-05 02:00:00,7967,3026.0675861855198
2014-09-05 02:30:00,6372,5784.1390223560084
2014-09-05 03:00:00,5132,6652.740424536627
2014-09-05 03:30:00,4357,7842.2294035928098
2014-09-05 04:00:00,4305,8389.2345386643847
2014-09-05 04:30:00,3195,13245.036826604259
2014-09-05 05:00:00,2878,17860.981615704179
2014-09-05 05:30:00,4762,20886.34544299663
2014-09-05 06:00:00,7294,20451.484963788622
2014-09-05 06:30:00,12886,19189.951208678918
2014-09-05 07:00:00,15820,17974.125944558626
2014-09-05 07:30:00,19874,18567.477733132215
2014-09-05 08:00:00,20367,19808.46015353662
2014-09-05 08:30:00,20091,20625.411799206038
2014-09-05 09:00:00,19600,22504.973646119372
2014-09-05 09:30:00,19283,22552.593258379871
2014-09-05 10:00:00,18413,22701.428657752531
2014-09-05 10:30:00,18745,20239.962929015081
2014-09-05 11:00:00,17998,18230.922077369512
2014-09-05 11:30:00,19325,15399.107760486433
2014-09-05 12:00:00,19004,16411.841517410001
2014-09-05 12:30:00,18450,17107.725546035927
2014-09-05 13:00:00,18029,16617.191671047432
2014-09-05 13:30:00,18057,17144.824596036367
2014-09-05 14:00:00,19315,15923.824007387377
2014-09-05 14:30:00,20057,14186.765801844749
2014-09-05 15:00:00,19211,16122.922980264964
2014-09-05 15:30:00,16903,18699.138072727208
2014-09-05 16:00:00,15288,19859.278384015888
2014-09-05 16:30:00,13729,22216.463073438255
2014-09-05 17:00:00,17003,24003.052328285827
2014-09-05 17:30:00,20142,22825.703663619897
2014-09-05 18:00:00,23177,23582.621133242399
2014-09-05 18:30:00,25036,24807.41480038485
2014-09-05 19:00:00,27337,24829.057168293286
2014-09-05 19:30:00,26812,25462.445174383618
2014-09-05 20:00:00,26592,26838.629622450273
2014-09-05 20:30:00,26243,24953.932168171414
2014-09-05 21:00:00,25919,19625.455537947015
2014-09-05 21:30:00,25898,18091.297372025514
2014-09-05 22:00:00,26603,13368.526821839701
2014-09-05 22:30:00,26899,11560.791259501313
2014-09-05 23:00:00,26900,13109.538832673381
2014-09-05 23:30:00,26763,15415.415696260583
2014-09-06 00:00:00,25721,12997.116887881984
2014-09-06 00:30:00,24590,14351.77840659217
2014-09-06 01:00:00,22118,14387.128024766165
2014-09-06 01:30:00,20378,11892.926365598854
2014-09-06 02:00:00,19093,10073.156931825924
2014-09-06 02:30:00,16717,9271.0916559895741
2014-09-06 03:00:00,14043,8072.1216232450397
2014-09-06 03:30:00,12077,8373.7258595285857
2014-09-06 04:00:00,10212,9128.2451459612457
2014-09-06 04:30:00,6328,10838.165491540287
2014-09-06 05:00:00,4440,12586.04887849951
2014-09-06 05:30:00,3603,16655.363958104856
2014-09-06 06:00:00,3781,16375.597606922747
2014-09-06 06:30:00,4846,19645.94354613878
2014-09-06 07:00:00,5444,19347.542280520895
2014-09-06 07:30:00,7701,18584.267918873313
2014-09-06 08:00:00,8375,18014.444717288447
2014-09-06 08:30:00,11334,17676.237303163991
2014-09-06 09:00:00,12747,19573.766774134638
2014-09-06 09:30:00,15930,21305.100779954137
2014-09-06 10:00:00,16567,22227.02618206841
2014-09-06 10:30:00,18716,19159.27341535555
2014-09-06 11:00:00,18722,17818.22318284772
2014-09-06 11:30:00,20103,16943.718077127218
2014-09-06 12:00:00,20287,17481.252314543861
2014-09-06 12:30:00,21127,19299.152870683523
2014-09-06 13:00:00,21259,18543.583324534728
2014-09-06 13:30:00,21946,18451.300220117952
2014-09-06 14:00:00,21655,18854.380842909857
2014-09-06 14:30:00,21830,19487.268934850392
2014-09-06 15:00:00,22886,19302.66799618517
2014-09-06 15:30:00,20736,18404.847184825067
2014-09-06 16:00:00,18209,17530.210229475422
2014-09-06 16:30:00,17090,19808.039184020581
2014-09-06 17:00:00,19270,23236.259684211473
2014-09-06 17:30:00,22270,25708.728576548623
2014-09-06 18:00:00,24264,25411.139421213382
2014-09-06 18:30:00,25210,25027.933751193395
2014-09-06 19:00:00,25976,25096.146066938047
2014-09-06 19:30:00,25765,26035.931075560839
2014-09-06 20:00:00,24487,26590.253910977248
2014-09-06 20:30:00,23499,29051.496236451745
2014-09-06 21:00:00,23210,28620.489254670669
2014-09-06 21:30:00,23487,26010.687094158122
2014-09-06 22:00:00,24515,24285.409678193413
2014-09-06 22:30:00,30313,22055.189344896186
2014-09-06 23:00:00,30373,19538.811112614254
2014-09-06 23:30:00,28464,20044.739219775704
2014-09-07 00:00:00,25818,19475.146262278293
2014-09-07 00:30:00,24635,19804.315031554153
2014-09-07 01:00:00,23410,17533.245834302579
2014-09-07 01:30:00,21481,13053.562967906351
2014-09-07 02:00:00,19800,11914.379229821345
2014-09-07 02:30:00,17674,10168.988495874999
2014-09-07 03:00:00,15215,8017.7127747115037
2014-09-07 03:30:00,13501,7572.315809539823
2014-09-07 04:00:00,10896,7826.0267830526145
2014-09-07 04:30:00,6766,8718.4705253265347
2014-09-07 05:00:00,4261,8860.389793638009
2014-09-07 05:30:00,3415,8388.5949332034834
2014-09-07 06:00:00,3220,11397.277486234518
2014-09-07 06:30:00,4160,18527.889304680994
2014-09-07 07:00:00,4345,19042.127822654576
2014-09-07 07:30:00,5963,18371.972706518656
2014-09-07 08:00:00,6887,17055.852376172214
2014-09-07 08:30:00,8834,15257.743527258879
2014-09-07 09:00:00,10042,16169.451857147204
2014-09-07 09:30:00,13188,18631.025712423823
2014-09-07 10:00:00,14600,23373.870761395177
2014-09-07 10:30:00,18209,24599.400897403342
2014-09-07 11:00:00,18446,24551.697212241663
2014-09-07 11:30:00,20350,24054.63661639555
2014-09-07 12:00:00,20838,24023.40257361807
2014-09-07 12:30:00,22183,22674.347101086387
2014-09-07 13:00:00,20582,23884.54559261071
2014-09-07 13:30:00,20506,21709.476018165791
2014-09-07 14:00:00,20109,21246.702679063295
2014-09-07 14:30:00,20198,23051.853292182517
2014-09-07 15:00:00,18873,23145.047730317878
2014-09-07 15:30:00,19041,21631.916613457986
2014-09-07 16:00:00,19295,20157.338680475754
2014-09-07 16:30:00,18868,20053.335122021417
2014-09-07 17:00:00,18851,18606.189801199864
2014-09-07 17:30:00,20518,20052.809407589306
2014-09-07 18:00:00,21710,20086.363256458062
2014-09-07 18:30:00,20895,20471.955251360821
2014-09-07 19:00:00,20761,22214.01383822081
2014-09-07 19:30:00,19916,22416.463477673493
2014-09-07 20:00:00,19740,22735.892227359866
2014-09-07 20:30:00,18975,21972.310137704237
2014-09-07 21:00:00,17866,21717.99368474543
2014-09-07 21:30:00,17750,19985.950397709767
2014-09-07 22:00:00,16820,19366.246655921219
2014-09-07 22:30:00,15292,18016.09503198422
2014-09-07 23:00:00,13219,15118.766305453553
2014-09-07 23:30:00,12246,13863.90655238675
2014-09-08 00:00:00,9733,16075.820704511621
2014-09-08 00:30:00,7542,11931.511278622176
2014-09-08 01:00:00,5518,7626.3690017456474
2014-09-08 01:30:00,4348,4810.4481347402707
2014-09-08 02:00:00,3828,1876.6820732149245
2014-09-08 02:30:00,3083,1348.6215961165108
2014-09-08 03:00:00,2583,194.63978144067369
2014-09-08 03:30:00,2328,2258.6613879705019
2014-09-08 04:00:00,2523,3215.3897411613616
2014-09-08 04:30:00,2579,8454.0136894735806
2014-09-08 05:00:00,2901,8140.2564721855324
2014-09-08 05:30:00,4963,11381.890096344006
2014-09-08 06:00:00,7013,15037.830668382199
2014-09-08 06:30:00,11830,17463.311550290902
2014-09-08 07:00:00,14665,16577.197971735044
2014-09-08 07:30:00,18099,16044.340150620341
2014-09-08 08:00:00,18601,19245.536995070019
2014-09-08 08:30:00,18329,20083.255012071135
2014-09-08 09:00:00,18506,17601.589405057592
2014-09-08 09:30:00,17983,15149.007792641698
2014-09-08 10:00:00,16869,15402.007304383627
2014-09-08 10:30:00,16771,14574.157701849859
2014-09-08 11:00:00,16010,20230.108005999537
2014-09-08 11:30:00,17370,21565.485969671245
2014-09-08 12:00:00,17526,27606.141388718104
2014-09-08 12:30:00,17910,23034.386869829523
2014-09-08 13:00:00,16565,20818.632799530129
2014-09-08 13:30:00,18380,17544.806987174634
2014-09-08 14:00:00,18294,19040.487786676
2014-09-08 14:30:00,19585,18711.476511402452
2014-09-08 15:00:00,19323,18159.224466993135
2014-09-08 15:30:00,18113,18464.746157092864
2014-09-08 16:00:00,16472,17971.237475811206
2014-09-08 16:30:00,16007,21646.917469056138
2014-09-08 17:00:00,18299,24096.368951187527
2014-09-08 17:30:00,20385,25089.657747947775
2014-09-08 18:00:00,22906,23129.042598507327
2014-09-08 18:30:00,24153,21355.965866477349
2014-09-08 19:00:00,24545,20306.201625203856
2014-09-08 19:30:00,23635,20287.313803238711
2014-09-08 20:00:00,23773,21672.103062122558
2014-09-08 20:30:00,23212,17736.852390881231
2014-09-08 21:00:00,21918,16168.890151849399
2014-09-08 21:30:00,21096,12291.117936474215
2014-09-08 22:00:00,21563,12665.705773345799
2014-09-08 22:30:00,17989,12049.508764597223
2014-09-08 23:00:00,15442,13594.351575990977
2014-09-08 23:30:00,12815,11658.768585122843
2014-09-09 00:00:00,10436,5181.4601195292398
2014-09-09 00:30:00,8092,3339.1064644513372
2014-09-09 01:00:00,6061,2429.553472519643
2014-09-09 01:30:00,5058,4493.8671957433744
2014-09-09 02:00:00,4073,6546.0290599644159
2014-09-09 02:30:00,3310,6180.8431633539185
2014-09-09 03:00:00,2623,9774.6866521076081
2014-09-09 03:30:00,2364,11526.732518783094
2014-09-09 04:00:00,2333,12305.174761734084
2014-09-09 04:30:00,2287,15163.481385957602
2014-09-09 05:00:00,2444,14718.205956312013
2014-09-09 05:30:00,4427,14989.828330574661
2014-09-09 06:00:00,6661,13290.697287515417
2014-09-09 06:30:00,12136,10371.84186513153
2014-09-09 07:00:00,15910,10013.64868413861
2014-09-09 07:30:00,20003,12736.021381445426
2014-09-09 08:00:00,19956,18207.722327909352
2014-09-09 08:30:00,19897,18116.924961172092
2014-09-09 09:00:00,18719,17366.141216788317
2014-09-09 09:30:00,18485,16514.328560270638
2014-09-09 10:00:00,17235,21081.969705854575
2014-09-09 10:30:00,17705,19726.981257978681
2014-09-09 11:00:00,17089,17293.109149866017
2014-09-09 11:30:00,18334,15897.739752473184
2014-09-09 12:00:00,18564,14547.035341406669
2014-09-09 12:30:00,18599,15166.178697311077
2014-09-09 13:00:00,17715,18400.258399317954
2014-09-09 13:30:00,18692,21013.314433028845
2014-09-09 14:00:00,19276,21448.563924432037
2014-09-09 14:30:00,20557,17503.815861516534
2014-09-09 15:00:00,19505,17510.376282370558
2014-09-09 15:30:00,16820,14185.611877938749
2014-09-09 16:00:00,14005,20023.646017903771
2014-09-09 16:30:00,13683,22329.909530108554
2014-09-09 17:00:00,16918,21114.761325984375
2014-09-09 17:30:00,20051,20830.274784882451
2014-09-09 18:00:00,22624,20519.419328471504
2014-09-09 18:30:00,23987,20238.407621255566
2014-09-09 19:00:00,24069,20139.196753141467
2014-09-09 19:30:00,24933,23952.236666481178
2014-09-09 20:00:00,24928,21414.240338147432
2014-09-09 20:30:00,24390,15456.511478194976
2014-09-09 21:00:00,24199,10071.776779422687
2014-09-09 21:30:00,24277,9913.1347088029761
2014-09-09 22:00:00,23154,10437.816193027749
2014-09-09 22:30:00,21090,10016.169582969156
2014-09-09 23:00:00,18854,10280.027595693969
2014-09-09 23:30:00,16194,9247.6868586197779
2014-09-10 00:00:00,13226,9379.8235458391173
2014-09-10 00:30:00,9866,8838.5271926361529
2014-09-10 01:00:00,8085,4905.6689061415254
2014-09-10 01:30:00,6177,1880.5086344380125
2014-09-10 02:00:00,5324,2562.6997244373379
2014-09-10 02:30:00,4177,5770.89433055472
2014-09-10 03:00:00,3464,7251.7867352391577
2014-09-10 03:30:00,2855,9451.7567254726346
2014-09-10 04:00:00,2850,9433.4608439790318
2014-09-10 04:30:00,2361,11814.469101708692
2014-09-10 05:00:00,2675,13572.935387513295
2014-09-10 05:30:00,4589,15766.267607629206
2014-09-10 06:00:00,6868,16488.577046722505
2014-09-10 06:30:00,12256,15335.029744731595
2014-09-10 07:00:00,16024,14908.917285973699
2014-09-10 07:30:00,20193,17506.925757281337
2014-09-10 08:00:00,20747,20572.334280983767
2014-09-10 08:30:00,20007,20257.925191830498
2014-09-10 09:00:00,18782,19280.956972042954
2014-09-10 09:30:00,18657,19611.332644156224
2014-09-10 10:00:00,17331,20425.288190182986
2014-09-10 10:30:00,17989,21443.824051030962
2014-09-10 11:00:00,17529,19971.397988189819
2014-09-10 11:30:00,18953,15083.290651667641
2014-09-10 12:00:00,18567,14604.560710573724
2014-09-10 12:30:00,17872,16694.938844033437
2014-09-10 13:00:00,17411,18105.474647857729
2014-09-10 13:30:00,18792,19094.63397860443
2014-09-10 14:00:00,18899,18717.454765463761
2014-09-10 14:30:00,19548,15845.52310153928
2014-09-10 15:00:00,19093,16263.25281141736
2014-09-10 15:30:00,16956,15776.645588932852
2014-09-10 16:00:00,14987,19160.069570097348
2014-09-10 16:30:00,13895,23981.14006027607
2014-09-10 17:00:00,17078,23663.369432012809
2014-09-10 17:30:00,20224,22066.467475190952
2014-09-10 18:00:00,22805,20759.321956750035
2014-09-10 18:30:00,24418,20133.566201866008
2014-09-10 19:00:00,25720,20492.791698514131
2014-09-10 19:30:00,25891,23453.016668326018
2014-09-10 20:00:00,26138,24442.547933131536
2014-09-10 20:30:00,25149,19536.022375865934
2014-09-10 21:00:00,24908,12636.433448766147
2014-09-10 21:30:00,24260,10524.129013271937
2014-09-10 22:00:00,24620,9687.495174233838
2014-09-10 22:30:00,22813,9599.6642550126653
2014-09-10 23:00:00,20948,10749.213652544624
2014-09-10 23:30:00,18271,10857.894857914675
2014-09-11 00:00:00,14939,9229.9549295044399
2014-09-11 00:30:00,11332,9491.5841224550168
2014-09-11 01:00:00,8890,5991.8006999751397
2014-09-11 01:30:00,6980,2625.4416792557058
2014-09-11 02:00:00,5659,2379.4649866368782
2014-09-11 02:30:00,4679,4569.4330599329896
2014-09-11 03:00:00,3550,6597.8375074175656
2014-09-11 03:30:00,2761,8419.7938315450701
2014-09-11 04:00:00,3009,7093.518342088053
2014-09-11 04:30:00,2596,10383.771885987
2014-09-11 05:00:00,2755,14537.323688479104
2014-09-11 05:30:00,4554,18230.80160038342
2014-09-11 06:00:00,6964,18697.501662290804
2014-09-11 06:30:00,12814,18941.244320166235
2014-09-11 07:00:00,16360,19367.305463357585
2014-09-11 07:30:00,20658,18712.13568136554
2014-09-11 08:00:00,21352,20167.206605601576
2014-09-11 08:30:00,20521,21238.240020438301
2014-09-11 09:00:00,19759,21378.636928720622
2014-09-11 09:30:00,19670,19776.238591382586
2014-09-11 10:00:00,18301,19775.682388182777
2014-09-11 10:30:00,17768,19353.613996626933
2014-09-11 11:00:00,16583,18019.9990370663
2014-09-11 11:30:00,18179,15599.541741424093
2014-09-11 12:00:00,18896,16260.905527755629
2014-09-11 12:30:00,18611,15848.928344391201
2014-09-11 13:00:00,17662,16713.244852204207
2014-09-11 13:30:00,19057,17051.030132195265
2014-09-11 14:00:00,18951,18151.127954504911
2014-09-11 14:30:00,19997,16781.76747913922
2014-09-11 15:00:00,19260,17172.237833294701
2014-09-11 15:30:00,17088,17172.162673195206
2014-09-11 16:00:00,15367,19445.485683632411
2014-09-11 16:30:00,13915,24634.220243872398
2014-09-11 17:00:00,17107,25094.948665411466
2014-09-11 17:30:00,20299,24010.110981852315
2014-09-11 18:00:00,23029,22842.00490925456
2014-09-11 18:30:00,24408,22019.009025126797
2014-09-11 19:00:00,25778,20986.500551772977
2014-09-11 19:30:00,26274,22591.142774697262
2014-09-11 20:00:00,26475,23054.93717863231
2014-09-11 20:30:00,25326,19384.254792665604
2014-09-11 21:00:00,24557,13681.370877370493
2014-09-11 21:30:00,24984,11133.744256448203
2014-09-11 22:00:00,25001,8817.5238129733734
2014-09-11 22:30:00,24112,10510.329203000409
2014-09-11 23:00:00,23100,12093.553436077142
2014-09-11 23:30:00,20158,12137.58745883349
2014-09-12 00:00:00,17954,9936.014739787759
2014-09-12 00:30:00,14466,8677.271265152267
2014-09-12 01:00:00,11632,7851.5980523730432
2014-09-12 01:30:00,9400,4719.1521053677534
2014-09-12 02:00:00,7816,3593.1556686995391
2014-09-12 02:30:00,6678,4209.7227480527745
2014-09-12 03:00:00,5499,5414.5765108297874
2014-09-12 03:30:00,4088,8190.7155073902068
2014-09-12 04:00:00,4312,8230.3153742193881
2014-09-12 04:30:00,3433,10603.463851594712
2014-09-12 05:00:00,3156,15271.259183360638
2014-09-12 05:30:00,4545,18831.889932889084
2014-09-12 06:00:00,6802,20116.415919502077
2014-09-12 06:30:00,11555,20092.636706383964
2014-09-12 07:00:00,15447,19677.079467109728
2014-09-12 07:30:00,20385,18730.548862069238
2014-09-12 08:00:00,20562,18885.572238254517
2014-09-12 08:30:00,20191,19982.96454351885
2014-09-12 09:00:00,19405,20248.581981087886
2014-09-12 09:30:00,18903,19549.223408423128
2014-09-12 10:00:00,17251,19921.015410799031
2014-09-12 10:30:00,17874,18237.609175955771
2014-09-12 11:00:00,17024,18503.089776002267
2014-09-12 11:30:00,18267,16114.129652818947
2014-09-12 12:00:00,18351,16317.975367730302
2014-09-12 12:30:00,17253,16371.241430854672
2014-09-12 13:00:00,17098,16874.983519809088
2014-09-12 13:30:00,17885,16687.222271897284
2014-09-12 14:00:00,18868,17740.58851960567
2014-09-12 14:30:00,19352,17324.98584731789
2014-09-12 15:00:00,18035,17948.484857495485
2014-09-12 15:30:00,15737,18410.28285049164
2014-09-12 16:00:00,14420,20492.027974555022
2014-09-12 16:30:00,13148,23888.379167752151
2014-09-12 17:00:00,16354,26657.454615120609
2014-09-12 17:30:00,20087,24368.355734130677
2014-09-12 18:00:00,22814,23202.644092376126
2014-09-12 18:30:00,25027,22471.705936221704
2014-09-12 19:00:00,25983,21969.346758295862
2014-09-12 19:30:00,27090,23234.120126416412
2014-09-12 20:00:00,26622,24314.293500891621
2014-09-12 20:30:00,25560,22474.511771170797
2014-09-12 21:00:00,25141,17707.975304285574
2014-09-12 21:30:00,25495,16660.030918667664
2014-09-12 22:00:00,26737,12076.846235325122
2014-09-12 22:30:00,26657,11670.302105206196
2014-09-12 23:00:00,27379,13691.03530493289
2014-09-12 23:30:00,27284,15290.105287200835
2014-09-13 00:00:00,26227,11636.013348731611
2014-09-13 00:30:00,24744,9416.8872551952663
2014-09-13 01:00:00,23304,10707.461704451707
2014-09-13 01:30:00,21293,9057.9400458838845
2014-09-13 02:00:00,19870,7627.997177394358
2014-09-13 02:30:00,17657,7876.7127841662386
2014-09-13 03:00:00,15100,7503.0182539842272
2014-09-13 03:30:00,12932,8575.5328882380581
2014-09-13 04:00:00,10574,8407.8163343571014
2014-09-13 04:30:00,6546,6970.6246059758623
2014-09-13 05:00:00,4531,9210.3482218928457
2014-09-13 05:30:00,3807,13572.491407532192
2014-09-13 06:00:00,3672,14489.358635155679
2014-09-13 06:30:00,5070,19348.155115859659
2014-09-13 07:00:00,5484,18099.470547512479
2014-09-13 07:30:00,7528,17402.591679881301
2014-09-13 08:00:00,8713,16503.922244466481
2014-09-13 08:30:00,11686,15933.762753880528
2014-09-13 09:00:00,12432,17920.99651597414
2014-09-13 09:30:00,16216,20966.228289683335
2014-09-13 10:00:00,16126,23986.350233099693
2014-09-13 10:30:00,18527,20655.010787499843
2014-09-13 11:00:00,18755,15923.699684768599
2014-09-13 11:30:00,20352,14417.489675670786
2014-09-13 12:00:00,21020,17754.408147180013
2014-09-13 12:30:00,20732,19812.335427488506
2014-09-13 13:00:00,21345,20669.375287093724
2014-09-13 13:30:00,21500,21258.788935212659
2014-09-13 14:00:00,20453,21056.596875835967
2014-09-13 14:30:00,23821,19007.180921092575
2014-09-13 15:00:00,26150,20085.923977624843
2014-09-13 15:30:00,24051,20116.19486340175
2014-09-13 16:00:00,19433,19742.74907844705
2014-09-13 16:30:00,17521,21602.422134545221
2014-09-13 17:00:00,19137,24967.712261024328
2014-09-13 17:30:00,22602,25642.403482456968
2014-09-13 18:00:00,25039,27730.827471109405
2014-09-13 18:30:00,25988,24222.585307467249
2014-09-13 19:00:00,26920,25430.565145629291
2014-09-13 19:30:00,26845,25525.942608622987
2014-09-13 20:00:00,26733,26713.65408643203
2014-09-13 20:30:00,24954,27892.919766442625
2014-09-13 21:00:00,22317,25687.530318557492
2014-09-13 21:30:00,22581,21795.590781942185
2014-09-13 22:00:00,23544,21642.96620367076
2014-09-13 22:30:00,25662,20477.093510347648
2014-09-13 23:00:00,26615,18277.845515674693
2014-09-13 23:30:00,27542,17002.829227380251
2014-09-14 00:00:00,27320,16481.418012522787
2014-09-14 00:30:00,25627,17097.476605699434
2014-09-14 01:00:00,23964,18309.692264157075
2014-09-14 01:30:00,22332,14358.174018105623
2014-09-14 02:00:00,20620,11002.26500454581
2014-09-14 02:30:00,18567,9473.2614649758798
2014-09-14 03:00:00,15772,8246.7670512126733
2014-09-14 03:30:00,13346,7610.0943586986259
2014-09-14 04:00:00,11616,7307.7800410963237
2014-09-14 04:30:00,6999,6518.6520747778122
2014-09-14 05:00:00,4273,7344.751870271024
2014-09-14 05:30:00,3568,7836.3821127326091
2014-09-14 06:00:00,4209,11863.951987805511
2014-09-14 06:30:00,4684,18684.533506662046
2014-09-14 07:00:00,4527,21242.902572420178
2014-09-14 07:30:00,6231,21215.420412522588
2014-09-14 08:00:00,7725,19052.198758283164
2014-09-14 08:30:00,10159,17366.118568012465
2014-09-14 09:00:00,11013,18015.676933506853
2014-09-14 09:30:00,14091,18955.83817205048
2014-09-14 10:00:00,15480,21761.393373324187
2014-09-14 10:30:00,18669,24088.568064593659
2014-09-14 11:00:00,18796,25050.894822122631
2014-09-14 11:30:00,20213,24466.326304117931
2014-09-14 12:00:00,20410,22776.263990641502
2014-09-14 12:30:00,21782,21864.428246062114
2014-09-14 13:00:00,20634,23174.947995531795
2014-09-14 13:30:00,20061,21742.52517331663
2014-09-14 14:00:00,19774,21527.814787168456
2014-09-14 14:30:00,20069,21230.125798076268
2014-09-14 15:00:00,19417,19365.791753004076
2014-09-14 15:30:00,19363,22225.020022147994
2014-09-14 16:00:00,19206,23082.781816129511
2014-09-14 16:30:00,18284,22317.467757241509
2014-09-14 17:00:00,19503,21017.185059689564
2014-09-14 17:30:00,20621,20668.90535628263
2014-09-14 18:00:00,21554,22325.794345525152
2014-09-14 18:30:00,21538,21680.383286767403
2014-09-14 19:00:00,20589,21050.466063787258
2014-09-14 19:30:00,20391,19678.629975080701
2014-09-14 20:00:00,19593,21872.842305367434
2014-09-14 20:30:00,18439,22227.494647409454
2014-09-14 21:00:00,17587,20170.648732910617
2014-09-14 21:30:00,17638,17341.918037449948
2014-09-14 22:00:00,15698,17508.091904777299
2014-09-14 22:30:00,14343,17437.056090883787
2014-09-14 23:00:00,12808,15078.625394452742
2014-09-14 23:30:00,10827,11151.040206545853
2014-09-15 00:00:00,8077,16878.302570565778
2014-09-15 00:30:00,6261,10868.286077515733
2014-09-15 01:00:00,4724,6198.9270995962379
2014-09-15 01:30:00,3852,4314.0183726540126
2014-09-15 02:00:00,3132,-310.52521027154944
2014-09-15 02:30:00,2606,2059.3306262847145
2014-09-15 03:00:00,1975,3740.937974322087
2014-09-15 03:30:00,1896,5513.2060266031767
2014-09-15 04:00:00,2310,6415.2157673407619
2014-09-15 04:30:00,2388,9756.767055759643
2014-09-15 05:00:00,2778,11039.002723578953
2014-09-15 05:30:00,4775,15363.055528583458
2014-09-15 06:00:00,7022,16915.74432605812
2014-09-15 06:30:00,11923,19954.774065841651
2014-09-15 07:00:00,14969,21521.230118614207
2014-09-15 07:30:00,17943,21352.856866369417
2014-09-15 08:00:00,18886,19085.107506756678
2014-09-15 08:30:00,18711,19395.044414501881
2014-09-15 09:00:00,18012,18350.879777109021
2014-09-15 09:30:00,17214,14672.048987210515
2014-09-15 10:00:00,16337,16262.684216624668
2014-09-15 10:30:00,16157,15798.092658220439
2014-09-15 11:00:00,15487,20071.07773910429
2014-09-15 11:30:00,16741,19179.448164765225
2014-09-15 12:00:00,16793,25275.1580376354
2014-09-15 12:30:00,16685,25916.113674958069
2014-09-15 13:00:00,15824,24435.363650803192
2014-09-15 13:30:00,17040,20690.958754297048
2014-09-15 14:00:00,17360,19821.305434510759
2014-09-15 14:30:00,18501,18466.877723804126
2014-09-15 15:00:00,18143,18552.368429963899
2014-09-15 15:30:00,16972,20991.660450421619
2014-09-15 16:00:00,16098,18896.688371944758
2014-09-15 16:30:00,15878,20378.16226147925
2014-09-15 17:00:00,18183,21396.047025977761
2014-09-15 17:30:00,20482,24916.689589292673
2014-09-15 18:00:00,23314,27117.7452161685
2014-09-15 18:30:00,24477,23820.974132394254
2014-09-15 19:00:00,24387,21054.12051566712
2014-09-15 19:30:00,24193,20301.409738397597
2014-09-15 20:00:00,24388,20925.954335540009
2014-09-15 20:30:00,22725,19041.871684794176
2014-09-15 21:00:00,21907,17246.314472198366
2014-09-15 21:30:00,21789,13442.272129749346
2014-09-15 22:00:00,20289,13939.103272280012
2014-09-15 22:30:00,16585,13973.086665991401
2014-09-15 23:00:00,14423,12671.378945534449
2014-09-15 23:30:00,12432,9766.6051935288742
2014-09-16 00:00:00,9359,5280.4701636622867
2014-09-16 00:30:00,7247,3933.0050855872814
2014-09-16 01:00:00,5659,2587.3511190891422
2014-09-16 01:30:00,4155,4942.6807832436843
2014-09-16 02:00:00,3369,7797.6176843452895
2014-09-16 02:30:00,2617,6430.9160642052939
2014-09-16 03:00:00,2214,10012.223858242101
2014-09-16 03:30:00,1871,11492.698170586576
2014-09-16 04:00:00,2101,12519.636734003552
2014-09-16 04:30:00,2016,13315.869159661765
2014-09-16 05:00:00,2334,13372.858767790647
2014-09-16 05:30:00,4141,13298.314201268859
2014-09-16 06:00:00,6465,11357.594257605198
2014-09-16 06:30:00,11772,10336.43402471748
2014-09-16 07:00:00,16219,10052.466719960736
2014-09-16 07:30:00,21253,13115.183141765292
2014-09-16 08:00:00,22609,18594.643305001431
2014-09-16 08:30:00,21527,18037.832672163364
2014-09-16 09:00:00,20975,17451.607762180131
2014-09-16 09:30:00,19673,16913.267996761129
2014-09-16 10:00:00,18065,22685.623505982261
2014-09-16 10:30:00,18948,19706.723580515165
2014-09-16 11:00:00,18111,16121.033870041316
2014-09-16 11:30:00,17622,12985.228750861836
2014-09-16 12:00:00,17320,12115.120173553369
2014-09-16 12:30:00,16939,14274.803863449708
2014-09-16 13:00:00,16404,19021.55615137492
2014-09-16 13:30:00,17247,20808.764815368504
2014-09-16 14:00:00,17782,19971.660945831885
2014-09-16 14:30:00,18554,16771.826710036985
2014-09-16 15:00:00,18680,16415.044628630705
2014-09-16 15:30:00,16755,14620.190765165953
2014-09-16 16:00:00,14825,18928.905365512175
2014-09-16 16:30:00,13975,21922.853308092763
2014-09-16 17:00:00,17093,19867.230537134095
2014-09-16 17:30:00,19977,20251.643211487357
2014-09-16 18:00:00,22922,19322.596152074984
2014-09-16 18:30:00,24364,19854.157329136629
2014-09-16 19:00:00,24630,21648.588520621099
2014-09-16 19:30:00,25234,23477.577053624471
2014-09-16 20:00:00,24839,21608.493815134119
2014-09-16 20:30:00,24161,16802.07101162355
2014-09-16 21:00:00,24550,11562.996631534603
2014-09-16 21:30:00,23734,8029.802972778919
2014-09-16 22:00:00,22366,6702.0577895864772
2014-09-16 22:30:00,20411,5797.8477914165487
2014-09-16 23:00:00,17774,7372.8228819128299
2014-09-16 23:30:00,14027,7110.7068426602427
2014-09-17 00:00:00,11590,7946.6212387310734
2014-09-17 00:30:00,8440,7255.5902648123556
2014-09-17 01:00:00,6881,3896.8296277040135
2014-09-17 01:30:00,4920,1776.2499157239308
2014-09-17 02:00:00,4097,2761.3896966672528
2014-09-17 02:30:00,3159,6066.1634743756913
2014-09-17 03:00:00,2653,7312.1677924263367
2014-09-17 03:30:00,2347,8915.6750280695633
2014-09-17 04:00:00,2387,9375.3866630041211
2014-09-17 04:30:00,2194,12553.646485032255
2014-09-17 05:00:00,2479,13983.326458559681
2014-09-17 05:30:00,4554,16324.906238322907
2014-09-17 06:00:00,6775,17328.56393629028
2014-09-17 06:30:00,12311,17486.23752121922
2014-09-17 07:00:00,15989,16400.041058371386
2014-09-17 07:30:00,20058,17339.216788875096
2014-09-17 08:00:00,20361,20734.280595945609
2014-09-17 08:30:00,20172,18921.115198775413
2014-09-17 09:00:00,18974,18706.621890797531
2014-09-17 09:30:00,17732,17466.523686742068
2014-09-17 10:00:00,17336,19921.63125961167
2014-09-17 10:30:00,17321,20721.023814166994
2014-09-17 11:00:00,16872,16793.509725281718
2014-09-17 11:30:00,18295,13726.699262217184
2014-09-17 12:00:00,18273,14731.987774697609
2014-09-17 12:30:00,17275,16650.523741495286
2014-09-17 13:00:00,17095,18492.266202655686
2014-09-17 13:30:00,17715,19763.954849728561
2014-09-17 14:00:00,18451,19414.56446879865
2014-09-17 14:30:00,18612,16069.489082414964
2014-09-17 15:00:00,18148,15300.650428332936
2014-09-17 15:30:00,16473,17381.092208581813
2014-09-17 16:00:00,14474,21232.496891979579
2014-09-17 16:30:00,13434,24848.131048733074
2014-09-17 17:00:00,16229,24228.103736492572
2014-09-17 17:30:00,19852,21969.039560027501
2014-09-17 18:00:00,22394,19086.070958537428
2014-09-17 18:30:00,24618,19510.301865862883
2014-09-17 19:00:00,25838,19832.709175382635
2014-09-17 19:30:00,25496,21336.830872195318
2014-09-17 20:00:00,24980,21826.512779256998
2014-09-17 20:30:00,23545,18787.729885476067
2014-09-17 21:00:00,23847,12099.11014979299
2014-09-17 21:30:00,24236,11117.93439633532
2014-09-17 22:00:00,23551,9945.7168834118784
2014-09-17 22:30:00,22454,8734.8284044302181
2014-09-17 23:00:00,20389,9215.3270136538522
2014-09-17 23:30:00,17673,7768.4617206223766
2014-09-18 00:00:00,13651,8333.7732518188768
2014-09-18 00:30:00,10769,9019.2935639786228
2014-09-18 01:00:00,8102,5966.2610371897099
2014-09-18 01:30:00,6196,1979.0690050616668
2014-09-18 02:00:00,5249,1745.5346579826492
2014-09-18 02:30:00,3850,4705.0424850610398
2014-09-18 03:00:00,3150,6658.5912150884124
2014-09-18 03:30:00,2584,8123.6661458647131
2014-09-18 04:00:00,2770,8055.214386671827
2014-09-18 04:30:00,2477,11212.214657426657
2014-09-18 05:00:00,2678,13964.738749614447
2014-09-18 05:30:00,4506,17262.240852936524
2014-09-18 06:00:00,7292,19054.91432121073
2014-09-18 06:30:00,12449,20767.437125519311
2014-09-18 07:00:00,16418,19577.601146948273
2014-09-18 07:30:00,20080,18724.807708782595
2014-09-18 08:00:00,20693,19928.338435904054
2014-09-18 08:30:00,19988,21098.317249304659
2014-09-18 09:00:00,19313,20386.347813579836
2014-09-18 09:30:00,18918,18852.754704114221
2014-09-18 10:00:00,17790,18031.009224874953
2014-09-18 10:30:00,18028,19666.653648051764
2014-09-18 11:00:00,17242,17186.172426669782
2014-09-18 11:30:00,18279,15431.74957735622
2014-09-18 12:00:00,18118,15123.10065813019
2014-09-18 12:30:00,17858,14473.967231562099
2014-09-18 13:00:00,17635,16143.142508077617
2014-09-18 13:30:00,18265,16611.485940675451
2014-09-18 14:00:00,18676,16469.429465001464
2014-09-18 14:30:00,18686,16951.198454324815
2014-09-18 15:00:00,18134,16956.516323381784
2014-09-18 15:30:00,15579,17829.996514622231
2014-09-18 16:00:00,13635,20734.477844206594
2014-09-18 16:30:00,12689,24649.138051572161
2014-09-18 17:00:00,15756,25400.927517760199
2014-09-18 17:30:00,19691,24254.811204468693
2014-09-18 18:00:00,21487,22528.684098025849
2014-09-18 18:30:00,22751,22053.628928828883
2014-09-18 19:00:00,24126,21574.331907207503
2014-09-18 19:30:00,24956,22153.546722182273
2014-09-18 20:00:00,26003,23622.053122150275
2014-09-18 20:30:00,25167,20290.42204092244
2014-09-18 21:00:00,25659,15613.151369576715
2014-09-18 21:30:00,25536,11550.000985736877
2014-09-18 22:00:00,25761,9564.25725337931
2014-09-18 22:30:00,25212,10618.895869973712
2014-09-18 23:00:00,23548,10767.640064226523
2014-09-18 23:30:00,22005,10886.321467049014
2014-09-19 00:00:00,19518,9071.3884501095017
2014-09-19 00:30:00,15755,8468.8537826829306
2014-09-19 01:00:00,12747,8782.7180349161972
2014-09-19 01:30:00,10116,4338.3074963300351
2014-09-19 02:00:00,8379,2717.446404438324
2014-09-19 02:30:00,6566,3079.6860589216267
2014-09-19 03:00:00,5478,5010.4260639922704
2014-09-19 03:30:00,4552,7416.7760998064832
2014-09-19 04:00:00,4546,6936.7420137082199
2014-09-19 04:30:00,3489,8990.6080182809455
2014-09-19 05:00:00,3269,13824.079402192363
2014-09-19 05:30:00,4799,17992.559057959013
2014-09-19 06:00:00,7384,19671.511220394226
2014-09-19 06:30:00,11928,19784.173884441458
2014-09-19 07:00:00,15434,19714.589185695131
2014-09-19 07:30:00,19509,18034.317184796761
2014-09-19 08:00:00,19672,18961.967411818732
2014-09-19 08:30:00,19287,19261.786047356094
2014-09-19 09:00:00,18369,18185.569702744142
2014-09-19 09:30:00,18050,19019.974349196244
2014-09-19 10:00:00,17306,17900.795871706603
2014-09-19 10:30:00,17661,16128.434555347088
2014-09-19 11:00:00,17158,16398.265914469193
2014-09-19 11:30:00,18215,14887.595854860374
2014-09-19 12:00:00,18175,15493.857565628095
2014-09-19 12:30:00,17568,15595.269320976915
2014-09-19 13:00:00,17079,16952.787514523483
2014-09-19 13:30:00,17287,16822.37824292462
2014-09-19 14:00:00,17885,16639.292475752754
2014-09-19 14:30:00,18287,14941.635984541634
2014-09-19 15:00:00,17782,15882.116973978336
2014-09-19 15:30:00,16021,17711.896506551271
2014-09-19 16:00:00,14205,19999.007233698336
2014-09-19 16:30:00,12834,24124.886824231791
2014-09-19 17:00:00,16332,25389.224871829836
2014-09-19 17:30:00,19704,24631.617211736855
2014-09-19 18:00:00,22931,23725.380508252041
2014-09-19 18:30:00,25328,23027.666954756067
2014-09-19 19:00:00,26188,22029.438614215029
2014-09-19 19:30:00,27541,23358.62402322964
2014-09-19 20:00:00,26811,25128.629284129591
2014-09-19 20:30:00,26093,24307.121618652091
2014-09-19 21:00:00,26091,19870.035302330121
2014-09-19 21:30:00,26247,17102.868635960433
2014-09-19 22:00:00,27090,12643.796684492929
2014-09-19 22:30:00,27681,12380.664418774462
2014-09-19 23:00:00,27159,13296.513062657557
2014-09-19 23:30:00,26816,13595.76331283684
2014-09-20 00:00:00,25251,12172.483998832371
2014-09-20 00:30:00,23375,7851.4864060903164
2014-09-20 01:00:00,21806,10750.985596873994
2014-09-20 01:30:00,20635,9021.0919315865467
2014-09-20 02:00:00,19322,7555.324908125518
2014-09-20 02:30:00,16841,6829.9447327838843
2014-09-20 03:00:00,14744,6683.9974857023772
2014-09-20 03:30:00,12309,7443.3978464374877
2014-09-20 04:00:00,10242,8124.4232782138515
2014-09-20 04:30:00,6470,7751.9846921003555
2014-09-20 05:00:00,4374,8725.898010516139
2014-09-20 05:30:00,3435,13708.061504750269
2014-09-20 06:00:00,3789,15058.473384350287
2014-09-20 06:30:00,4454,18284.270817738165
2014-09-20 07:00:00,5381,17700.500148957028
2014-09-20 07:30:00,7585,17828.611410866095
2014-09-20 08:00:00,8782,16594.878867964646
2014-09-20 08:30:00,11824,15042.859791674169
2014-09-20 09:00:00,12587,17831.707232367015
2014-09-20 09:30:00,15795,21254.389183763706
2014-09-20 10:00:00,16088,22135.224897788295
2014-09-20 10:30:00,18430,19283.290908627438
2014-09-20 11:00:00,18543,16673.903866324272
2014-09-20 11:30:00,20332,16253.114689073436
2014-09-20 12:00:00,19797,17690.783243457419
2014-09-20 12:30:00,20601,18853.536005310194
2014-09-20 13:00:00,20823,19289.466983315193
2014-09-20 13:30:00,21182,20802.639021396117
2014-09-20 14:00:00,20742,20178.120186244229
2014-09-20 14:30:00,20477,19442.624910660757
2014-09-20 15:00:00,20654,19029.085249121064
2014-09-20 15:30:00,20386,19146.410418912885
2014-09-20 16:00:00,18174,19172.119730400176
2014-09-20 16:30:00,16690,20816.134843505253
2014-09-20 17:00:00,18151,25154.592081027451
2014-09-20 17:30:00,21330,26554.983471698542
2014-09-20 18:00:00,23268,26717.220055955713
2014-09-20 18:30:00,25025,24296.932918137441
2014-09-20 19:00:00,25816,24565.417524771554
2014-09-20 19:30:00,25694,24531.039517430414
2014-09-20 20:00:00,24693,25459.568274731213
2014-09-20 20:30:00,24187,26624.00958349173
2014-09-20 21:00:00,23820,25743.778896773973
2014-09-20 21:30:00,24549,22418.387582895921
2014-09-20 22:00:00,25442,21783.730539065145
2014-09-20 22:30:00,25914,21142.172888292804
2014-09-20 23:00:00,26329,19851.988461373025
2014-09-20 23:30:00,26618,18656.4918958731
2014-09-21 00:00:00,26477,16954.416997746324
2014-09-21 00:30:00,25461,17352.359503075844
2014-09-21 01:00:00,25371,18166.508636685136
2014-09-21 01:30:00,21726,12830.024257100762
2014-09-21 02:00:00,20737,8089.7301535139977
2014-09-21 02:30:00,18852,7477.1506097393703
2014-09-21 03:00:00,16474,6408.0266460853818
2014-09-21 03:30:00,13647,5706.4801206400862
2014-09-21 04:00:00,11793,6420.2801906987825
2014-09-21 04:30:00,7142,6800.5514437850834
2014-09-21 05:00:00,4611,7420.7165718114738
2014-09-21 05:30:00,3474,9040.7905406466416
2014-09-21 06:00:00,4131,12282.853845930804
2014-09-21 06:30:00,4395,18191.735407511773
2014-09-21 07:00:00,4443,19618.651010566642
2014-09-21 07:30:00,6155,19449.996391658122
2014-09-21 08:00:00,6827,18506.936148512417
2014-09-21 08:30:00,9510,17047.41125955914
2014-09-21 09:00:00,10785,18069.637354827864
2014-09-21 09:30:00,13570,19992.63807550443
2014-09-21 10:00:00,14691,23290.215884096266
2014-09-21 10:30:00,17071,22923.522243751453
2014-09-21 11:00:00,17457,23288.417951418116
2014-09-21 11:30:00,17961,22930.64525689921
2014-09-21 12:00:00,17900,20807.664618515366
2014-09-21 12:30:00,18347,17469.257078212675
2014-09-21 13:00:00,17302,19881.71414454437
2014-09-21 13:30:00,16009,20656.027128622096
2014-09-21 14:00:00,15427,22813.024310924815
2014-09-21 14:30:00,14986,23118.133208572941
2014-09-21 15:00:00,14381,21109.010969076131
2014-09-21 15:30:00,13763,21205.758779985004
2014-09-21 16:00:00,13163,20854.718214668603
2014-09-21 16:30:00,11940,20008.387628649802
2014-09-21 17:00:00,13536,18260.901935822658
2014-09-21 17:30:00,15175,18279.416152741731
2014-09-21 18:00:00,16406,21291.578247921007
2014-09-21 18:30:00,17318,22753.90057638946
2014-09-21 19:00:00,17588,22600.434412656276
2014-09-21 19:30:00,17895,21162.100969840783
2014-09-21 20:00:00,18084,22213.048617371292
2014-09-21 20:30:00,16972,21431.178698956894
2014-09-21 21:00:00,16389,19003.741991031973
2014-09-21 21:30:00,15846,17116.477648194781
2014-09-21 22:00:00,15329,17949.659924585725
2014-09-21 22:30:00,14446,17424.414977795179
2014-09-21 23:00:00,12721,17668.486279976096
2014-09-21 23:30:00,10826,16113.371057000142
2014-09-22 00:00:00,9067,15087.731339389635
2014-09-22 00:30:00,6546,12158.872710402367
2014-09-22 01:00:00,4580,7793.9492270309229
2014-09-22 01:30:00,3654,8847.53619846937
2014-09-22 02:00:00,3137,3096.1421297932575
2014-09-22 02:30:00,2610,4330.0460964841477
2014-09-22 03:00:00,2061,6215.5404254182449
2014-09-22 03:30:00,1959,8747.3092277554606
2014-09-22 04:00:00,2356,6490.423172938039
2014-09-22 04:30:00,2400,9756.2097173281036
2014-09-22 05:00:00,2911,10666.793262060881
2014-09-22 05:30:00,4833,14027.855689861764
2014-09-22 06:00:00,7398,16883.130955853285
2014-09-22 06:30:00,11809,17744.872777508128
2014-09-22 07:00:00,14495,19528.634085694604
2014-09-22 07:30:00,16812,17687.537265433515
2014-09-22 08:00:00,17569,17926.283017707188
2014-09-22 08:30:00,16738,16494.926898978265
2014-09-22 09:00:00,16612,17267.891899129871
2014-09-22 09:30:00,15702,12059.452772613578
2014-09-22 10:00:00,14817,13889.410959593442
2014-09-22 10:30:00,14668,12762.195797778928
2014-09-22 11:00:00,14458,16112.2905308667
2014-09-22 11:30:00,15475,16749.615234275454
2014-09-22 12:00:00,15539,22915.698572841829
2014-09-22 12:30:00,15345,18591.164461249675
2014-09-22 13:00:00,15222,14931.95154401433
2014-09-22 13:30:00,15213,15395.802767040755
2014-09-22 14:00:00,16167,13876.06133863478
2014-09-22 14:30:00,16210,13724.630907285255
2014-09-22 15:00:00,16393,9784.3809595495077
2014-09-22 15:30:00,14797,16039.75042458964
2014-09-22 16:00:00,13755,16486.221079752479
2014-09-22 16:30:00,13960,20657.565075379644
2014-09-22 17:00:00,16248,22967.317982334236
2014-09-22 17:30:00,18272,29430.276310138797
2014-09-22 18:00:00,20440,27799.999374245017
2014-09-22 18:30:00,21524,25878.233172436958
2014-09-22 19:00:00,21828,21384.222601183228
2014-09-22 19:30:00,22825,19279.357646202967
2014-09-22 20:00:00,22647,19232.933767121176
2014-09-22 20:30:00,22210,18753.915793027478
2014-09-22 21:00:00,22426,17936.840090880636
2014-09-22 21:30:00,20839,13131.796554325103
2014-09-22 22:00:00,20239,12629.01355975277
2014-09-22 22:30:00,18144,12998.899008657017
2014-09-22 23:00:00,15459,11923.095542336472
2014-09-22 23:30:00,13766,10896.428586626527
2014-09-23 00:00:00,11187,7519.6813513851157
2014-09-23 00:30:00,8959,4368.3069824630784
2014-09-23 01:00:00,7101,2935.6234577276318
2014-09-23 01:30:00,4710,6481.1450779424013
2014-09-23 02:00:00,3571,7279.4835952662243
2014-09-23 02:30:00,2765,7960.99134269771
2014-09-23 03:00:00,2101,11048.944788656343
2014-09-23 03:30:00,1867,11103.318042185576
2014-09-23 04:00:00,2126,10496.133059325504
2014-09-23 04:30:00,2082,11777.946946590413
2014-09-23 05:00:00,2393,12075.834220557987
2014-09-23 05:30:00,4443,11272.669503902249
2014-09-23 06:00:00,7297,10106.768519426994
2014-09-23 06:30:00,12466,9303.2301374358358
2014-09-23 07:00:00,15547,7071.1636210207471
2014-09-23 07:30:00,18160,9776.1297879571121
2014-09-23 08:00:00,18295,15321.147232659343
2014-09-23 08:30:00,17794,17308.892318202103
2014-09-23 09:00:00,16541,18185.549581432599
2014-09-23 09:30:00,16239,15181.799088441305
2014-09-23 10:00:00,15239,15532.728909840163
2014-09-23 10:30:00,15153,13074.625797803301
2014-09-23 11:00:00,14168,13160.492068950745
2014-09-23 11:30:00,14872,13847.364117472174
2014-09-23 12:00:00,15293,14348.013484928417
2014-09-23 12:30:00,14971,14012.984226994944
2014-09-23 13:00:00,14359,17396.292959471204
2014-09-23 13:30:00,14486,19206.921048501783
2014-09-23 14:00:00,14471,18064.788342210162
2014-09-23 14:30:00,14920,15023.54095155436
2014-09-23 15:00:00,14411,13509.561887495978
2014-09-23 15:30:00,13573,14294.259571859437
2014-09-23 16:00:00,11876,19432.016507167631
2014-09-23 16:30:00,11040,22577.943713956698
2014-09-23 17:00:00,13441,21485.092609354419
2014-09-23 17:30:00,16163,22045.262844779711
2014-09-23 18:00:00,19059,20121.439546731883
2014-09-23 18:30:00,19621,20456.060841415176
2014-09-23 19:00:00,21616,21010.616273113414
2014-09-23 19:30:00,23427,22372.718660366343
2014-09-23 20:00:00,23735,22617.98397018946
2014-09-23 20:30:00,23354,17986.342911435015
2014-09-23 21:00:00,23391,11200.795424828433
2014-09-23 21:30:00,23228,8817.2349715809087
2014-09-23 22:00:00,21882,7767.207810860401
2014-09-23 22:30:00,21221,5932.4021909047369
2014-09-23 23:00:00,18922,6288.0887562982862
2014-09-23 23:30:00,15473,4492.7030909478253
2014-09-24 00:00:00,12457,6699.0560074845926
2014-09-24 00:30:00,9497,6222.3684740660065
2014-09-24 01:00:00,7073,5906.0491419954997
2014-09-24 01:30:00,5496,4001.2756314039707
2014-09-24 02:00:00,4477,3603.3742463094222
2014-09-24 02:30:00,3527,4882.3222760284934
2014-09-24 03:00:00,2971,6588.4998415120772
2014-09-24 03:30:00,2660,7174.6648509671413
2014-09-24 04:00:00,2497,7526.0897909516634
2014-09-24 04:30:00,2250,9982.9036668521694
2014-09-24 05:00:00,2594,11847.290176783888
2014-09-24 05:30:00,4316,13476.803483940828
2014-09-24 06:00:00,7112,14777.031034652109
2014-09-24 06:30:00,12119,12563.922503260656
2014-09-24 07:00:00,15652,10663.073287500096
2014-09-24 07:30:00,18565,15245.355442977378
2014-09-24 08:00:00,18437,18868.440431238923
2014-09-24 08:30:00,17831,18984.025857643621
2014-09-24 09:00:00,17103,17247.426729987827
2014-09-24 09:30:00,16446,15330.741374402844
2014-09-24 10:00:00,15593,15951.359999282886
2014-09-24 10:30:00,15353,13916.600376753562
2014-09-24 11:00:00,15105,11096.672267620657
2014-09-24 11:30:00,16058,11440.529491555035
2014-09-24 12:00:00,16475,11970.211378182781
2014-09-24 12:30:00,16226,11699.431776456462
2014-09-24 13:00:00,15766,15802.633070662567
2014-09-24 13:30:00,16242,15652.474900783469
2014-09-24 14:00:00,16976,14065.028407200698
2014-09-24 14:30:00,17117,12959.138074122389
2014-09-24 15:00:00,16910,12250.963350325239
2014-09-24 15:30:00,14845,16114.997043930411
2014-09-24 16:00:00,12840,18124.713555205075
2014-09-24 16:30:00,12913,23570.763039056154
2014-09-24 17:00:00,15736,25704.506756139723
2014-09-24 17:30:00,18396,24561.588781534461
2014-09-24 18:00:00,21170,22462.701741358866
2014-09-24 18:30:00,21255,21456.314850926639
2014-09-24 19:00:00,22014,21180.216577094896
2014-09-24 19:30:00,22334,21744.40604608399
2014-09-24 20:00:00,21426,21851.565515853588
2014-09-24 20:30:00,21152,17816.313572545692
2014-09-24 21:00:00,22304,12955.562087002159
2014-09-24 21:30:00,22947,9957.6761597075529
2014-09-24 22:00:00,22195,7584.9924783870165
2014-09-24 22:30:00,21592,7722.7813079270873
2014-09-24 23:00:00,18884,7590.7843408394874
2014-09-24 23:30:00,15885,5980.194005733676
2014-09-25 00:00:00,12556,8137.2385747023827
2014-09-25 00:30:00,10023,7802.380562183077
2014-09-25 01:00:00,7320,6866.7401864882686
2014-09-25 01:30:00,6007,3666.8406258546293
2014-09-25 02:00:00,4886,3023.4246459000169
2014-09-25 02:30:00,4068,3703.5633801779331
2014-09-25 03:00:00,3170,5088.3343582459547
2014-09-25 03:30:00,2671,6155.4342273753973
2014-09-25 04:00:00,2844,6531.0558173699937
2014-09-25 04:30:00,2430,9638.1493590827486
2014-09-25 05:00:00,2534,12405.679488082267
2014-09-25 05:30:00,4193,14474.643136148959
2014-09-25 06:00:00,6274,15882.872150063075
2014-09-25 06:30:00,11614,15985.946689803643
2014-09-25 07:00:00,14471,15148.461457316082
2014-09-25 07:30:00,17184,15252.23597356523
2014-09-25 08:00:00,18428,17293.356957812146
2014-09-25 08:30:00,18257,18531.349139101229
2014-09-25 09:00:00,17375,17156.391247313182
2014-09-25 09:30:00,18079,17384.668230304687
2014-09-25 10:00:00,17902,17559.778130891867
2014-09-25 10:30:00,17934,15014.360446965327
2014-09-25 11:00:00,16311,14301.367324659479
2014-09-25 11:30:00,16460,12826.642088651293
2014-09-25 12:00:00,17383,12133.370418796456
2014-09-25 12:30:00,16931,10115.520669346821
2014-09-25 13:00:00,17236,13109.252036564512
2014-09-25 13:30:00,17120,15771.11161080929
2014-09-25 14:00:00,16635,15745.123001955857
2014-09-25 14:30:00,16048,15892.201618487856
2014-09-25 15:00:00,15553,15921.046709877128
2014-09-25 15:30:00,14421,16511.317997821287
2014-09-25 16:00:00,13456,17839.149275775344
2014-09-25 16:30:00,12820,22353.314275416502
2014-09-25 17:00:00,16109,23567.423083558213
2014-09-25 17:30:00,19198,23887.577483055997
2014-09-25 18:00:00,21302,22063.656642437883
2014-09-25 18:30:00,22657,22258.130362184238
2014-09-25 19:00:00,23276,21040.89151161402
2014-09-25 19:30:00,23723,22105.410789386879
2014-09-25 20:00:00,23021,23725.014165340966
2014-09-25 20:30:00,21823,19892.951604258342
2014-09-25 21:00:00,21666,13788.60270952188
2014-09-25 21:30:00,22491,10982.603084699776
2014-09-25 22:00:00,22004,9140.2190947526396
2014-09-25 22:30:00,23595,10080.802807518092
2014-09-25 23:00:00,22090,11946.89258809324
2014-09-25 23:30:00,20296,10541.041888890824
2014-09-26 00:00:00,16288,10576.807811371826
2014-09-26 00:30:00,13049,9083.3930723877893
2014-09-26 01:00:00,10504,6926.7368107848242
2014-09-26 01:30:00,8423,4624.9404547223767
2014-09-26 02:00:00,7090,3687.5231603608318
2014-09-26 02:30:00,5920,3812.001799035721
2014-09-26 03:00:00,4849,4902.1304178955688
2014-09-26 03:30:00,4102,5856.1643283121775
2014-09-26 04:00:00,4093,7288.4366222488788
2014-09-26 04:30:00,3162,11079.399343620065
2014-09-26 05:00:00,2939,15010.791372656775
2014-09-26 05:30:00,4012,16404.094989991885
2014-09-26 06:00:00,6627,17169.646689894729
2014-09-26 06:30:00,10911,16181.457648036494
2014-09-26 07:00:00,13043,14723.281153615681
2014-09-26 07:30:00,16141,14100.51270536015
2014-09-26 08:00:00,16551,14070.833220102966
2014-09-26 08:30:00,17566,17293.437029448902
2014-09-26 09:00:00,16839,16567.113775287489
2014-09-26 09:30:00,16706,16992.350742321054
2014-09-26 10:00:00,15946,17277.083429212351
2014-09-26 10:30:00,16319,15839.205911859608
2014-09-26 11:00:00,15319,15949.008174942421
2014-09-26 11:30:00,16456,16216.926623792964
2014-09-26 12:00:00,16719,15175.146140323062
2014-09-26 12:30:00,16157,11453.018851926376
2014-09-26 13:00:00,15798,14059.691842311808
2014-09-26 13:30:00,16747,14888.058190875163
2014-09-26 14:00:00,16855,16791.55149466301
2014-09-26 14:30:00,17441,17583.785072807972
2014-09-26 15:00:00,16769,18144.346442092949
2014-09-26 15:30:00,15274,21194.716925383254
2014-09-26 16:00:00,14150,21357.900480282857
2014-09-26 16:30:00,13382,22117.395750044405
2014-09-26 17:00:00,16018,22632.901039102675
2014-09-26 17:30:00,19412,23339.03901001333
2014-09-26 18:00:00,22047,21500.35257033625
2014-09-26 18:30:00,23843,21348.726654981652
2014-09-26 19:00:00,24816,21612.96712901329
2014-09-26 19:30:00,25433,22671.473225117799
2014-09-26 20:00:00,25249,24093.318235051804
2014-09-26 20:30:00,24492,20405.384709315789
2014-09-26 21:00:00,24332,18633.976730194929
2014-09-26 21:30:00,24473,15336.791549911824
2014-09-26 22:00:00,25932,11587.536155049067
2014-09-26 22:30:00,25931,11889.656459257421
2014-09-26 23:00:00,26479,12872.570168559581
2014-09-26 23:30:00,25878,12202.618758814624
2014-09-27 00:00:00,25100,11983.261552463873
2014-09-27 00:30:00,23886,10257.243555685094
2014-09-27 01:00:00,22982,14350.463759264554
2014-09-27 01:30:00,20541,13356.817317865891
2014-09-27 02:00:00,18970,8173.2411110350049
2014-09-27 02:30:00,17433,6285.341694982053
2014-09-27 03:00:00,14547,5650.8502393561048
2014-09-27 03:30:00,12694,6508.9197173912107
2014-09-27 04:00:00,10374,6975.0945921821476
2014-09-27 04:30:00,6339,7180.8051364971525
2014-09-27 05:00:00,4313,8997.9947790081678
2014-09-27 05:30:00,3538,12626.400058975545
2014-09-27 06:00:00,3709,13799.391982705754
2014-09-27 06:30:00,5311,16646.678719087693
2014-09-27 07:00:00,5974,16137.475274965464
2014-09-27 07:30:00,8183,15510.820891689455
2014-09-27 08:00:00,8942,14533.34420212431
2014-09-27 08:30:00,11805,13296.362640191133
2014-09-27 09:00:00,12261,15885.591075124559
2014-09-27 09:30:00,15226,17690.09207301823
2014-09-27 10:00:00,15802,20814.375439155116
2014-09-27 10:30:00,17334,18143.11994363237
2014-09-27 11:00:00,18070,17766.279062684265
2014-09-27 11:30:00,20105,16679.865787911123
2014-09-27 12:00:00,20138,17198.204021071324
2014-09-27 12:30:00,19968,14253.491865654751
2014-09-27 13:00:00,20411,14743.688246072812
2014-09-27 13:30:00,20317,14989.499532884955
2014-09-27 14:00:00,19930,14258.862812742154
2014-09-27 14:30:00,20502,13543.657153697848
2014-09-27 15:00:00,19916,15891.787733338031
2014-09-27 15:30:00,19259,17604.730724006222
2014-09-27 16:00:00,17572,18612.073801851064
2014-09-27 16:30:00,15629,20239.290818966052
2014-09-27 17:00:00,17721,23200.873391506007
2014-09-27 17:30:00,21308,24492.018887765407
2014-09-27 18:00:00,23297,24418.695914118176
2014-09-27 18:30:00,24024,22478.410463912165
2014-09-27 19:00:00,24925,22931.549325318032
2014-09-27 19:30:00,25418,22582.078991056456
2014-09-27 20:00:00,23601,25083.553818294418
2014-09-27 20:30:00,23219,26138.853577669906
2014-09-27 21:00:00,22544,24898.056130262921
2014-09-27 21:30:00,23273,23144.162547592205
2014-09-27 22:00:00,25131,22042.125829459164
2014-09-27 22:30:00,26895,20894.978814543865
2014-09-27 23:00:00,27936,19095.673478090059
2014-09-27 23:30:00,28113,18665.369671116325
2014-09-28 00:00:00,27269,16676.820165247333
2014-09-28 00:30:00,26320,16599.468735977687
2014-09-28 01:00:00,24571,16039.943159468272
2014-09-28 01:30:00,22698,9330.4358060214054
2014-09-28 02:00:00,20948,7214.4605066552285
2014-09-28 02:30:00,18561,7519.3443413088453
2014-09-28 03:00:00,16218,6918.0297326519185
2014-09-28 03:30:00,13873,6209.5486672252337
2014-09-28 04:00:00,11926,6811.3360639716975
2014-09-28 04:30:00,7361,6789.4524655636487
2014-09-28 05:00:00,4330,7014.4791770065412
2014-09-28 05:30:00,3681,7398.9059532357587
2014-09-28 06:00:00,3886,10631.588979677108
2014-09-28 06:30:00,4600,16550.369865741628
2014-09-28 07:00:00,4930,18763.299803632104
2014-09-28 07:30:00,6204,18204.202532726831
2014-09-28 08:00:00,7212,17088.938454878658
2014-09-28 08:30:00,9136,16218.784946983211
2014-09-28 09:00:00,10287,18784.626790427687
2014-09-28 09:30:00,12808,19825.23050332841
2014-09-28 10:00:00,13952,23973.865612450682
2014-09-28 10:30:00,16763,22937.203351500579
2014-09-28 11:00:00,17356,22674.057757895582
2014-09-28 11:30:00,19238,22366.777099603532
2014-09-28 12:00:00,19607,21322.183354024739
2014-09-28 12:30:00,20310,18206.795127586058
2014-09-28 13:00:00,20033,19201.30522954644
2014-09-28 13:30:00,19595,20199.181238386445
2014-09-28 14:00:00,19871,21084.731814093251
2014-09-28 14:30:00,19819,21968.054867619569
2014-09-28 15:00:00,18620,20648.929138332711
2014-09-28 15:30:00,18657,21653.623614857068
2014-09-28 16:00:00,17688,21946.441168603516
2014-09-28 16:30:00,16927,21303.180839621305
2014-09-28 17:00:00,17637,19114.075531596209
2014-09-28 17:30:00,19283,19684.018297077564
2014-09-28 18:00:00,20448,20741.924939376317
2014-09-28 18:30:00,19638,20225.716598475221
2014-09-28 19:00:00,19509,20594.37393400602
2014-09-28 19:30:00,18936,19744.427835087212
2014-09-28 20:00:00,18188,19944.456844417229
2014-09-28 20:30:00,16594,18646.868162623738
2014-09-28 21:00:00,16330,17286.662743440822
2014-09-28 21:30:00,16075,15296.213852481136
2014-09-28 22:00:00,14977,15615.75991289806
2014-09-28 22:30:00,13503,15366.950988840204
2014-09-28 23:00:00,12052,14963.147367471474
2014-09-28 23:30:00,10779,14002.211024053731
2014-09-29 00:00:00,8332,14318.034241460218
2014-09-29 00:30:00,6357,9768.3438159105845
2014-09-29 01:00:00,4958,6424.319816172183
2014-09-29 01:30:00,3461,6047.3404089884771
2014-09-29 02:00:00,3253,1269.6345289182646
2014-09-29 02:30:00,2493,225.81833660296797
2014-09-29 03:00:00,1993,2991.0360609467625
2014-09-29 03:30:00,1839,5505.3156206160293
2014-09-29 04:00:00,2275,6734.3685480654221
2014-09-29 04:30:00,2280,11279.252125283081
2014-09-29 05:00:00,2986,12641.244331597023
2014-09-29 05:30:00,4608,14828.405472069398
2014-09-29 06:00:00,7253,18183.752904575314
2014-09-29 06:30:00,11360,17913.439079091993
2014-09-29 07:00:00,14157,16468.010865292137
2014-09-29 07:30:00,16864,14862.196779820744
2014-09-29 08:00:00,17399,16745.167569310619
2014-09-29 08:30:00,16671,15561.932876847779
2014-09-29 09:00:00,15478,16340.853821075381
2014-09-29 09:30:00,14677,13637.899175264896
2014-09-29 10:00:00,14935,14878.432994690278
2014-09-29 10:30:00,15392,14492.184416200798
2014-09-29 11:00:00,15147,20120.222310856458
2014-09-29 11:30:00,16345,21455.191791691475
2014-09-29 12:00:00,16382,25099.813487981737
2014-09-29 12:30:00,15798,21426.209947988405
2014-09-29 13:00:00,15584,18796.926491731814
2014-09-29 13:30:00,16544,16136.731147310664
2014-09-29 14:00:00,17377,17074.602782530299
2014-09-29 14:30:00,18345,17251.574046513517
2014-09-29 15:00:00,18004,17128.907065732659
2014-09-29 15:30:00,16863,18826.690309964499
2014-09-29 16:00:00,15714,21649.679213350333
2014-09-29 16:30:00,14743,23662.367033447772
2014-09-29 17:00:00,17579,21273.15703223001
2014-09-29 17:30:00,21604,25130.726736252051
2014-09-29 18:00:00,23120,26825.538495678971
2014-09-29 18:30:00,22717,23299.557767968407
2014-09-29 19:00:00,22757,20723.210761332739
2014-09-29 19:30:00,22311,19980.15913023238
2014-09-29 20:00:00,21642,21146.378645324141
2014-09-29 20:30:00,20568,19796.009447834986
2014-09-29 21:00:00,19969,17201.542870022473
2014-09-29 21:30:00,19484,13747.543842133324
2014-09-29 22:00:00,17993,11965.224828458566
2014-09-29 22:30:00,17446,11635.163637505215
2014-09-29 23:00:00,13722,13030.609840080384
2014-09-29 23:30:00,11549,10784.24417712236
2014-09-30 00:00:00,9459,9181.4065169074274
2014-09-30 00:30:00,6800,4426.2375430902393
2014-09-30 01:00:00,5323,2347.1712631492865
2014-09-30 01:30:00,3976,2404.0278400759016
2014-09-30 02:00:00,3279,3994.4268982390786
2014-09-30 02:30:00,2617,4735.4425841142365
2014-09-30 03:00:00,2010,9918.3610966709512
2014-09-30 03:30:00,1853,11450.502360574537
2014-09-30 04:00:00,2150,12310.200219730865
2014-09-30 04:30:00,2019,14898.099978215996
2014-09-30 05:00:00,2414,13241.136585770919
2014-09-30 05:30:00,4193,13334.045366796023
2014-09-30 06:00:00,6473,12736.052327583595
2014-09-30 06:30:00,11500,9380.1564441236278
2014-09-30 07:00:00,14892,10068.94886367009
2014-09-30 07:30:00,19148,12605.032782368064
2014-09-30 08:00:00,19942,16981.505838821973
2014-09-30 08:30:00,19874,18251.792525042474
2014-09-30 09:00:00,18453,17209.734163627189
2014-09-30 09:30:00,18316,16959.271110004913
2014-09-30 10:00:00,16768,20738.899661900599
2014-09-30 10:30:00,16430,15288.562010774398
2014-09-30 11:00:00,16035,12743.353694629994
2014-09-30 11:30:00,17493,14547.482414744652
2014-09-30 12:00:00,17298,16269.402684133796
2014-09-30 12:30:00,16790,16091.04878345983
2014-09-30 13:00:00,15966,20578.92535456298
2014-09-30 13:30:00,17428,23521.162005779017
2014-09-30 14:00:00,18268,20666.558155986164
2014-09-30 14:30:00,18462,16630.006316786363
2014-09-30 15:00:00,18361,13324.282582742231
2014-09-30 15:30:00,16495,13762.508977631547
2014-09-30 16:00:00,14614,16617.937420427788
2014-09-30 16:30:00,14124,18712.752366248213
2014-09-30 17:00:00,17230,19255.649242149731
2014-09-30 17:30:00,20123,19791.862100963073
2014-09-30 18:00:00,22947,20728.870303967193
2014-09-30 18:30:00,23715,20798.887135319615
2014-09-30 19:00:00,24428,21996.100882258153
2014-09-30 19:30:00,24482,24475.173490673224
2014-09-30 20:00:00,24208,20614.810560786213
2014-09-30 20:30:00,23513,16277.018607832277
2014-09-30 21:00:00,24049,10173.628871649471
2014-09-30 21:30:00,23634,5411.1583491343117
2014-09-30 22:00:00,22175,4371.7786550294895
2014-09-30 22:30:00,20697,6353.3511066928877
2014-09-30 23:00:00,17890,7375.4356608085354
2014-09-30 23:30:00,15516,9378.9758698441146
2014-10-01 00:00:00,12751,8993.4380261290098
2014-10-01 00:30:00,8767,7611.5112610035458
2014-10-01 01:00:00,7005,3087.6013031445182
2014-10-01 01:30:00,5257,1810.0706548401522
2014-10-01 02:00:00,4189,1877.0050320847859
2014-10-01 02:30:00,3236,2853.6211506918789
2014-10-01 03:00:00,2817,4698.4739666434089
2014-10-01 03:30:00,2527,6112.6104875276433
2014-10-01 04:00:00,2406,6612.9460885466488
2014-10-01 04:30:00,1961,12276.526638446649
2014-10-01 05:00:00,2478,12650.09319721809
2014-10-01 05:30:00,4483,15174.437526731013
2014-10-01 06:00:00,7002,15571.89483713415
2014-10-01 06:30:00,11917,13230.545029003582
2014-10-01 07:00:00,15929,13172.894308067031
2014-10-01 07:30:00,20327,15195.407818889704
2014-10-01 08:00:00,20974,20411.121978196992
2014-10-01 08:30:00,20999,19768.99611446686
2014-10-01 09:00:00,19639,17426.790608054467
2014-10-01 09:30:00,19221,17517.386006637524
2014-10-01 10:00:00,17308,19490.34467548121
2014-10-01 10:30:00,17140,18234.873433540924
2014-10-01 11:00:00,16773,15985.459605462725
2014-10-01 11:30:00,19397,13727.849666169754
2014-10-01 12:00:00,18697,15183.959331715527
2014-10-01 12:30:00,18042,14120.871906812539
2014-10-01 13:00:00,17332,16710.700706161813
2014-10-01 13:30:00,17585,19223.563821767963
2014-10-01 14:00:00,18263,18436.936041375513
2014-10-01 14:30:00,18842,15540.36585535399
2014-10-01 15:00:00,18583,15040.817627903178
2014-10-01 15:30:00,17301,16060.487353136821
2014-10-01 16:00:00,15060,18311.027632890142
2014-10-01 16:30:00,14201,22247.699086413162
2014-10-01 17:00:00,16655,22091.243924072347
2014-10-01 17:30:00,19964,20417.42435576551
2014-10-01 18:00:00,22960,19483.750395625779
2014-10-01 18:30:00,23759,20246.45071358369
2014-10-01 19:00:00,25024,19262.075831428396
2014-10-01 19:30:00,25414,21104.88320193347
2014-10-01 20:00:00,24917,22780.343473171768
2014-10-01 20:30:00,24348,17595.516889786901
2014-10-01 21:00:00,24248,12015.200585777457
2014-10-01 21:30:00,24669,8869.0664567331878
2014-10-01 22:00:00,23132,7918.4378237497613
2014-10-01 22:30:00,22753,7361.4527490141736
2014-10-01 23:00:00,20371,9911.4658886379693
2014-10-01 23:30:00,17313,8102.5183116714006
2014-10-02 00:00:00,13534,8428.7671664640948
2014-10-02 00:30:00,10485,8028.4880778230036
2014-10-02 01:00:00,7944,4758.6358051451916
2014-10-02 01:30:00,6030,2417.5674186293854
2014-10-02 02:00:00,4867,2044.0167837121408
2014-10-02 02:30:00,3812,4542.4621355459967
2014-10-02 03:00:00,3251,5048.5719261854101
2014-10-02 03:30:00,2738,7678.9812392214862
2014-10-02 04:00:00,2755,7625.3441836668826
2014-10-02 04:30:00,2221,12705.089633746402
2014-10-02 05:00:00,2363,13799.580282048943
2014-10-02 05:30:00,4351,17492.578721516107
2014-10-02 06:00:00,6835,18440.294549049893
2014-10-02 06:30:00,11982,18145.955316306947
2014-10-02 07:00:00,15844,18355.192142095388
2014-10-02 07:30:00,19853,19038.576363343909
2014-10-02 08:00:00,20187,20981.067734186334
2014-10-02 08:30:00,20480,21633.61517500224
2014-10-02 09:00:00,19531,21072.1755054266
2014-10-02 09:30:00,18873,19622.819941713526
2014-10-02 10:00:00,17534,19120.141604737895
2014-10-02 10:30:00,17803,18964.455703625164
2014-10-02 11:00:00,16994,17697.553143169924
2014-10-02 11:30:00,18149,15935.977719817864
2014-10-02 12:00:00,18251,16752.044934988779
2014-10-02 12:30:00,17723,16212.604074535624
2014-10-02 13:00:00,17104,17576.413583476871
2014-10-02 13:30:00,18124,18055.355078047836
2014-10-02 14:00:00,18680,18426.53537957459
2014-10-02 14:30:00,19364,17150.760579530273
2014-10-02 15:00:00,19044,16463.322497023299
2014-10-02 15:30:00,16883,17256.151615996594
2014-10-02 16:00:00,14389,18491.384898582306
2014-10-02 16:30:00,13866,23618.60536496199
2014-10-02 17:00:00,17005,24762.358380976504
2014-10-02 17:30:00,20674,23874.652499768425
2014-10-02 18:00:00,22678,21820.52316973362
2014-10-02 18:30:00,23225,21263.01679350328
2014-10-02 19:00:00,25012,20399.057330312749
2014-10-02 19:30:00,25574,19898.280328051507
2014-10-02 20:00:00,25301,20539.027390489602
2014-10-02 20:30:00,25391,17953.879888067975
2014-10-02 21:00:00,25520,15143.224282884428
2014-10-02 21:30:00,25582,12141.002852584068
2014-10-02 22:00:00,24848,9660.5672605147556
2014-10-02 22:30:00,24100,10387.984952386592
2014-10-02 23:00:00,23336,12574.878280039118
2014-10-02 23:30:00,21549,10782.335243904519
2014-10-03 00:00:00,18003,10171.653409986589
2014-10-03 00:30:00,15266,9294.290299347289
2014-10-03 01:00:00,12130,9867.5431657879217
2014-10-03 01:30:00,9847,5650.6211387390849
2014-10-03 02:00:00,8022,4013.1090963340321
2014-10-03 02:30:00,6508,5158.3576762843077
2014-10-03 03:00:00,5309,5880.9002855483668
2014-10-03 03:30:00,4339,8011.528124132733
2014-10-03 04:00:00,4202,7555.9224782780275
2014-10-03 04:30:00,3358,11051.912225251324
2014-10-03 05:00:00,3083,15314.280873979535
2014-10-03 05:30:00,4391,19233.544486981184
2014-10-03 06:00:00,6769,20343.565199900051
2014-10-03 06:30:00,11309,20095.074780769333
2014-10-03 07:00:00,14866,20702.418574876909
2014-10-03 07:30:00,18942,19437.559044892685
2014-10-03 08:00:00,19693,19013.953694915388
2014-10-03 08:30:00,19776,19951.736935111257
2014-10-03 09:00:00,19309,21059.728073835893
2014-10-03 09:30:00,18801,19876.567002340129
2014-10-03 10:00:00,17108,19093.680278700274
2014-10-03 10:30:00,16952,16998.813308826695
2014-10-03 11:00:00,17108,17397.715391089529
2014-10-03 11:30:00,17927,15871.491940986669
2014-10-03 12:00:00,18426,16156.847468604285
2014-10-03 12:30:00,17340,15896.829581671798
2014-10-03 13:00:00,17150,17348.718899737967
2014-10-03 13:30:00,17581,17405.896099578436
2014-10-03 14:00:00,18924,17286.113557719927
2014-10-03 14:30:00,19602,14924.178044665481
2014-10-03 15:00:00,18893,16155.480838401172
2014-10-03 15:30:00,16691,17914.101444312433
2014-10-03 16:00:00,15332,19014.145732615762
2014-10-03 16:30:00,14661,23545.713354606407
2014-10-03 17:00:00,18110,25228.658467279078
2014-10-03 17:30:00,22624,24631.134155800297
2014-10-03 18:00:00,25209,22866.38912212252
2014-10-03 18:30:00,24975,21791.826054579051
2014-10-03 19:00:00,26477,20870.559041681343
2014-10-03 19:30:00,27165,21513.525460888486
2014-10-03 20:00:00,25960,23349.082770222623
2014-10-03 20:30:00,25435,22005.398065717884
2014-10-03 21:00:00,24847,18901.260483567145
2014-10-03 21:30:00,25174,16242.8875215321
2014-10-03 22:00:00,25419,12813.195981294655
2014-10-03 22:30:00,25904,10753.166357518856
2014-10-03 23:00:00,24543,13080.905767696509
2014-10-03 23:30:00,24513,13629.519619204428
2014-10-04 00:00:00,23316,12908.560841415594
2014-10-04 00:30:00,22311,9944.2807419651781
2014-10-04 01:00:00,20470,12364.639975763455
2014-10-04 01:30:00,18629,9775.4104337641147
2014-10-04 02:00:00,17120,8125.7932774792389
2014-10-04 02:30:00,15544,7413.5209810371953
2014-10-04 03:00:00,14012,6962.0398605221899
2014-10-04 03:30:00,11425,8802.6104581113868
2014-10-04 04:00:00,9541,10158.974663795983
2014-10-04 04:30:00,5912,8611.7882481331362
2014-10-04 05:00:00,3832,9683.2608199370879
2014-10-04 05:30:00,3230,13221.246479877347
2014-10-04 06:00:00,3425,15101.617687596054
2014-10-04 06:30:00,4159,18051.650266331802
2014-10-04 07:00:00,4720,17975.778340327997
2014-10-04 07:30:00,5848,17205.715746614551
2014-10-04 08:00:00,6901,15837.216262450333
2014-10-04 08:30:00,9611,14613.533906658464
2014-10-04 09:00:00,11626,17417.486365674191
2014-10-04 09:30:00,14814,20919.298895757929
2014-10-04 10:00:00,16839,22656.542920726133
2014-10-04 10:30:00,18245,18542.501280478486
2014-10-04 11:00:00,18230,14814.796135063187
2014-10-04 11:30:00,18322,15212.519519391171
2014-10-04 12:00:00,18541,17680.279283372027
2014-10-04 12:30:00,18062,20550.011583228756
2014-10-04 13:00:00,18008,19981.244208676679
2014-10-04 13:30:00,18784,20313.200511902705
2014-10-04 14:00:00,17708,19040.777209503798
2014-10-04 14:30:00,17998,17698.061939961717
2014-10-04 15:00:00,18033,17310.088543236343
2014-10-04 15:30:00,17851,16843.986048683506
2014-10-04 16:00:00,17046,16825.615360625812
2014-10-04 16:30:00,17241,19302.392984122103
2014-10-04 17:00:00,19295,22888.017683994971
2014-10-04 17:30:00,21740,25645.425166748457
2014-10-04 18:00:00,22729,25945.355820097189
2014-10-04 18:30:00,23854,24204.922891755479
2014-10-04 19:00:00,25857,23446.677746054382
2014-10-04 19:30:00,26490,23517.476132719676
2014-10-04 20:00:00,24115,25377.823091279035
2014-10-04 20:30:00,23384,26575.847013869348
2014-10-04 21:00:00,23515,25522.619616483316
2014-10-04 21:30:00,24476,21742.379149140499
2014-10-04 22:00:00,24455,20736.769957092274
2014-10-04 22:30:00,25474,20379.340743917532
2014-10-04 23:00:00,25811,19125.657393065994
2014-10-04 23:30:00,25847,16349.857958252676
2014-10-05 00:00:00,25224,14450.414185712316
2014-10-05 00:30:00,23248,13074.581273794
2014-10-05 01:00:00,22772,12723.482443282302
2014-10-05 01:30:00,20671,8405.5230293909572
2014-10-05 02:00:00,19208,7426.3244546590349
2014-10-05 02:30:00,17300,8537.0200371678111
2014-10-05 03:00:00,15260,8251.3947535422503
2014-10-05 03:30:00,12970,7533.9612976871113
2014-10-05 04:00:00,11168,7133.6726823032395
2014-10-05 04:30:00,6678,6514.8959092809164
2014-10-05 05:00:00,4321,5070.9208941391043
2014-10-05 05:30:00,3259,6657.6540962060135
2014-10-05 06:00:00,3277,10909.801754376818
2014-10-05 06:30:00,4072,16993.446068031029
2014-10-05 07:00:00,4566,17750.791351261989
2014-10-05 07:30:00,5973,16620.582112662931
2014-10-05 08:00:00,7209,15745.389601306284
2014-10-05 08:30:00,8999,14642.311084342002
2014-10-05 09:00:00,10669,16259.581183843989
2014-10-05 09:30:00,12678,17782.855583518649
2014-10-05 10:00:00,14511,19826.456048015418
2014-10-05 10:30:00,16953,19559.822651675604
2014-10-05 11:00:00,17817,21434.797836608352
2014-10-05 11:30:00,18894,21878.856034963217
2014-10-05 12:00:00,18505,19608.373145925088
2014-10-05 12:30:00,19227,16805.33449296459
2014-10-05 13:00:00,18361,20227.40907318356
2014-10-05 13:30:00,18014,21426.78727219631
2014-10-05 14:00:00,17486,20535.468984073792
2014-10-05 14:30:00,17816,19796.733396809956
2014-10-05 15:00:00,17364,20997.253681309645
2014-10-05 15:30:00,16871,22699.371187197707
2014-10-05 16:00:00,15497,22033.817990072013
2014-10-05 16:30:00,15185,20550.852803977803
2014-10-05 17:00:00,16114,19290.287899293322
2014-10-05 17:30:00,18312,19446.624952563499
2014-10-05 18:00:00,19793,21454.239379568055
2014-10-05 18:30:00,19706,22133.043336093746
2014-10-05 19:00:00,20198,21705.399448912896
2014-10-05 19:30:00,19790,20788.110111786958
2014-10-05 20:00:00,18192,20257.016175927154
2014-10-05 20:30:00,17701,19582.959418234095
2014-10-05 21:00:00,16484,17963.55368763634
2014-10-05 21:30:00,16626,16271.482025467025
2014-10-05 22:00:00,14889,16607.642617971269
2014-10-05 22:30:00,14114,16617.612562995037
2014-10-05 23:00:00,11870,14985.466133496859
2014-10-05 23:30:00,10041,12198.284268118467
2014-10-06 00:00:00,7997,14602.253096881712
2014-10-06 00:30:00,5689,11413.503598194973
2014-10-06 01:00:00,4351,7914.7036386769114
2014-10-06 01:30:00,3348,4913.0485471081865
2014-10-06 02:00:00,2809,2839.1795887312128
2014-10-06 02:30:00,2193,5019.8986196464321
2014-10-06 03:00:00,1752,6001.9198973979783
2014-10-06 03:30:00,1731,2328.0205236279471
2014-10-06 04:00:00,1994,1319.0439232678418
2014-10-06 04:30:00,2178,6495.6129490275489
2014-10-06 05:00:00,2787,9257.0807764049932
2014-10-06 05:30:00,4578,13969.520513022007
2014-10-06 06:00:00,6816,16552.722196718387
2014-10-06 06:30:00,11243,17923.488231412954
2014-10-06 07:00:00,14265,17694.50146183333
2014-10-06 07:30:00,17395,16801.930701591275
2014-10-06 08:00:00,18327,18693.33723401299
2014-10-06 08:30:00,17729,19995.991845264536
2014-10-06 09:00:00,17870,17202.490822039064
2014-10-06 09:30:00,16982,14862.354631894948
2014-10-06 10:00:00,15335,15678.437174447685
2014-10-06 10:30:00,15998,15182.282781184482
2014-10-06 11:00:00,15414,20692.518040299175
2014-10-06 11:30:00,16233,22127.487064839115
2014-10-06 12:00:00,16499,22357.43579912452
2014-10-06 12:30:00,16380,19335.584804460897
2014-10-06 13:00:00,15414,17434.475247556133
2014-10-06 13:30:00,16720,18799.258839358783
2014-10-06 14:00:00,17137,17637.828633899058
2014-10-06 14:30:00,18046,17065.596066092538
2014-10-06 15:00:00,18110,16593.353063500177
2014-10-06 15:30:00,17087,19242.828020474317
2014-10-06 16:00:00,15794,20714.633006338147
2014-10-06 16:30:00,15965,21702.278035406776
2014-10-06 17:00:00,18732,23836.985170306871
2014-10-06 17:30:00,21107,28367.093886577182
2014-10-06 18:00:00,23450,24662.035252101639
2014-10-06 18:30:00,24200,21572.833955595059
2014-10-06 19:00:00,24518,18556.387260355117
2014-10-06 19:30:00,23704,18157.617534112749
2014-10-06 20:00:00,22112,18298.143046519996
2014-10-06 20:30:00,20986,16555.80699981513
2014-10-06 21:00:00,21032,15837.095908245132
2014-10-06 21:30:00,19963,10560.3682282478
2014-10-06 22:00:00,18986,9696.230397548703
2014-10-06 22:30:00,17125,10307.991633176509
2014-10-06 23:00:00,15528,11273.787484052682
2014-10-06 23:30:00,11610,10123.261760057268
2014-10-07 00:00:00,9469,7336.5572604425533
2014-10-07 00:30:00,6605,2824.526080446567
2014-10-07 01:00:00,5283,3473.8167333467954
2014-10-07 01:30:00,4152,4304.3408608399077
2014-10-07 02:00:00,3319,4614.3567868132504
2014-10-07 02:30:00,2432,5797.2301594660985
2014-10-07 03:00:00,1968,8688.1161779783833
2014-10-07 03:30:00,1769,11687.492898016266
2014-10-07 04:00:00,2018,12402.785290303773
2014-10-07 04:30:00,1933,14741.598044106582
2014-10-07 05:00:00,2240,14137.625854920771
2014-10-07 05:30:00,4305,12041.285889304332
2014-10-07 06:00:00,6719,11421.071730003923
2014-10-07 06:30:00,11392,10539.43877690403
2014-10-07 07:00:00,14960,9278.2892575919504
2014-10-07 07:30:00,18975,11088.649067185324
2014-10-07 08:00:00,19602,16308.205244291577
2014-10-07 08:30:00,19572,16491.993219113851
2014-10-07 09:00:00,18772,16650.407408161365
2014-10-07 09:30:00,17757,16596.022731419791
2014-10-07 10:00:00,16706,21495.488043838035
2014-10-07 10:30:00,16601,17996.064502489891
2014-10-07 11:00:00,15673,17604.063516754366
2014-10-07 11:30:00,16929,15508.521577942707
2014-10-07 12:00:00,17435,14823.554550158915
2014-10-07 12:30:00,16953,14831.564349914484
2014-10-07 13:00:00,16417,19979.351905535925
2014-10-07 13:30:00,17022,21326.221966310448
2014-10-07 14:00:00,17540,22060.622370714525
2014-10-07 14:30:00,18417,17766.61265416921
2014-10-07 15:00:00,18698,17177.077179452695
2014-10-07 15:30:00,16193,16257.449615704381
2014-10-07 16:00:00,14544,19492.935975535871
2014-10-07 16:30:00,13864,20552.379299998647
2014-10-07 17:00:00,17041,19525.709766846801
2014-10-07 17:30:00,20434,20084.286990070934
2014-10-07 18:00:00,23029,19248.155070965731
2014-10-07 18:30:00,23711,21381.246196845514
2014-10-07 19:00:00,24817,21728.370850272073
2014-10-07 19:30:00,24933,23295.674372250636
2014-10-07 20:00:00,24002,21066.732135454538
2014-10-07 20:30:00,23651,15212.039622886294
2014-10-07 21:00:00,23764,8779.585919480236
2014-10-07 21:30:00,23224,7596.9992890638259
2014-10-07 22:00:00,22020,5742.1762124145553
2014-10-07 22:30:00,22214,5404.6498929346544
2014-10-07 23:00:00,21446,6743.5775061405366
2014-10-07 23:30:00,15974,6900.6296305138085
2014-10-08 00:00:00,12484,9410.9713377919506
2014-10-08 00:30:00,9130,8202.8908686704126
2014-10-08 01:00:00,6693,4251.6198620254818
2014-10-08 01:30:00,5333,1501.0281472967163
2014-10-08 02:00:00,3820,2503.727405116937
2014-10-08 02:30:00,3065,5094.6748767886656
2014-10-08 03:00:00,2511,4966.2976248944542
2014-10-08 03:30:00,2299,7451.6002875508357
2014-10-08 04:00:00,2318,9329.3562155226027
2014-10-08 04:30:00,2125,12589.820314226621
2014-10-08 05:00:00,2484,13279.266209917332
2014-10-08 05:30:00,4358,14175.484463712288
2014-10-08 06:00:00,6790,15970.791614690277
2014-10-08 06:30:00,11660,14097.492832485723
2014-10-08 07:00:00,15780,12924.741204112741
2014-10-08 07:30:00,19516,15475.52709934706
2014-10-08 08:00:00,20307,19335.716095438103
2014-10-08 08:30:00,19954,18774.368443871819
2014-10-08 09:00:00,18254,17088.657999765095
2014-10-08 09:30:00,18010,15735.01634284132
2014-10-08 10:00:00,17206,18485.009225709036
2014-10-08 10:30:00,17213,19343.37027767421
2014-10-08 11:00:00,16691,17638.289470886808
2014-10-08 11:30:00,18259,16647.349550237097
2014-10-08 12:00:00,18151,13907.710602520527
2014-10-08 12:30:00,17555,13359.543795011783
2014-10-08 13:00:00,16944,14536.381622414734
2014-10-08 13:30:00,17728,16181.523160143945
2014-10-08 14:00:00,18074,17556.806845522013
2014-10-08 14:30:00,18993,17401.840024303587
2014-10-08 15:00:00,18695,17804.483917794714
2014-10-08 15:30:00,17191,17301.236463065881
2014-10-08 16:00:00,15023,19777.920741542846
2014-10-08 16:30:00,14164,23659.423529590727
2014-10-08 17:00:00,17004,24076.441136473932
2014-10-08 17:30:00,20361,22034.158702948978
2014-10-08 18:00:00,23633,19384.518150341366
2014-10-08 18:30:00,24661,20802.125804360523
2014-10-08 19:00:00,25754,21057.322267998101
2014-10-08 19:30:00,25671,21525.667333014913
2014-10-08 20:00:00,25156,23351.311047156392
2014-10-08 20:30:00,24961,18752.240566290529
2014-10-08 21:00:00,24938,11841.683530689899
2014-10-08 21:30:00,24851,9148.913593548994
2014-10-08 22:00:00,24683,7766.6081884039459
2014-10-08 22:30:00,23411,7801.9309974147009
2014-10-08 23:00:00,20599,8700.4580126139954
2014-10-08 23:30:00,17147,7128.0021184404686
2014-10-09 00:00:00,13602,6894.1430400826985
2014-10-09 00:30:00,10452,8071.4399858984934
2014-10-09 01:00:00,7836,4595.2312421159058
2014-10-09 01:30:00,6040,2033.2497758293466
2014-10-09 02:00:00,4981,1690.498952955717
2014-10-09 02:30:00,3613,3778.2050844811747
2014-10-09 03:00:00,2923,4752.9984309216052
2014-10-09 03:30:00,2632,7267.0220570315159
2014-10-09 04:00:00,2912,8593.589082593744
2014-10-09 04:30:00,2577,11724.217207030943
2014-10-09 05:00:00,2921,14303.669642481338
2014-10-09 05:30:00,4679,16577.21055702302
2014-10-09 06:00:00,6693,18102.683728261516
2014-10-09 06:30:00,12140,18150.754594683538
2014-10-09 07:00:00,15534,17656.258772078851
2014-10-09 07:30:00,19974,18469.4467090408
2014-10-09 08:00:00,20533,20415.280367367657
2014-10-09 08:30:00,19988,21109.374624650769
2014-10-09 09:00:00,19239,19014.048264114539
2014-10-09 09:30:00,18788,17032.740391878062
2014-10-09 10:00:00,17934,17193.618732129275
2014-10-09 10:30:00,18048,17854.903978811672
2014-10-09 11:00:00,17415,19044.000160381282
2014-10-09 11:30:00,18292,16726.516169051603
2014-10-09 12:00:00,18506,16743.828163801336
2014-10-09 12:30:00,18180,13702.823183922097
2014-10-09 13:00:00,17401,16045.160751748528
2014-10-09 13:30:00,18973,16524.367748491397
2014-10-09 14:00:00,19361,18604.770690825564
2014-10-09 14:30:00,19722,18964.416487120765
2014-10-09 15:00:00,19572,18036.264190513488
2014-10-09 15:30:00,17500,17842.318006159905
2014-10-09 16:00:00,15213,19796.737272202401
2014-10-09 16:30:00,14457,25137.690902181479
2014-10-09 17:00:00,17736,26456.075260677462
2014-10-09 17:30:00,21319,24919.677577893046
2014-10-09 18:00:00,23270,23160.792083684046
2014-10-09 18:30:00,24892,22361.641452740063
2014-10-09 19:00:00,26555,20731.339463564807
2014-10-09 19:30:00,26743,20967.257665776386
2014-10-09 20:00:00,26376,21499.649001283437
2014-10-09 20:30:00,26311,19512.811350389016
2014-10-09 21:00:00,26179,14815.996215554043
2014-10-09 21:30:00,26774,11287.159479618991
2014-10-09 22:00:00,26449,8742.0070398737062
2014-10-09 22:30:00,25459,9043.4938004976138
2014-10-09 23:00:00,23927,11184.939211869232
2014-10-09 23:30:00,21851,10623.275704108488
2014-10-10 00:00:00,18756,8810.1846512487318
2014-10-10 00:30:00,14990,8890.659613289663
2014-10-10 01:00:00,13865,8273.2048856457113
2014-10-10 01:30:00,10263,6122.2265593416214
2014-10-10 02:00:00,7873,3374.8868732591891
2014-10-10 02:30:00,6480,4055.7174614839805
2014-10-10 03:00:00,5094,4784.575670196069
2014-10-10 03:30:00,4217,7244.045549955259
2014-10-10 04:00:00,4289,8270.7603684418918
2014-10-10 04:30:00,3640,10510.875616877343
2014-10-10 05:00:00,3376,14906.148863222066
2014-10-10 05:30:00,5145,19210.265296951704
2014-10-10 06:00:00,7144,20450.856557600502
2014-10-10 06:30:00,11739,20285.654048749333
2014-10-10 07:00:00,15197,20201.06434416652
2014-10-10 07:30:00,19716,19962.294516975559
2014-10-10 08:00:00,20851,19405.413478195911
2014-10-10 08:30:00,20463,19001.194338167908
2014-10-10 09:00:00,19658,19303.267207285477
2014-10-10 09:30:00,19287,19037.086270489235
2014-10-10 10:00:00,17986,17956.315515257102
2014-10-10 10:30:00,17776,17326.235646891429
2014-10-10 11:00:00,17735,19497.354158497212
2014-10-10 11:30:00,18716,16103.608849716536
2014-10-10 12:00:00,19032,15425.605534213875
2014-10-10 12:30:00,17702,15844.354303239905
2014-10-10 13:00:00,17023,16727.445541982495
2014-10-10 13:30:00,18352,17189.011965937701
2014-10-10 14:00:00,19791,17747.630081318857
2014-10-10 14:30:00,20131,16563.867639729538
2014-10-10 15:00:00,18645,16773.389432862328
2014-10-10 15:30:00,16572,17820.922527817689
2014-10-10 16:00:00,14736,20235.511774635321
2014-10-10 16:30:00,13731,25062.065984575966
2014-10-10 17:00:00,17166,26454.074080441591
2014-10-10 17:30:00,20392,24755.17854006237
2014-10-10 18:00:00,22838,23637.116861818668
2014-10-10 18:30:00,23791,22675.982306621579
2014-10-10 19:00:00,25914,21810.028181073681
2014-10-10 19:30:00,26355,22887.155154795826
2014-10-10 20:00:00,25656,24512.478210518919
2014-10-10 20:30:00,25449,23411.324675938144
2014-10-10 21:00:00,25448,19127.03597675337
2014-10-10 21:30:00,25823,17064.481383398332
2014-10-10 22:00:00,25813,13209.845809484676
2014-10-10 22:30:00,26407,11250.030604227804
2014-10-10 23:00:00,26898,12724.440508036141
2014-10-10 23:30:00,26587,15039.545115122506
2014-10-11 00:00:00,25257,13920.285738435263
2014-10-11 00:30:00,23717,11005.381365015979
2014-10-11 01:00:00,22541,12431.067246140678
2014-10-11 01:30:00,19773,11523.706853790452
2014-10-11 02:00:00,19652,8992.7158682572081
2014-10-11 02:30:00,16294,8536.4235105279222
2014-10-11 03:00:00,13968,6102.8300532823196
2014-10-11 03:30:00,12000,8657.2221621135941
2014-10-11 04:00:00,10432,9476.6166444413466
2014-10-11 04:30:00,6402,7227.6980426306527
2014-10-11 05:00:00,4443,8776.5053377646364
2014-10-11 05:30:00,3481,13711.61245055739
2014-10-11 06:00:00,3971,16440.137971383974
2014-10-11 06:30:00,5191,19899.137447205867
2014-10-11 07:00:00,6434,19952.480417833169
2014-10-11 07:30:00,8435,19702.662757825157
2014-10-11 08:00:00,10255,18555.384301634786
2014-10-11 08:30:00,13847,17577.930387761608
2014-10-11 09:00:00,14970,18996.361103239102
2014-10-11 09:30:00,18403,21889.683610245957
2014-10-11 10:00:00,19338,23391.813523897785
2014-10-11 10:30:00,21107,19771.463973479604
2014-10-11 11:00:00,20821,15652.399928434086
2014-10-11 11:30:00,21854,17180.298966251903
2014-10-11 12:00:00,21813,20414.078792855107
2014-10-11 12:30:00,22250,20570.787241765844
2014-10-11 13:00:00,21450,20622.629666670473
2014-10-11 13:30:00,21271,20832.403384183468
2014-10-11 14:00:00,20595,20545.031214492956
2014-10-11 14:30:00,20863,20303.832830012674
2014-10-11 15:00:00,20262,19926.765418171915
2014-10-11 15:30:00,21024,17923.113377737798
2014-10-11 16:00:00,19141,16966.926637638488
2014-10-11 16:30:00,17903,18799.147123151823
2014-10-11 17:00:00,19903,22998.678459168768
2014-10-11 17:30:00,22820,24742.36233312788
2014-10-11 18:00:00,24243,26218.726978357219
2014-10-11 18:30:00,25880,24514.080566245364
2014-10-11 19:00:00,26756,25315.575328613653
2014-10-11 19:30:00,26593,26672.048453969845
2014-10-11 20:00:00,25248,26281.6141809621
2014-10-11 20:30:00,23934,26246.490204228925
2014-10-11 21:00:00,23401,25201.960349010951
2014-10-11 21:30:00,24145,22962.72923592864
2014-10-11 22:00:00,25308,20915.077103350959
2014-10-11 22:30:00,26284,20038.858787456407
2014-10-11 23:00:00,27136,17902.942156643632
2014-10-11 23:30:00,27099,18293.086874098313
2014-10-12 00:00:00,26610,17177.568891395171
2014-10-12 00:30:00,25400,16592.878621847951
2014-10-12 01:00:00,23992,14780.536772407333
2014-10-12 01:30:00,22359,11210.86932836927
2014-10-12 02:00:00,21054,8143.8596954259128
2014-10-12 02:30:00,18812,8868.7726593550797
2014-10-12 03:00:00,16584,7722.4038827844324
2014-10-12 03:30:00,14204,7792.5331653324611
2014-10-12 04:00:00,11990,7743.1802666824087
2014-10-12 04:30:00,7092,8362.8751748868781
2014-10-12 05:00:00,4311,8566.6064562956126
2014-10-12 05:30:00,3844,8725.7813132707379
2014-10-12 06:00:00,3796,12520.798574878221
2014-10-12 06:30:00,4755,18122.70004554771
2014-10-12 07:00:00,4491,20933.40513973514
2014-10-12 07:30:00,5559,20242.085088043386
2014-10-12 08:00:00,6959,18847.70333708719
2014-10-12 08:30:00,9127,17158.924845317044
2014-10-12 09:00:00,11015,17173.565106967504
2014-10-12 09:30:00,13961,19887.653221352604
2014-10-12 10:00:00,15445,24921.03697907308
2014-10-12 10:30:00,17923,23457.269032023298
2014-10-12 11:00:00,18438,23232.067605688193
2014-10-12 11:30:00,19592,23032.32907448092
2014-10-12 12:00:00,19733,20958.197021824868
2014-10-12 12:30:00,19766,21705.407770983267
2014-10-12 13:00:00,19809,23645.140626894849
2014-10-12 13:30:00,19242,22549.8922396286
2014-10-12 14:00:00,18990,21630.243995380661
2014-10-12 14:30:00,18676,19728.463392892954
2014-10-12 15:00:00,18037,19983.935906649975
2014-10-12 15:30:00,16660,20538.08324524065
2014-10-12 16:00:00,15948,19890.546454353189
2014-10-12 16:30:00,15261,19235.744288456488
2014-10-12 17:00:00,17141,17489.024323600141
2014-10-12 17:30:00,19085,18734.071060624407
2014-10-12 18:00:00,20188,21891.618687418024
2014-10-12 18:30:00,20512,21882.805097381544
2014-10-12 19:00:00,20723,22779.32149845548
2014-10-12 19:30:00,20415,21081.149214370987
2014-10-12 20:00:00,19483,21872.721433506344
2014-10-12 20:30:00,19008,21339.051666694417
2014-10-12 21:00:00,17958,19764.010251303906
2014-10-12 21:30:00,18341,18175.266652423128
2014-10-12 22:00:00,18181,19361.727794221304
2014-10-12 22:30:00,17069,19016.170989831313
2014-10-12 23:00:00,15057,19099.132696125114
2014-10-12 23:30:00,13867,19018.168447924232
2014-10-13 00:00:00,11544,19387.544839687449
2014-10-13 00:30:00,9016,14620.596216260745
2014-10-13 01:00:00,6739,9766.785604885903
2014-10-13 01:30:00,5420,6403.6260828361847
2014-10-13 02:00:00,4584,2038.4365599582616
2014-10-13 02:30:00,3787,2388.2325742625144
2014-10-13 03:00:00,3018,1538.6335426087408
2014-10-13 03:30:00,2667,306.98775686595036
2014-10-13 04:00:00,2981,3410.7231750675601
2014-10-13 04:30:00,2756,5718.2946864044607
2014-10-13 05:00:00,2712,7065.6271019779624
2014-10-13 05:30:00,3798,10826.948080458853
2014-10-13 06:00:00,5117,14312.87366527226
2014-10-13 06:30:00,7727,16343.597817088077
2014-10-13 07:00:00,9655,17402.791996197855
2014-10-13 07:30:00,12109,15346.975087380659
2014-10-13 08:00:00,13484,15067.556589206026
2014-10-13 08:30:00,15506,14563.38766323358
2014-10-13 09:00:00,15325,15069.931590216507
2014-10-13 09:30:00,15924,13466.70894816221
2014-10-13 10:00:00,14830,16759.447922547242
2014-10-13 10:30:00,14907,15315.005885122946
2014-10-13 11:00:00,14796,18122.796899856963
2014-10-13 11:30:00,15699,21013.901070744556
2014-10-13 12:00:00,15705,23546.900288028628
2014-10-13 12:30:00,15880,21790.671247731814
2014-10-13 13:00:00,15693,18640.012929563258
2014-10-13 13:30:00,16643,17646.397188738083
2014-10-13 14:00:00,16929,20172.332140197479
2014-10-13 14:30:00,17698,20705.567457451711
2014-10-13 15:00:00,17429,19066.17438326159
2014-10-13 15:30:00,17248,19691.109971212241
2014-10-13 16:00:00,16219,20452.851278969101
2014-10-13 16:30:00,15918,22608.619773569641
2014-10-13 17:00:00,17780,24172.677817640921
2014-10-13 17:30:00,19414,25102.69493008493
2014-10-13 18:00:00,21594,24265.542072633179
2014-10-13 18:30:00,24915,23507.429768254486
2014-10-13 19:00:00,24556,21603.652968387396
2014-10-13 19:30:00,22341,20291.895676703138
2014-10-13 20:00:00,22343,20688.293946467125
2014-10-13 20:30:00,21619,17624.682128584976
2014-10-13 21:00:00,21315,14672.418488303656
2014-10-13 21:30:00,19821,11756.856246663523
2014-10-13 22:00:00,17669,11478.02501112087
2014-10-13 22:30:00,15504,11187.360361732661
2014-10-13 23:00:00,14525,11193.515041372302
2014-10-13 23:30:00,10738,8427.9720626786966
2014-10-14 00:00:00,8908,5452.3821669159661
2014-10-14 00:30:00,6593,5330.4836911972197
2014-10-14 01:00:00,5560,4368.9074853471066
2014-10-14 01:30:00,4014,4188.1996928171066
2014-10-14 02:00:00,3046,5220.3884442561921
2014-10-14 02:30:00,2349,5030.6351380449923
2014-10-14 03:00:00,1876,5628.8109127826592
2014-10-14 03:30:00,1691,8023.508080076952
2014-10-14 04:00:00,1941,9528.0905814983125
2014-10-14 04:30:00,1850,12960.206970076808
2014-10-14 05:00:00,2318,12269.870779720857
2014-10-14 05:30:00,4337,13170.445800611802
2014-10-14 06:00:00,6669,12138.460305814613
2014-10-14 06:30:00,11585,11065.307692469114
2014-10-14 07:00:00,15170,9641.6825977134649
2014-10-14 07:30:00,19136,11014.398677800369
2014-10-14 08:00:00,20085,14190.272599827664
2014-10-14 08:30:00,19758,16292.551437880369
2014-10-14 09:00:00,18842,16172.418199111444
2014-10-14 09:30:00,18530,13166.703340791377
2014-10-14 10:00:00,16617,17955.91689160253
2014-10-14 10:30:00,17458,17992.308678603873
2014-10-14 11:00:00,16359,18736.004637158265
2014-10-14 11:30:00,17483,17430.205272352818
2014-10-14 12:00:00,17600,17354.60558892311
2014-10-14 12:30:00,17552,14631.262768654662
2014-10-14 13:00:00,17058,16410.858896777088
2014-10-14 13:30:00,17658,18568.359674818217
2014-10-14 14:00:00,18319,21073.30423079984
2014-10-14 14:30:00,18818,20709.893776654502
2014-10-14 15:00:00,18735,20252.378595515675
2014-10-14 15:30:00,17254,19354.998656926302
2014-10-14 16:00:00,15022,22276.74455780389
2014-10-14 16:30:00,14365,24918.170605469415
2014-10-14 17:00:00,16300,24110.271262457944
2014-10-14 17:30:00,19687,22820.580193932237
2014-10-14 18:00:00,22620,21078.673978235092
2014-10-14 18:30:00,23309,19835.210205980155
2014-10-14 19:00:00,23636,20074.683234285141
2014-10-14 19:30:00,23752,20191.88947015371
2014-10-14 20:00:00,23095,17450.568760205624
2014-10-14 20:30:00,23108,15139.251370181562
2014-10-14 21:00:00,23221,12041.482293034685
2014-10-14 21:30:00,23581,7632.7817711902935
2014-10-14 22:00:00,22249,4650.46309451464
2014-10-14 22:30:00,19533,3861.2872598463109
2014-10-14 23:00:00,17226,3903.6336766666391
2014-10-14 23:30:00,13935,5107.8474744875912
2014-10-15 00:00:00,11429,3654.2285904716482
2014-10-15 00:30:00,8486,5128.4262495905969
2014-10-15 01:00:00,6484,4992.6282065440701
2014-10-15 01:30:00,5093,3708.8878310735545
2014-10-15 02:00:00,4018,3868.6021711505891
2014-10-15 02:30:00,3218,6297.1728632971572
2014-10-15 03:00:00,2536,6209.3273323327412
2014-10-15 03:30:00,2219,10951.723122639214
2014-10-15 04:00:00,2171,12799.645306301749
2014-10-15 04:30:00,2268,13818.295455292497
2014-10-15 05:00:00,2437,13128.535198417158
2014-10-15 05:30:00,4569,14301.264809219576
2014-10-15 06:00:00,6862,15203.720996695622
2014-10-15 06:30:00,11924,15216.225885458687
2014-10-15 07:00:00,15860,12273.552581532416
2014-10-15 07:30:00,19821,16315.29344780174
2014-10-15 08:00:00,20508,21575.330906648924
2014-10-15 08:30:00,20540,18872.567769857931
2014-10-15 09:00:00,19590,17239.781303406537
2014-10-15 09:30:00,18480,17805.742909808389
2014-10-15 10:00:00,17330,22261.234044961639
2014-10-15 10:30:00,18508,20897.024442764829
2014-10-15 11:00:00,17354,17471.119581956249
2014-10-15 11:30:00,18552,15341.836188223435
2014-10-15 12:00:00,18241,15539.892775034856
2014-10-15 12:30:00,18475,15219.038264085988
2014-10-15 13:00:00,17939,18737.601134123419
2014-10-15 13:30:00,18398,20908.883190155993
2014-10-15 14:00:00,18875,19799.070162194221
2014-10-15 14:30:00,19559,17665.902019065186
2014-10-15 15:00:00,19133,16525.093146351646
2014-10-15 15:30:00,16816,15120.340687686405
2014-10-15 16:00:00,14757,18169.984170600375
2014-10-15 16:30:00,14470,21022.270842668971
2014-10-15 17:00:00,17800,21765.071603913391
2014-10-15 17:30:00,21127,21274.36217961361
2014-10-15 18:00:00,22269,19909.061494408757
2014-10-15 18:30:00,22819,20513.449485279882
2014-10-15 19:00:00,23582,22102.543871023605
2014-10-15 19:30:00,26273,23552.320593045864
2014-10-15 20:00:00,25338,23738.087280567852
2014-10-15 20:30:00,24021,20196.897966735774
2014-10-15 21:00:00,26163,12843.117877102899
2014-10-15 21:30:00,23839,11088.980568553041
2014-10-15 22:00:00,22608,7095.3661714213167
2014-10-15 22:30:00,24886,6527.4018162290595
2014-10-15 23:00:00,20128,7512.6858425619666
2014-10-15 23:30:00,16180,6082.233544491497
2014-10-16 00:00:00,13302,6537.1975149364789
2014-10-16 00:30:00,10509,9107.5614752164183
2014-10-16 01:00:00,8241,5324.9927177678637
2014-10-16 01:30:00,5536,4089.0816980624895
2014-10-16 02:00:00,4664,2372.1654589376521
2014-10-16 02:30:00,3460,5102.6330170383426
2014-10-16 03:00:00,2799,6424.8575278956341
2014-10-16 03:30:00,2730,8262.6646206832465
2014-10-16 04:00:00,2801,9230.3986103385723
2014-10-16 04:30:00,2511,13057.005572041304
2014-10-16 05:00:00,2670,15200.268613641809
2014-10-16 05:30:00,4767,19513.644066536155
2014-10-16 06:00:00,7096,18459.846074028435
2014-10-16 06:30:00,12556,17643.467094275024
2014-10-16 07:00:00,16431,19653.451212741889
2014-10-16 07:30:00,21581,20463.900966179262
2014-10-16 08:00:00,21355,22587.741178749537
2014-10-16 08:30:00,21573,22344.008109449431
2014-10-16 09:00:00,20390,20833.865483683021
2014-10-16 09:30:00,20452,21404.420657607101
2014-10-16 10:00:00,19678,21409.827193969722
2014-10-16 10:30:00,18801,20317.563685406334
2014-10-16 11:00:00,17223,18222.075440589564
2014-10-16 11:30:00,18249,15509.22626973023
2014-10-16 12:00:00,17691,15450.773081360192
2014-10-16 12:30:00,17052,14780.166146767036
2014-10-16 13:00:00,16783,17413.554314211327
2014-10-16 13:30:00,18392,17879.551089154797
2014-10-16 14:00:00,18593,19357.850584196669
2014-10-16 14:30:00,19364,17985.941049140387
2014-10-16 15:00:00,19176,17808.6283961931
2014-10-16 15:30:00,16795,17594.064652622721
2014-10-16 16:00:00,15293,18678.023762363831
2014-10-16 16:30:00,14922,24071.980757013313
2014-10-16 17:00:00,17899,24374.223603594764
2014-10-16 17:30:00,21758,23843.068567379985
2014-10-16 18:00:00,24169,21775.322310167503
2014-10-16 18:30:00,24615,22815.569928002191
2014-10-16 19:00:00,26370,22010.091970287693
2014-10-16 19:30:00,26990,23225.736296843534
2014-10-16 20:00:00,26168,24706.71669013855
2014-10-16 20:30:00,25449,18571.056066401703
2014-10-16 21:00:00,25994,14930.740258653415
2014-10-16 21:30:00,27115,12319.427942331349
2014-10-16 22:00:00,26191,9784.8830288431382
2014-10-16 22:30:00,25146,9476.3278095357309
2014-10-16 23:00:00,24371,11090.039195964584
2014-10-16 23:30:00,23771,10399.011345332055
2014-10-17 00:00:00,19268,7360.7559780182592
2014-10-17 00:30:00,15623,9223.0807349122042
2014-10-17 01:00:00,12595,8465.8060079863099
2014-10-17 01:30:00,10224,5991.032261524937
2014-10-17 02:00:00,7941,4137.8826270373429
2014-10-17 02:30:00,6678,3616.7225238059145
2014-10-17 03:00:00,5182,4504.7982200357146
2014-10-17 03:30:00,4502,6935.9678941782986
2014-10-17 04:00:00,4316,7518.7288874835722
2014-10-17 04:30:00,3512,12662.751668771793
2014-10-17 05:00:00,3174,16380.317419545654
2014-10-17 05:30:00,4771,19215.598387926875
2014-10-17 06:00:00,6557,21030.971566697517
2014-10-17 06:30:00,11929,21551.506899257354
2014-10-17 07:00:00,14950,22054.841261223162
2014-10-17 07:30:00,19835,20113.341200922558
2014-10-17 08:00:00,20149,20405.609123777474
2014-10-17 08:30:00,19998,19244.562151267033
2014-10-17 09:00:00,19310,19975.587525477782
2014-10-17 09:30:00,18601,20023.84880882506
2014-10-17 10:00:00,17567,19625.794232411048
2014-10-17 10:30:00,17890,18812.562663300512
2014-10-17 11:00:00,17470,17583.822028463619
2014-10-17 11:30:00,18557,16036.720234479941
2014-10-17 12:00:00,18944,15028.263353096816
2014-10-17 12:30:00,17922,14517.088851157492
2014-10-17 13:00:00,17627,16666.496400238317
2014-10-17 13:30:00,18361,18707.380280840101
2014-10-17 14:00:00,19557,17655.896781117615
2014-10-17 14:30:00,19811,17080.957914100545
2014-10-17 15:00:00,19277,16923.804512223669
2014-10-17 15:30:00,16741,19233.912554966188
2014-10-17 16:00:00,14948,20275.164101117876
2014-10-17 16:30:00,14244,23917.973928949676
2014-10-17 17:00:00,17563,24713.632522651187
2014-10-17 17:30:00,21246,25067.33088256295
2014-10-17 18:00:00,23115,24083.182693874944
2014-10-17 18:30:00,24785,22375.406189940506
2014-10-17 19:00:00,26396,21566.327601069348
2014-10-17 19:30:00,26837,23340.53442217781
2014-10-17 20:00:00,26621,25928.087668614266
2014-10-17 20:30:00,26144,24884.949411086949
2014-10-17 21:00:00,26019,19636.796119477989
2014-10-17 21:30:00,26816,17291.585064896466
2014-10-17 22:00:00,26701,12420.288875091248
2014-10-17 22:30:00,26519,12031.643349742251
2014-10-17 23:00:00,26740,13901.68742873142
2014-10-17 23:30:00,26173,15599.251405722798
2014-10-18 00:00:00,25059,12872.192757970301
2014-10-18 00:30:00,24437,10653.012144507253
2014-10-18 01:00:00,22718,13404.826777801105
2014-10-18 01:30:00,20700,11353.151024827765
2014-10-18 02:00:00,19623,8984.4738327133964
2014-10-18 02:30:00,16675,7942.5390607628306
2014-10-18 03:00:00,14447,5995.7721570506365
2014-10-18 03:30:00,12377,7903.4851092793288
2014-10-18 04:00:00,10609,8033.0240061519717
2014-10-18 04:30:00,6436,8218.934690953085
2014-10-18 05:00:00,4562,9900.8102547420822
2014-10-18 05:30:00,3783,13423.5839192156
2014-10-18 06:00:00,3923,15693.470203617322
2014-10-18 06:30:00,5060,20204.761073171649
2014-10-18 07:00:00,5992,20010.913797350127
2014-10-18 07:30:00,8639,19444.148862507082
2014-10-18 08:00:00,10309,17558.932309580036
2014-10-18 08:30:00,13563,16490.058535707176
2014-10-18 09:00:00,14136,19720.422752179904
2014-10-18 09:30:00,16945,22291.10615519018
2014-10-18 10:00:00,17004,24680.386438666188
2014-10-18 10:30:00,19045,21430.379650426803
2014-10-18 11:00:00,19859,16926.822702603815
2014-10-18 11:30:00,21198,17367.767346038574
2014-10-18 12:00:00,21550,20345.592574054404
2014-10-18 12:30:00,21583,20698.70506543127
2014-10-18 13:00:00,21455,19967.441441579322
2014-10-18 13:30:00,21869,21226.454605804818
2014-10-18 14:00:00,21426,21151.23383744722
2014-10-18 14:30:00,21650,19513.824573130194
2014-10-18 15:00:00,21611,18975.797740319082
2014-10-18 15:30:00,20904,17841.378030273012
2014-10-18 16:00:00,18820,17614.09360400496
2014-10-18 16:30:00,17255,19859.335186650897
2014-10-18 17:00:00,19029,24052.480428733794
2014-10-18 17:30:00,22812,26430.296058472639
2014-10-18 18:00:00,24455,26011.26040042509
2014-10-18 18:30:00,26373,24767.853711250296
2014-10-18 19:00:00,27460,24841.868382214743
2014-10-18 19:30:00,27222,25661.801769056787
2014-10-18 20:00:00,25204,25142.105419145028
2014-10-18 20:30:00,24329,26204.506566208078
2014-10-18 21:00:00,24526,24693.584228038126
2014-10-18 21:30:00,25203,21320.246254901242
2014-10-18 22:00:00,25975,19613.846932200919
2014-10-18 22:30:00,27073,19920.780293418058
2014-10-18 23:00:00,27881,17480.224178888395
2014-10-18 23:30:00,28626,19548.990650351065
2014-10-19 00:00:00,28093,17057.754545031712
2014-10-19 00:30:00,26200,17994.931003287584
2014-10-19 01:00:00,25610,18371.262836270551
2014-10-19 01:30:00,23483,11536.622324891674
2014-10-19 02:00:00,21850,8985.9568152701322
2014-10-19 02:30:00,19297,9142.5624787255638
2014-10-19 03:00:00,16574,8020.8128157060437
2014-10-19 03:30:00,14355,7661.0418202241181
2014-10-19 04:00:00,12112,6973.3988747711446
2014-10-19 04:30:00,7284,7080.5285792780533
2014-10-19 05:00:00,4845,7394.6467457873505
2014-10-19 05:30:00,3667,8230.8935597544732
2014-10-19 06:00:00,3718,12303.581291113824
2014-10-19 06:30:00,4573,18355.273744658014
2014-10-19 07:00:00,5167,20750.745549689196
2014-10-19 07:30:00,6844,20259.169253564167
2014-10-19 08:00:00,7279,18504.11386784352
2014-10-19 08:30:00,9761,17104.356585057874
2014-10-19 09:00:00,11712,17458.683113394225
2014-10-19 09:30:00,14210,20004.211848037889
2014-10-19 10:00:00,15394,24833.495698263254
2014-10-19 10:30:00,18387,23740.016156809819
2014-10-19 11:00:00,19168,23708.872188867921
2014-10-19 11:30:00,20891,23060.797488256954
2014-10-19 12:00:00,21806,21432.936104729022
2014-10-19 12:30:00,22188,21677.212903571584
2014-10-19 13:00:00,22153,23593.415525144363
2014-10-19 13:30:00,21713,24156.429273576879
2014-10-19 14:00:00,21838,21952.421135115459
2014-10-19 14:30:00,21082,22165.592342488118
2014-10-19 15:00:00,20448,21558.339446989306
2014-10-19 15:30:00,20113,22153.045316859916
2014-10-19 16:00:00,18645,21665.157759959005
2014-10-19 16:30:00,17210,20847.863320226741
2014-10-19 17:00:00,18326,19663.570959638761
2014-10-19 17:30:00,20498,20213.762364302504
2014-10-19 18:00:00,20924,21147.240180102101
2014-10-19 18:30:00,21579,21708.652916732059
2014-10-19 19:00:00,22026,21965.65598420929
2014-10-19 19:30:00,22197,20874.986391274488
2014-10-19 20:00:00,19709,22858.893506235701
2014-10-19 20:30:00,18780,22793.421604596995
2014-10-19 21:00:00,18060,21239.42638067923
2014-10-19 21:30:00,17973,17740.313364410347
2014-10-19 22:00:00,16572,17112.116744880452
2014-10-19 22:30:00,14957,17297.129888410538
2014-10-19 23:00:00,12461,16933.357579544649
2014-10-19 23:30:00,10448,16228.623364778412
2014-10-20 00:00:00,8295,16904.888853092154
2014-10-20 00:30:00,6837,12182.891354421761
2014-10-20 01:00:00,4747,6890.0003255710135
2014-10-20 01:30:00,3283,3623.1239581575755
2014-10-20 02:00:00,2904,-1096.7764037663965
2014-10-20 02:30:00,2345,497.2786542347294
2014-10-20 03:00:00,1917,3295.5150879577668
2014-10-20 03:30:00,1783,4167.5431677977576
2014-10-20 04:00:00,2174,3465.5757379728038
2014-10-20 04:30:00,2157,8624.3788082619722
2014-10-20 05:00:00,2989,9792.552603631013
2014-10-20 05:30:00,4841,14789.56713010048
2014-10-20 06:00:00,7228,20404.673973767312
2014-10-20 06:30:00,11726,21065.01700213876
2014-10-20 07:00:00,14557,21880.16179155518
2014-10-20 07:30:00,17848,18605.401103255161
2014-10-20 08:00:00,18436,18272.516749851417
2014-10-20 08:30:00,18059,17125.0483836518
2014-10-20 09:00:00,18028,15896.108884251027
2014-10-20 09:30:00,17353,15724.217155360095
2014-10-20 10:00:00,16350,18243.762514752005
2014-10-20 10:30:00,16376,18031.44601262319
2014-10-20 11:00:00,16099,20841.8806640168
2014-10-20 11:30:00,16817,21122.091537270808
2014-10-20 12:00:00,16898,25591.088147043913
2014-10-20 12:30:00,16809,22329.421131625269
2014-10-20 13:00:00,16199,17538.206932008485
2014-10-20 13:30:00,16758,17001.647997276144
2014-10-20 14:00:00,17679,19126.840786257926
2014-10-20 14:30:00,18148,19432.057369096055
2014-10-20 15:00:00,18644,17378.270288518859
2014-10-20 15:30:00,17183,19267.092113919578
2014-10-20 16:00:00,16196,21640.100286161109
2014-10-20 16:30:00,15534,25205.776123951837
2014-10-20 17:00:00,18451,24696.851700505413
2014-10-20 17:30:00,20950,25994.818825400744
2014-10-20 18:00:00,23192,25898.477259693424
2014-10-20 18:30:00,24655,23416.136159586036
2014-10-20 19:00:00,24094,20929.323569743938
2014-10-20 19:30:00,23285,20109.246819801643
2014-10-20 20:00:00,22083,20755.681757322214
2014-10-20 20:30:00,21485,17861.043499600604
2014-10-20 21:00:00,21579,17849.006724232237
2014-10-20 21:30:00,21118,13803.518728972293
2014-10-20 22:00:00,20204,14134.452301881767
2014-10-20 22:30:00,16909,12961.579710768041
2014-10-20 23:00:00,13785,12669.538654278134
2014-10-20 23:30:00,11695,10623.511604917774
2014-10-21 00:00:00,9214,7476.3533078809032
2014-10-21 00:30:00,6931,6274.4709572183419
2014-10-21 01:00:00,5413,3341.43672316222
2014-10-21 01:30:00,4130,4184.2757466455787
2014-10-21 02:00:00,3276,7259.3516566239568
2014-10-21 02:30:00,2475,7083.0306004367449
2014-10-21 03:00:00,2080,10749.67686035706
2014-10-21 03:30:00,1917,12118.215519686877
2014-10-21 04:00:00,2123,13166.782150537609
2014-10-21 04:30:00,1984,13981.185875374587
2014-10-21 05:00:00,2458,13086.050744628232
2014-10-21 05:30:00,4338,13626.276811860196
2014-10-21 06:00:00,6470,10981.145019098331
2014-10-21 06:30:00,11775,10706.028464264167
2014-10-21 07:00:00,15088,10481.547269872586
2014-10-21 07:30:00,19429,13014.554511133019
2014-10-21 08:00:00,20482,19267.844759646425
2014-10-21 08:30:00,19886,17912.274499692419
2014-10-21 09:00:00,19170,17770.646211286701
2014-10-21 09:30:00,18277,18838.973598754605
2014-10-21 10:00:00,17064,23283.924075348019
2014-10-21 10:30:00,16386,18508.322597366063
2014-10-21 11:00:00,16633,14156.754607500998
2014-10-21 11:30:00,17681,12557.303547300056
2014-10-21 12:00:00,18233,12173.312163671195
2014-10-21 12:30:00,17996,15674.887928878952
2014-10-21 13:00:00,16695,20629.335690889508
2014-10-21 13:30:00,16912,23716.387710367489
2014-10-21 14:00:00,18124,21718.98455047037
2014-10-21 14:30:00,18411,18241.730593168442
2014-10-21 15:00:00,19013,16190.829627145373
2014-10-21 15:30:00,17590,14233.308974877553
2014-10-21 16:00:00,15673,16624.715680632264
2014-10-21 16:30:00,14923,20572.286895626254
2014-10-21 17:00:00,17981,20523.718015293267
2014-10-21 17:30:00,21208,21854.871412407309
2014-10-21 18:00:00,23458,20556.180335015582
2014-10-21 18:30:00,24028,20384.79137874068
2014-10-21 19:00:00,24934,20512.833270984913
2014-10-21 19:30:00,25135,22859.104106849405
2014-10-21 20:00:00,24613,21447.986905676349
2014-10-21 20:30:00,24617,14511.432503126847
2014-10-21 21:00:00,25841,11177.698471676764
2014-10-21 21:30:00,24141,8229.4274177311945
2014-10-21 22:00:00,23069,7082.9427773938442
2014-10-21 22:30:00,21243,5821.1244846772352
2014-10-21 23:00:00,18077,6354.9722970558596
2014-10-21 23:30:00,15745,7172.6253049378256
2014-10-22 00:00:00,12115,9086.1718358841481
2014-10-22 00:30:00,9035,8977.8028193645187
2014-10-22 01:00:00,7015,4738.5308927070328
2014-10-22 01:30:00,5113,2922.2564825267873
2014-10-22 02:00:00,4220,2752.0870951037832
2014-10-22 02:30:00,3331,4575.7596802584321
2014-10-22 03:00:00,2870,6498.5541117604571
2014-10-22 03:30:00,2516,8980.3118557066537
2014-10-22 04:00:00,2656,10508.10940989652
2014-10-22 04:30:00,2336,11877.590746518008
2014-10-22 05:00:00,2494,12835.961620101791
2014-10-22 05:30:00,5081,15879.467036870903
2014-10-22 06:00:00,8091,16168.944773695761
2014-10-22 06:30:00,13037,14623.588903937503
2014-10-22 07:00:00,16579,16115.30779807436
2014-10-22 07:30:00,19657,18204.641067174365
2014-10-22 08:00:00,20914,21642.14038488617
2014-10-22 08:30:00,20612,20297.874404875867
2014-10-22 09:00:00,20015,18493.260431311755
2014-10-22 09:30:00,19001,18963.722560433085
2014-10-22 10:00:00,17533,19857.967758295137
2014-10-22 10:30:00,17877,19416.433699746194
2014-10-22 11:00:00,16470,15788.492437500299
2014-10-22 11:30:00,18266,13932.731959690173
2014-10-22 12:00:00,17992,14285.493060272063
2014-10-22 12:30:00,17419,15366.700705105422
2014-10-22 13:00:00,16775,17519.031180431866
2014-10-22 13:30:00,17378,20272.622397198698
2014-10-22 14:00:00,18067,19977.066121101612
2014-10-22 14:30:00,19841,17563.951689794827
2014-10-22 15:00:00,18552,16971.158962450681
2014-10-22 15:30:00,16825,16957.819469891911
2014-10-22 16:00:00,14712,19621.145453120993
2014-10-22 16:30:00,14439,23831.448182812816
2014-10-22 17:00:00,17305,23610.288739352887
2014-10-22 17:30:00,20949,21997.883410852814
2014-10-22 18:00:00,22182,20346.995880292925
2014-10-22 18:30:00,23886,21157.920160249003
2014-10-22 19:00:00,25234,21029.436846832989
2014-10-22 19:30:00,24731,22173.06156608434
2014-10-22 20:00:00,25195,22497.081999005066
2014-10-22 20:30:00,25551,18342.288293861398
2014-10-22 21:00:00,26110,13146.543035527175
2014-10-22 21:30:00,24842,10005.435279164753
2014-10-22 22:00:00,23178,10084.942425054844
2014-10-22 22:30:00,23408,8650.7628192063203
2014-10-22 23:00:00,21749,8272.2946209466063
2014-10-22 23:30:00,17918,6276.5743865604927
2014-10-23 00:00:00,13496,6548.2260751991907
2014-10-23 00:30:00,10416,8405.9778178547313
2014-10-23 01:00:00,8090,4973.9090799854803
2014-10-23 01:30:00,5946,3013.9932840950496
2014-10-23 02:00:00,4330,2480.6684883259531
2014-10-23 02:30:00,3282,4739.3094521799958
2014-10-23 03:00:00,2732,5922.7923687169678
2014-10-23 03:30:00,2524,6839.8666894404287
2014-10-23 04:00:00,2700,8689.4427051000184
2014-10-23 04:30:00,2290,13464.134442910849
2014-10-23 05:00:00,2743,14672.245014782085
2014-10-23 05:30:00,4732,18160.795882857634
2014-10-23 06:00:00,7570,18774.217035621943
2014-10-23 06:30:00,12751,19881.896993171824
2014-10-23 07:00:00,16887,20624.09156306212
2014-10-23 07:30:00,20268,20280.430735869959
2014-10-23 08:00:00,21992,21421.804894958914
2014-10-23 08:30:00,21301,22214.047056366173
2014-10-23 09:00:00,20526,21567.387730042978
2014-10-23 09:30:00,19251,19620.800019182854
2014-10-23 10:00:00,18228,19546.382113546733
2014-10-23 10:30:00,18603,19671.628626096033
2014-10-23 11:00:00,18762,16521.539137318287
2014-10-23 11:30:00,19645,16629.820131938963
2014-10-23 12:00:00,20453,16385.085061033667
2014-10-23 12:30:00,19400,16529.583151449115
2014-10-23 13:00:00,18448,19739.690947530013
2014-10-23 13:30:00,18199,18492.937866105818
2014-10-23 14:00:00,18845,16818.979998873863
2014-10-23 14:30:00,18973,16647.103967997937
2014-10-23 15:00:00,17968,17604.615041417612
2014-10-23 15:30:00,15112,17566.08787404091
2014-10-23 16:00:00,13580,20067.672825654456
2014-10-23 16:30:00,12751,25279.825718235228
2014-10-23 17:00:00,15901,26108.836311921747
2014-10-23 17:30:00,19774,24373.622280729942
2014-10-23 18:00:00,21960,23448.649552066156
2014-10-23 18:30:00,23790,22353.428022377797
2014-10-23 19:00:00,24998,21866.44458445581
2014-10-23 19:30:00,25414,22314.85699930826
2014-10-23 20:00:00,26075,23684.430995387196
2014-10-23 20:30:00,25616,19956.650104826949
2014-10-23 21:00:00,25916,16028.10192375417
2014-10-23 21:30:00,25589,14076.656885862927
2014-10-23 22:00:00,25041,10986.305945425369
2014-10-23 22:30:00,24891,11853.373172015705
2014-10-23 23:00:00,23888,13138.298646617688
2014-10-23 23:30:00,22464,11406.386457244909
2014-10-24 00:00:00,19061,10054.201989179448
2014-10-24 00:30:00,16689,7947.7803845115914
2014-10-24 01:00:00,13006,7824.2041410436095
2014-10-24 01:30:00,9512,5333.7503822358722
2014-10-24 02:00:00,7745,3845.1562046492054
2014-10-24 02:30:00,6037,4476.6371008200549
2014-10-24 03:00:00,5194,4460.803010264297
2014-10-24 03:30:00,4419,7736.4158805850793
2014-10-24 04:00:00,4267,8518.5249024728746
2014-10-24 04:30:00,3366,12594.959663074524
2014-10-24 05:00:00,3096,15847.873112762605
2014-10-24 05:30:00,4532,19594.752119099932
2014-10-24 06:00:00,6877,20698.933222911954
2014-10-24 06:30:00,11826,21466.061633810816
2014-10-24 07:00:00,15333,21812.077945314682
2014-10-24 07:30:00,19013,19907.08318484234
2014-10-24 08:00:00,20131,20807.009774923223
2014-10-24 08:30:00,19779,22345.364268787394
2014-10-24 09:00:00,19227,21055.877517553519
2014-10-24 09:30:00,18824,21109.102284204851
2014-10-24 10:00:00,17705,18460.373872103795
2014-10-24 10:30:00,18111,17967.842355153774
2014-10-24 11:00:00,17408,16727.90632868039
2014-10-24 11:30:00,18509,16455.668891958263
2014-10-24 12:00:00,18510,16586.082205461342
2014-10-24 12:30:00,17910,15590.981598340044
2014-10-24 13:00:00,17690,17877.153452131159
2014-10-24 13:30:00,18149,18112.40635215383
2014-10-24 14:00:00,19632,18501.083132566087
2014-10-24 14:30:00,19426,16879.090678753793
2014-10-24 15:00:00,18760,17154.928774385018
2014-10-24 15:30:00,16379,17711.962301560863
2014-10-24 16:00:00,15083,18792.588596292499
2014-10-24 16:30:00,14553,23139.822361916977
2014-10-24 17:00:00,17509,25942.518610100768
2014-10-24 17:30:00,20911,25138.332159155336
2014-10-24 18:00:00,22958,23899.412414242513
2014-10-24 18:30:00,25257,23195.647857469146
2014-10-24 19:00:00,26659,22133.81528280169
2014-10-24 19:30:00,27104,22534.686595242172
2014-10-24 20:00:00,26439,24989.188868040728
2014-10-24 20:30:00,25840,25062.258851072162
2014-10-24 21:00:00,25694,21314.079066707396
2014-10-24 21:30:00,26093,17859.271640466148
2014-10-24 22:00:00,26821,12384.621953484295
2014-10-24 22:30:00,26870,11351.07714124487
2014-10-24 23:00:00,26889,12959.853290576384
2014-10-24 23:30:00,27283,14261.120208688111
2014-10-25 00:00:00,25739,13270.523812253072
2014-10-25 00:30:00,23889,8772.3654830110427
2014-10-25 01:00:00,22278,12122.411879025509
2014-10-25 01:30:00,20337,10823.490982160911
2014-10-25 02:00:00,19179,8426.5765942845501
2014-10-25 02:30:00,16566,7567.0193035655575
2014-10-25 03:00:00,14146,6353.7429260260069
2014-10-25 03:30:00,12015,7324.8434663586222
2014-10-25 04:00:00,10285,8115.5530118931783
2014-10-25 04:30:00,6316,7333.0768833969705
2014-10-25 05:00:00,4106,7894.6906013664875
2014-10-25 05:30:00,3465,12445.133075728898
2014-10-25 06:00:00,3657,13644.438192719892
2014-10-25 06:30:00,4756,18745.575278798286
2014-10-25 07:00:00,6003,18724.224513528501
2014-10-25 07:30:00,7853,18489.062810997395
2014-10-25 08:00:00,9091,16922.21488163414
2014-10-25 08:30:00,12209,14674.975570221219
2014-10-25 09:00:00,13433,17618.773658204525
2014-10-25 09:30:00,16768,22421.237668785885
2014-10-25 10:00:00,16390,23177.629636272271
2014-10-25 10:30:00,18666,19751.685448436259
2014-10-25 11:00:00,19740,16531.054140214561
2014-10-25 11:30:00,21266,16506.146392324128
2014-10-25 12:00:00,21452,19279.836171504507
2014-10-25 12:30:00,21613,19881.786279809672
2014-10-25 13:00:00,21773,19311.224241049382
2014-10-25 13:30:00,21440,19893.241148483332
2014-10-25 14:00:00,20362,20340.51544688244
2014-10-25 14:30:00,20601,18520.983215368939
2014-10-25 15:00:00,20989,17982.370888226353
2014-10-25 15:30:00,20210,17584.575442222053
2014-10-25 16:00:00,18243,17007.790220201598
2014-10-25 16:30:00,16875,19892.221597061358
2014-10-25 17:00:00,19078,23800.842591276931
2014-10-25 17:30:00,22244,26207.069174121512
2014-10-25 18:00:00,23703,26284.837518914064
2014-10-25 18:30:00,25544,24850.162567935178
2014-10-25 19:00:00,27125,25297.844528964917
2014-10-25 19:30:00,26539,26221.651251595686
2014-10-25 20:00:00,24964,25758.48444763014
2014-10-25 20:30:00,23665,27123.12490406974
2014-10-25 21:00:00,23200,26057.42194878884
2014-10-25 21:30:00,24238,23301.081415274628
2014-10-25 22:00:00,25202,22578.690715142391
2014-10-25 22:30:00,26140,21432.86746528991
2014-10-25 23:00:00,27417,18913.118920032801
2014-10-25 23:30:00,27692,19152.430895981022
2014-10-26 00:00:00,26866,16536.185618041523
2014-10-26 00:30:00,26254,16785.297310897422
2014-10-26 01:00:00,24482,17872.276839115624
2014-10-26 01:30:00,22425,10478.328307898628
2014-10-26 02:00:00,20865,8238.5122873854016
2014-10-26 02:30:00,18801,7626.9907694047879
2014-10-26 03:00:00,16066,6513.2555675271196
2014-10-26 03:30:00,14093,6709.7772390363825
2014-10-26 04:00:00,11863,6214.9269598406499
2014-10-26 04:30:00,7194,6660.7918827624853
2014-10-26 05:00:00,4661,6905.3483138315551
2014-10-26 05:30:00,3656,8161.9392421922084
2014-10-26 06:00:00,3780,11858.185198775687
2014-10-26 06:30:00,4116,17749.62418268319
2014-10-26 07:00:00,4530,20130.810674996294
2014-10-26 07:30:00,6287,19053.460225712068
2014-10-26 08:00:00,7318,17674.840323309363
2014-10-26 08:30:00,9260,16623.425256536451
2014-10-26 09:00:00,10911,17905.699428423006
2014-10-26 09:30:00,14136,20329.11300804148
2014-10-26 10:00:00,15466,24759.24331907383
2014-10-26 10:30:00,18611,23007.397146158903
2014-10-26 11:00:00,18437,23491.695472093576
2014-10-26 11:30:00,20375,23172.817021573399
2014-10-26 12:00:00,20658,21306.701347308906
2014-10-26 12:30:00,21283,19859.610655762586
2014-10-26 13:00:00,20200,22540.329011387425
2014-10-26 13:30:00,20135,22202.709236385956
2014-10-26 14:00:00,20306,22506.143551685516
2014-10-26 14:30:00,20404,23143.498622418203
2014-10-26 15:00:00,19931,20712.980806598349
2014-10-26 15:30:00,19772,21942.751105476229
2014-10-26 16:00:00,18406,21573.4838183709
2014-10-26 16:30:00,16957,20878.330414126365
2014-10-26 17:00:00,17972,18784.640274254783
2014-10-26 17:30:00,19563,18883.295820065705
2014-10-26 18:00:00,20106,20615.954692768439
2014-10-26 18:30:00,20449,22394.847961082589
2014-10-26 19:00:00,19860,22088.196821583198
2014-10-26 19:30:00,19343,20411.774810478219
2014-10-26 20:00:00,18128,21470.651471858309
2014-10-26 20:30:00,17298,21212.04724253717
2014-10-26 21:00:00,16004,19395.607251204834
2014-10-26 21:30:00,16422,16707.106930905917
2014-10-26 22:00:00,14618,17017.425481391285
2014-10-26 22:30:00,13017,16888.544949511277
2014-10-26 23:00:00,11532,16213.647425313571
2014-10-26 23:30:00,10089,13844.598232426299
2014-10-27 00:00:00,8326,15602.330150516518
2014-10-27 00:30:00,6579,10647.127211405463
2014-10-27 01:00:00,4385,6894.740102529644
2014-10-27 01:30:00,3470,5055.1727832311935
2014-10-27 02:00:00,2854,-451.98058337077237
2014-10-27 02:30:00,2128,1379.7824864135091
2014-10-27 03:00:00,1785,4268.4461926911317
2014-10-27 03:30:00,1707,4041.6001883735698
2014-10-27 04:00:00,2138,3815.5811698295602
2014-10-27 04:30:00,2406,9117.527812216078
2014-10-27 05:00:00,2847,9393.3913532960341
2014-10-27 05:30:00,4951,14454.904201290638
2014-10-27 06:00:00,7094,19007.368614694878
2014-10-27 06:30:00,11090,20809.803491411112
2014-10-27 07:00:00,14205,20230.45533445874
2014-10-27 07:30:00,17506,19215.926935183546
2014-10-27 08:00:00,18105,17770.7421823228
2014-10-27 08:30:00,17656,16606.763786631727
2014-10-27 09:00:00,17751,15587.168117255535
2014-10-27 09:30:00,17096,14751.761769091776
2014-10-27 10:00:00,15784,18604.134592388102
2014-10-27 10:30:00,16086,18023.918257430807
2014-10-27 11:00:00,14843,23362.415370151772
2014-10-27 11:30:00,16446,23294.957831561209
2014-10-27 12:00:00,16614,26450.813487930674
2014-10-27 12:30:00,16155,21546.68410863258
2014-10-27 13:00:00,15502,17550.614696963228
2014-10-27 13:30:00,16293,15293.630369959455
2014-10-27 14:00:00,16885,18480.469014378945
2014-10-27 14:30:00,17759,17762.500703605419
2014-10-27 15:00:00,18533,16648.520836563221
2014-10-27 15:30:00,17617,18915.435960413688
2014-10-27 16:00:00,16279,19670.062995065862
2014-10-27 16:30:00,15551,22484.631604471415
2014-10-27 17:00:00,18199,23599.074070690123
2014-10-27 17:30:00,20618,27372.696428968931
2014-10-27 18:00:00,22703,25538.743540447882
2014-10-27 18:30:00,23897,22499.35391392836
2014-10-27 19:00:00,24329,20780.271873330435
2014-10-27 19:30:00,23182,19961.779992877895
2014-10-27 20:00:00,21778,21144.221446371219
2014-10-27 20:30:00,21251,19190.320653179013
2014-10-27 21:00:00,21189,17161.129034078149
2014-10-27 21:30:00,20884,14249.624534903252
2014-10-27 22:00:00,19670,12990.906121051663
2014-10-27 22:30:00,18163,11102.968781485557
2014-10-27 23:00:00,15613,11130.140967430303
2014-10-27 23:30:00,13371,8921.2121200500696
2014-10-28 00:00:00,10910,6199.071181399333
2014-10-28 00:30:00,7638,2085.5269090851234
2014-10-28 01:00:00,5589,2438.8390692734301
2014-10-28 01:30:00,4215,4264.226722238307
2014-10-28 02:00:00,3386,6902.9803530794597
2014-10-28 02:30:00,2753,7619.1225592029805
2014-10-28 03:00:00,2181,10758.853297397032
2014-10-28 03:30:00,2034,12166.945966503768
2014-10-28 04:00:00,2094,12169.267031622687
2014-10-28 04:30:00,1896,12634.321526264614
2014-10-28 05:00:00,2632,12239.439420461438
2014-10-28 05:30:00,4581,12685.533291555595
2014-10-28 06:00:00,6612,11606.751127335181
2014-10-28 06:30:00,11609,10028.298670288325
2014-10-28 07:00:00,15127,9704.6909865128582
2014-10-28 07:30:00,19097,11411.395853190312
2014-10-28 08:00:00,19516,16025.210636841683
2014-10-28 08:30:00,19422,16014.805225922559
2014-10-28 09:00:00,18088,18359.756717769236
2014-10-28 09:30:00,17669,18346.652546171554
2014-10-28 10:00:00,16744,22031.818931107329
2014-10-28 10:30:00,17075,18121.349034760904
2014-10-28 11:00:00,16035,14394.375057754103
2014-10-28 11:30:00,17421,12507.22718095205
2014-10-28 12:00:00,17756,12346.383227257325
2014-10-28 12:30:00,17057,14197.557866722333
2014-10-28 13:00:00,16101,19127.276325328345
2014-10-28 13:30:00,17443,21374.486775799429
2014-10-28 14:00:00,17890,21986.679730856289
2014-10-28 14:30:00,18651,18458.465830987596
2014-10-28 15:00:00,18762,17336.859897781971
2014-10-28 15:30:00,17135,15034.327332722234
2014-10-28 16:00:00,15175,16821.590599427022
2014-10-28 16:30:00,13958,19969.47355124266
2014-10-28 17:00:00,16881,19366.94362933236
2014-10-28 17:30:00,19615,21315.798704979152
2014-10-28 18:00:00,22196,21093.241631415494
2014-10-28 18:30:00,22906,21551.430159184656
2014-10-28 19:00:00,23482,23377.680348325946
2014-10-28 19:30:00,23088,25129.995668089836
2014-10-28 20:00:00,23728,24195.005328756528
2014-10-28 20:30:00,23210,17812.544980431056
2014-10-28 21:00:00,23685,10176.850024726347
2014-10-28 21:30:00,23843,7030.2664803763191
2014-10-28 22:00:00,22597,5738.3633536533998
2014-10-28 22:30:00,20923,5042.379208154267
2014-10-28 23:00:00,19229,7138.8469885719924
2014-10-28 23:30:00,15963,7071.0259145751425
2014-10-29 00:00:00,12292,9692.2659943832077
2014-10-29 00:30:00,9190,8315.8473953780303
2014-10-29 01:00:00,6864,4676.2446726992675
2014-10-29 01:30:00,5693,2033.1783513823993
2014-10-29 02:00:00,4499,2659.0595685380176
2014-10-29 02:30:00,3304,4404.0916923017139
2014-10-29 03:00:00,2560,4980.8629645544406
2014-10-29 03:30:00,2485,7336.2955483851247
2014-10-29 04:00:00,2560,8064.0978547897339
2014-10-29 04:30:00,2248,11019.795434114625
2014-10-29 05:00:00,2389,11958.204228059643
2014-10-29 05:30:00,4313,14430.040235684521
2014-10-29 06:00:00,6649,15942.153885310496
2014-10-29 06:30:00,11289,13626.636833680093
2014-10-29 07:00:00,15103,12562.588796459786
2014-10-29 07:30:00,19437,16812.848057556985
2014-10-29 08:00:00,19443,20840.079443022059
2014-10-29 08:30:00,19707,19679.672925169572
2014-10-29 09:00:00,18912,18109.331264447952
2014-10-29 09:30:00,18203,16232.934773910194
2014-10-29 10:00:00,16492,19158.581331956535
2014-10-29 10:30:00,16837,19302.675413022494
2014-10-29 11:00:00,16075,17776.950070355557
2014-10-29 11:30:00,17160,15224.72477314095
2014-10-29 12:00:00,17606,15823.726101383036
2014-10-29 12:30:00,17267,15003.931369106405
2014-10-29 13:00:00,16875,18280.794377149563
2014-10-29 13:30:00,17940,20370.090435724858
2014-10-29 14:00:00,18339,20953.414208117683
2014-10-29 14:30:00,18971,18177.870420202598
2014-10-29 15:00:00,19298,16865.267882567678
2014-10-29 15:30:00,16665,16127.790510979657
2014-10-29 16:00:00,15008,18163.575100516766
2014-10-29 16:30:00,13873,22265.029590347382
2014-10-29 17:00:00,17894,23981.810269660207
2014-10-29 17:30:00,21574,24203.51822748845
2014-10-29 18:00:00,22116,20592.008229279149
2014-10-29 18:30:00,23582,21132.549960106993
2014-10-29 19:00:00,25553,21159.347484325059
2014-10-29 19:30:00,25299,22909.907734181255
2014-10-29 20:00:00,24778,22228.55166950266
2014-10-29 20:30:00,24729,18944.373738253675
2014-10-29 21:00:00,24907,12726.411642531595
2014-10-29 21:30:00,24810,10158.180833581602
2014-10-29 22:00:00,24246,8696.6309160436758
2014-10-29 22:30:00,23250,6495.018742769802
2014-10-29 23:00:00,20700,9087.0814890853253
2014-10-29 23:30:00,18631,7506.2572366722052
2014-10-30 00:00:00,14048,6951.5580751398929
2014-10-30 00:30:00,10691,8690.002612788554
2014-10-30 01:00:00,8363,5188.8279931260331
2014-10-30 01:30:00,6405,2602.5650443691902
2014-10-30 02:00:00,5251,1874.4272488786246
2014-10-30 02:30:00,3714,4287.9464461469706
2014-10-30 03:00:00,3232,4964.2404025677406
2014-10-30 03:30:00,3057,7595.6241930054639
2014-10-30 04:00:00,3005,7964.0773099532171
2014-10-30 04:30:00,2506,11645.514840355012
2014-10-30 05:00:00,2821,13785.146436471387
2014-10-30 05:30:00,5287,16792.433504424578
2014-10-30 06:00:00,7427,17860.916572380334
2014-10-30 06:30:00,12248,17308.523930691026
2014-10-30 07:00:00,15618,18354.724509776246
2014-10-30 07:30:00,19528,19090.576298691325
2014-10-30 08:00:00,19813,19776.296014455111
2014-10-30 08:30:00,19680,19671.084857773338
2014-10-30 09:00:00,19351,19176.59941775494
2014-10-30 09:30:00,18967,19499.506349485688
2014-10-30 10:00:00,17899,18494.399446156043
2014-10-30 10:30:00,17994,18541.194568935349
2014-10-30 11:00:00,17167,17677.179196730653
2014-10-30 11:30:00,18094,15816.404942749128
2014-10-30 12:00:00,18575,15772.324619978006
2014-10-30 12:30:00,18022,13556.551488956407
2014-10-30 13:00:00,17359,16932.344018122552
2014-10-30 13:30:00,18035,18174.391613618805
2014-10-30 14:00:00,18733,18620.602769034569
2014-10-30 14:30:00,19410,18794.304587091494
2014-10-30 15:00:00,18991,17801.808896334569
2014-10-30 15:30:00,16749,17806.698877611318
2014-10-30 16:00:00,14604,19857.967697119995
2014-10-30 16:30:00,13367,24043.665797684225
2014-10-30 17:00:00,16382,25253.318121328684
2014-10-30 17:30:00,19879,24511.217772530268
2014-10-30 18:00:00,21735,22568.214062693816
2014-10-30 18:30:00,23802,21411.455100480693
2014-10-30 19:00:00,24832,20968.739970742587
2014-10-30 19:30:00,24964,22504.48790807309
2014-10-30 20:00:00,25791,22757.646234234009
2014-10-30 20:30:00,25810,20019.720116769346
2014-10-30 21:00:00,25816,16578.19310686399
2014-10-30 21:30:00,25849,12319.956190490633
2014-10-30 22:00:00,24877,10726.309533181055
2014-10-30 22:30:00,25072,10048.084886485583
2014-10-30 23:00:00,24763,12602.079148270937
2014-10-30 23:30:00,22241,11133.161349382004
2014-10-31 00:00:00,19957,10332.951351203814
2014-10-31 00:30:00,16881,8354.4337841200631
2014-10-31 01:00:00,13588,8042.4436685127903
2014-10-31 01:30:00,10958,4897.2312823905322
2014-10-31 02:00:00,9119,4084.7337483549254
2014-10-31 02:30:00,7589,4402.9460967921659
2014-10-31 03:00:00,6221,4188.957315802154
2014-10-31 03:30:00,4936,7347.9374723382398
2014-10-31 04:00:00,4796,7664.2562228417119
2014-10-31 04:30:00,3555,10950.142464852684
2014-10-31 05:00:00,3337,12482.10362767988
2014-10-31 05:30:00,4665,18165.62145072539
2014-10-31 06:00:00,7084,20382.309496048652
2014-10-31 06:30:00,11681,20717.268894494147
2014-10-31 07:00:00,14822,20147.545300249578
2014-10-31 07:30:00,19004,18068.157288800063
2014-10-31 08:00:00,20306,19023.142334553842
2014-10-31 08:30:00,20687,19798.233701131961
2014-10-31 09:00:00,19585,18773.686114146323
2014-10-31 09:30:00,18702,18441.858438942214
2014-10-31 10:00:00,18099,18270.951195302856
2014-10-31 10:30:00,18335,15666.561872246761
2014-10-31 11:00:00,17653,17789.006531548679
2014-10-31 11:30:00,18889,17587.961628263933
2014-10-31 12:00:00,19146,17035.302233377897
2014-10-31 12:30:00,18833,16547.465144194291
2014-10-31 13:00:00,18315,18112.529600992788
2014-10-31 13:30:00,18917,17576.667343274858
2014-10-31 14:00:00,20430,17236.991683806969
2014-10-31 14:30:00,20608,17075.5938890998
2014-10-31 15:00:00,19915,17273.678665588042
2014-10-31 15:30:00,16981,17670.385795526672
2014-10-31 16:00:00,15045,18326.77950436822
2014-10-31 16:30:00,13978,22139.362571755515
2014-10-31 17:00:00,16891,25408.271986330779
2014-10-31 17:30:00,20025,24897.393941317525
2014-10-31 18:00:00,21438,23874.469489871059
2014-10-31 18:30:00,23813,22817.843979626337
2014-10-31 19:00:00,25517,22121.292682087249
2014-10-31 19:30:00,25493,22422.043488001436
2014-10-31 20:00:00,25475,24312.591463174896
2014-10-31 20:30:00,26996,23336.898862831607
2014-10-31 21:00:00,27015,20430.030978128205
2014-10-31 21:30:00,27264,18516.620174542717
2014-10-31 22:00:00,26977,14012.1916822523
2014-10-31 22:30:00,26343,12213.204107589678
2014-10-31 23:00:00,26333,14651.415654764649
2014-10-31 23:30:00,26524,15004.294351097733
2014-11-01 00:00:00,25425,12918.919898838592
2014-11-01 00:30:00,24937,12177.983759869254
2014-11-01 01:00:00,24946,13520.189468261569
2014-11-01 01:30:00,23736,11482.28909121194
2014-11-01 02:00:00,23245,10432.520940113018
2014-11-01 02:30:00,21459,11344.31894484007
2014-11-01 03:00:00,19849,9125.8968484519537
2014-11-01 03:30:00,17679,9678.8194902492924
2014-11-01 04:00:00,15018,9743.807879265225
2014-11-01 04:30:00,10600,8783.2112498039096
2014-11-01 05:00:00,7758,8152.0245211906522
2014-11-01 05:30:00,5907,11108.193373417433
2014-11-01 06:00:00,5743,12757.922148675807
2014-11-01 06:30:00,6223,17742.561276594723
2014-11-01 07:00:00,6386,19105.711221902857
2014-11-01 07:30:00,9098,18171.288742737172
2014-11-01 08:00:00,9864,18080.56334906038
2014-11-01 08:30:00,12903,18970.162903032426
2014-11-01 09:00:00,14185,20889.881424022467
2014-11-01 09:30:00,18584,22785.870181588612
2014-11-01 10:00:00,19066,25408.60145236292
2014-11-01 10:30:00,22683,21032.718377807141
2014-11-01 11:00:00,23292,18474.110336153346
2014-11-01 11:30:00,24154,18069.537671377115
2014-11-01 12:00:00,25310,20245.352431852923
2014-11-01 12:30:00,26625,21905.587205232059
2014-11-01 13:00:00,25584,24201.284488314144
2014-11-01 13:30:00,25115,25649.293091940432
2014-11-01 14:00:00,23935,23721.801445130441
2014-11-01 14:30:00,23341,22929.825759494241
2014-11-01 15:00:00,23337,22012.479354404888
2014-11-01 15:30:00,22199,20162.84879513023
2014-11-01 16:00:00,20008,18521.705748046134
2014-11-01 16:30:00,18443,19718.322098647524
2014-11-01 17:00:00,20865,22502.914496222715
2014-11-01 17:30:00,23719,23328.38567502872
2014-11-01 18:00:00,25241,23126.76810993176
2014-11-01 18:30:00,27383,23126.574100681413
2014-11-01 19:00:00,28398,24546.212561465909
2014-11-01 19:30:00,27426,25516.249146309368
2014-11-01 20:00:00,26537,26706.62475037502
2014-11-01 20:30:00,25980,25714.870105324386
2014-11-01 21:00:00,24601,25459.891712998859
2014-11-01 21:30:00,24838,22835.788923898399
2014-11-01 22:00:00,26372,21858.420341918594
2014-11-01 22:30:00,26567,21138.582812928631
2014-11-01 23:00:00,25879,22320.174058746434
2014-11-01 23:30:00,26125,25118.403302706807
2014-11-02 00:00:00,25110,21599.278779668202
2014-11-02 00:30:00,23109,19084.202609759112
2014-11-02 01:00:00,39197,14689.755282993896
2014-11-02 01:30:00,35212,16528.078941611297
2014-11-02 02:00:00,13259,11341.489529326003
2014-11-02 02:30:00,12250,7725.8456951867238
2014-11-02 03:00:00,10013,4624.4762861800464
2014-11-02 03:30:00,7898,4809.2356961920541
2014-11-02 04:00:00,6375,9770.5853780756406
2014-11-02 04:30:00,4532,9612.8113293527167
2014-11-02 05:00:00,5116,8947.9191986584519
2014-11-02 05:30:00,5232,11993.047367974417
2014-11-02 06:00:00,4542,9756.8248063385363
2014-11-02 06:30:00,5298,18672.144233108491
2014-11-02 07:00:00,5155,19998.295536757316
2014-11-02 07:30:00,6029,21954.977499666471
2014-11-02 08:00:00,6280,19571.523667881887
2014-11-02 08:30:00,8771,14977.955851546889
2014-11-02 09:00:00,10151,16379.56517074534
2014-11-02 09:30:00,12501,15164.174196720074
2014-11-02 10:00:00,13990,22419.218861358375
2014-11-02 10:30:00,16534,23418.584259813142
2014-11-02 11:00:00,17133,24076.635216384326
2014-11-02 11:30:00,18775,22692.369595849636
2014-11-02 12:00:00,18985,20248.905792380006
2014-11-02 12:30:00,19911,22099.042904355574
2014-11-02 13:00:00,19123,21159.230111692679
2014-11-02 13:30:00,19524,23245.848859226495
2014-11-02 14:00:00,19640,19338.698801713581
2014-11-02 14:30:00,18364,16922.501564513121
2014-11-02 15:00:00,17940,17766.275855075608
2014-11-02 15:30:00,17949,19691.68863930726
2014-11-02 16:00:00,17288,23395.54608512604
2014-11-02 16:30:00,16326,27448.366284757358
2014-11-02 17:00:00,17522,30757.260897142194
2014-11-02 17:30:00,19243,24446.630645273479
2014-11-02 18:00:00,20291,21907.507922233697
2014-11-02 18:30:00,21649,20601.817866542766
2014-11-02 19:00:00,22839,22710.2122112086
2014-11-02 19:30:00,21772,22102.70701581247
2014-11-02 20:00:00,20994,19415.661101615464
2014-11-02 20:30:00,19774,18178.199015418177
2014-11-02 21:00:00,18398,23532.657222236696
2014-11-02 21:30:00,17764,20806.005787511152
2014-11-02 22:00:00,17334,19231.373190655395
2014-11-02 22:30:00,15431,18174.058953294036
2014-11-02 23:00:00,12958,16650.619695789966
2014-11-02 23:30:00,10224,14460.033933446135
2014-11-03 00:00:00,8771,7783.2689503932042
2014-11-03 00:30:00,6045,9492.8152547459194
2014-11-03 01:00:00,4413,3813.2168453295089
2014-11-03 01:30:00,3235,5712.2773252501574
2014-11-03 02:00:00,2688,7814.9908421920527
2014-11-03 02:30:00,1983,8891.3147041125976
2014-11-03 03:00:00,1756,10631.706935211974
2014-11-03 03:30:00,1683,14771.591116139118
2014-11-03 04:00:00,2140,10011.322817281776
2014-11-03 04:30:00,2288,7485.5014882823252
2014-11-03 05:00:00,2948,9049.4279416045247
2014-11-03 05:30:00,4813,4652.9967972372124
2014-11-03 06:00:00,8044,12794.04222626099
2014-11-03 06:30:00,12885,13091.014145595049
2014-11-03 07:00:00,14627,15889.660804675696
2014-11-03 07:30:00,18111,19929.338667130593
2014-11-03 08:00:00,18266,17268.816371468176
2014-11-03 08:30:00,18384,13245.857616182222
2014-11-03 09:00:00,18104,12852.407293407778
2014-11-03 09:30:00,17357,17025.665923245841
2014-11-03 10:00:00,16008,15781.894325794648
2014-11-03 10:30:00,16379,19179.929333822329
2014-11-03 11:00:00,15351,21264.213747516915
2014-11-03 11:30:00,16770,15891.690126490816
2014-11-03 12:00:00,16711,23481.125468988794
2014-11-03 12:30:00,17011,25661.171676663849
2014-11-03 13:00:00,16373,24478.31057004082
2014-11-03 13:30:00,17097,21316.21722872707
2014-11-03 14:00:00,17364,20807.086482870873
2014-11-03 14:30:00,18333,22741.212012259872
2014-11-03 15:00:00,18428,18265.199503062788
2014-11-03 15:30:00,16974,12634.119289007715
2014-11-03 16:00:00,16139,23279.126411547633
2014-11-03 16:30:00,15205,22696.207361689856
2014-11-03 17:00:00,17392,22974.252438203486
2014-11-03 17:30:00,20141,25932.318662344802
2014-11-03 18:00:00,22581,23888.937540042654
2014-11-03 18:30:00,23098,20707.625184363627
2014-11-03 19:00:00,23154,18568.546429179747
2014-11-03 19:30:00,22688,21617.791479610634
2014-11-03 20:00:00,22047,17559.470121169878
2014-11-03 20:30:00,21283,17305.732600698964
2014-11-03 21:00:00,21070,17025.857716632327
2014-11-03 21:30:00,19910,11267.743297798359
2014-11-03 22:00:00,20541,9453.0820379252727
2014-11-03 22:30:00,18105,14808.050917388227
2014-11-03 23:00:00,14554,11490.986577296295
2014-11-03 23:30:00,12695,17797.682862315927
2014-11-04 00:00:00,10667,14865.837213524286
2014-11-04 00:30:00,8479,5508.1521234358515
2014-11-04 01:00:00,6005,1868.6746877607329
2014-11-04 01:30:00,3899,8414.4511749644716
2014-11-04 02:00:00,3111,7620.5971867073968
2014-11-04 02:30:00,2526,6349.8531309122463
2014-11-04 03:00:00,2112,10111.795749114288
2014-11-04 03:30:00,1885,13166.589679044258
2014-11-04 04:00:00,1921,13824.914555664942
2014-11-04 04:30:00,2267,14270.398435368088
2014-11-04 05:00:00,2413,13696.448391834507
2014-11-04 05:30:00,4413,12196.371360916612
2014-11-04 06:00:00,7168,11008.575985901081
2014-11-04 06:30:00,12160,9813.1430924130545
2014-11-04 07:00:00,14845,9382.5810303336802
2014-11-04 07:30:00,18403,13030.737065649135
2014-11-04 08:00:00,18445,17229.420850440096
2014-11-04 08:30:00,19018,16802.104882857573
2014-11-04 09:00:00,18105,16189.062244207256
2014-11-04 09:30:00,17459,18130.38418188395
2014-11-04 10:00:00,16381,22649.456706969548
2014-11-04 10:30:00,16623,18983.374612541895
2014-11-04 11:00:00,16144,17421.115015277839
2014-11-04 11:30:00,17318,14211.731998625552
2014-11-04 12:00:00,17658,13904.963201637647
2014-11-04 12:30:00,17108,14394.951072333914
2014-11-04 13:00:00,16178,17945.568031943367
2014-11-04 13:30:00,17973,19449.077164807
2014-11-04 14:00:00,18152,18810.219849419391
2014-11-04 14:30:00,18445,17588.452222182794
2014-11-04 15:00:00,18556,16192.044097316018
2014-11-04 15:30:00,16865,15040.812563884483
2014-11-04 16:00:00,14505,18011.311005140516
2014-11-04 16:30:00,13471,19561.998780768703
2014-11-04 17:00:00,15853,20355.409839730055
2014-11-04 17:30:00,18369,21064.647993085615
2014-11-04 18:00:00,20968,19663.076736605184
2014-11-04 18:30:00,22239,19671.567369039705
2014-11-04 19:00:00,22626,19990.233416477196
2014-11-04 19:30:00,22924,23244.883328470387
2014-11-04 20:00:00,22853,21502.353803721773
2014-11-04 20:30:00,22393,16771.295772098867
2014-11-04 21:00:00,23088,10239.868229926567
2014-11-04 21:30:00,22431,7055.6729707108498
2014-11-04 22:00:00,22239,5606.8152049198197
2014-11-04 22:30:00,19918,5730.3897332656688
2014-11-04 23:00:00,17675,6237.6440719477596
2014-11-04 23:30:00,14953,6230.4167507883594
2014-11-05 00:00:00,12025,8203.5933095993532
2014-11-05 00:30:00,8767,8235.9751738232771
2014-11-05 01:00:00,6670,5562.6589056287012
2014-11-05 01:30:00,5197,4104.8556581448356
2014-11-05 02:00:00,4289,4000.8745363837897
2014-11-05 02:30:00,3186,6713.1147405048468
2014-11-05 03:00:00,2747,7473.5334115183305
2014-11-05 03:30:00,2257,9340.8451445141582
2014-11-05 04:00:00,2397,8729.384840886185
2014-11-05 04:30:00,2205,9967.2566185997384
2014-11-05 05:00:00,2625,11668.257478148073
2014-11-05 05:30:00,4404,14010.919818174307
2014-11-05 06:00:00,7007,15467.671689644718
2014-11-05 06:30:00,12065,15136.656249545651
2014-11-05 07:00:00,15803,14962.824950206124
2014-11-05 07:30:00,19844,17936.932218107358
2014-11-05 08:00:00,19937,21277.103246018527
2014-11-05 08:30:00,20299,19924.817305340377
2014-11-05 09:00:00,19584,19386.049036752447
2014-11-05 09:30:00,19313,18986.006255361903
2014-11-05 10:00:00,16887,21345.389350575679
2014-11-05 10:30:00,17118,19170.439482117723
2014-11-05 11:00:00,16847,16524.108805119184
2014-11-05 11:30:00,18356,15241.738214952609
2014-11-05 12:00:00,18124,16009.122392105202
2014-11-05 12:30:00,17783,15565.425307546102
2014-11-05 13:00:00,17223,18094.408898151614
2014-11-05 13:30:00,17852,18073.170093234468
2014-11-05 14:00:00,18374,18353.772914790927
2014-11-05 14:30:00,18641,16727.812096669466
2014-11-05 15:00:00,18913,16565.386348476157
2014-11-05 15:30:00,16314,16411.8614187315
2014-11-05 16:00:00,13917,17943.879766245911
2014-11-05 16:30:00,13151,21629.690969290496
2014-11-05 17:00:00,16100,23220.770003306261
2014-11-05 17:30:00,19136,23212.607145542868
2014-11-05 18:00:00,21762,21336.92180005509
2014-11-05 18:30:00,22829,21124.172722585405
2014-11-05 19:00:00,23705,21320.368040484267
2014-11-05 19:30:00,23740,22910.099266572404
2014-11-05 20:00:00,23789,23075.439329144883
2014-11-05 20:30:00,23389,19097.023047408504
2014-11-05 21:00:00,24122,12267.427103406768
2014-11-05 21:30:00,24156,9567.8557286414652
2014-11-05 22:00:00,23679,7907.4148503906472
2014-11-05 22:30:00,22803,7331.7003114030149
2014-11-05 23:00:00,20814,8097.8758986157045
2014-11-05 23:30:00,17376,6487.0934761849985
2014-11-06 00:00:00,13846,6532.6464555823204
2014-11-06 00:30:00,10387,8486.9342781731884
2014-11-06 01:00:00,8384,4779.9154959005391
2014-11-06 01:30:00,6455,3345.6007137161232
2014-11-06 02:00:00,5043,3300.4941088862015
2014-11-06 02:30:00,3738,5514.5857310962438
2014-11-06 03:00:00,3155,6346.7856794354593
2014-11-06 03:30:00,2758,8585.0177915136956
2014-11-06 04:00:00,3122,9280.7251592015709
2014-11-06 04:30:00,2625,10901.267416008988
2014-11-06 05:00:00,2760,13160.207948591547
2014-11-06 05:30:00,4995,16268.686783110021
2014-11-06 06:00:00,8021,18334.778097834544
2014-11-06 06:30:00,13803,18926.545988734604
2014-11-06 07:00:00,17405,18691.685650847438
2014-11-06 07:30:00,20841,19492.948362856645
2014-11-06 08:00:00,21338,21560.349744244442
2014-11-06 08:30:00,21281,21304.639014965585
2014-11-06 09:00:00,20108,20842.605354176154
2014-11-06 09:30:00,20198,20861.775883741353
2014-11-06 10:00:00,19035,21955.216817412896
2014-11-06 10:30:00,19155,18915.439871971044
2014-11-06 11:00:00,17964,17322.533984484726
2014-11-06 11:30:00,18680,15244.131469226104
2014-11-06 12:00:00,18600,15482.628111713124
2014-11-06 12:30:00,17556,14370.668121026769
2014-11-06 13:00:00,17373,16902.993595298387
2014-11-06 13:30:00,17832,17239.206228787469
2014-11-06 14:00:00,18087,17843.314042709051
2014-11-06 14:30:00,18057,17808.105791139707
2014-11-06 15:00:00,17634,17358.813298134115
2014-11-06 15:30:00,15492,17357.46300934835
2014-11-06 16:00:00,13677,18032.957027924524
2014-11-06 16:30:00,12574,22108.055610907424
2014-11-06 17:00:00,15818,23809.074926267294
2014-11-06 17:30:00,19350,24151.53730214966
2014-11-06 18:00:00,21754,23173.330910733213
2014-11-06 18:30:00,23740,22535.45104419265
2014-11-06 19:00:00,24666,21811.177632613879
2014-11-06 19:30:00,25142,22670.310529321199
2014-11-06 20:00:00,25597,23887.116303595671
2014-11-06 20:30:00,25126,21487.223946986756
2014-11-06 21:00:00,25312,15755.517454478744
2014-11-06 21:30:00,26067,12231.28257975708
2014-11-06 22:00:00,25613,9677.4596445909083
2014-11-06 22:30:00,23971,10101.441811061666
2014-11-06 23:00:00,22859,10897.823780273055
2014-11-06 23:30:00,21287,8609.8728178194979
2014-11-07 00:00:00,18308,7017.8150904629274
2014-11-07 00:30:00,14352,7862.0210442804691
2014-11-07 01:00:00,11746,7314.7570618567961
2014-11-07 01:30:00,9042,5541.9174146196419
2014-11-07 02:00:00,7318,4484.6269338441471
2014-11-07 02:30:00,6009,5150.4917553298092
2014-11-07 03:00:00,5364,4863.3553430695138
2014-11-07 03:30:00,4336,7632.9783505989326
2014-11-07 04:00:00,4008,7962.1426704104042
2014-11-07 04:30:00,3263,10559.767344849763
2014-11-07 05:00:00,3183,14400.909379656965
2014-11-07 05:30:00,4813,18472.639807630814
2014-11-07 06:00:00,7519,19939.201594771268
2014-11-07 06:30:00,12074,21074.714032354259
2014-11-07 07:00:00,15249,21677.235185650257
2014-11-07 07:30:00,19300,20047.853572776166
2014-11-07 08:00:00,19564,20003.945064253472
2014-11-07 08:30:00,19132,20989.649508028189
2014-11-07 09:00:00,18454,20986.195850262506
2014-11-07 09:30:00,17950,20342.959610097561
2014-11-07 10:00:00,17374,19618.720138886936
2014-11-07 10:30:00,17674,17584.567351853751
2014-11-07 11:00:00,17016,16586.749989650059
2014-11-07 11:30:00,18484,14012.737282236509
2014-11-07 12:00:00,18460,15308.471402895279
2014-11-07 12:30:00,17693,15273.440274555505
2014-11-07 13:00:00,18093,17512.889408811963
2014-11-07 13:30:00,19918,18391.569788712899
2014-11-07 14:00:00,19945,18797.305752371631
2014-11-07 14:30:00,19077,17539.843371193841
2014-11-07 15:00:00,18186,17305.173538251875
2014-11-07 15:30:00,16030,18530.154109172978
2014-11-07 16:00:00,14092,19691.076097422912
2014-11-07 16:30:00,13270,22409.778271455194
2014-11-07 17:00:00,15935,24313.42431112229
2014-11-07 17:30:00,19419,24367.500588947045
2014-11-07 18:00:00,21778,24155.237204743127
2014-11-07 18:30:00,24460,23627.568848131363
2014-11-07 19:00:00,26246,22071.230574785637
2014-11-07 19:30:00,27224,22314.449315620412
2014-11-07 20:00:00,26862,24092.98359297655
2014-11-07 20:30:00,27340,23908.630063163502
2014-11-07 21:00:00,27335,20836.547170829839
2014-11-07 21:30:00,26727,18090.548723064247
2014-11-07 22:00:00,27181,12429.096589006796
2014-11-07 22:30:00,27761,11737.181610292526
2014-11-07 23:00:00,27193,12807.936633849018
2014-11-07 23:30:00,26857,12891.90135064931
2014-11-08 00:00:00,25692,12382.079932744829
2014-11-08 00:30:00,24162,10084.073405351155
2014-11-08 01:00:00,22219,13829.215235299558
2014-11-08 01:30:00,20748,11818.838621911244
2014-11-08 02:00:00,19471,8762.2937299276873
2014-11-08 02:30:00,16940,8484.8007757581017
2014-11-08 03:00:00,14431,7246.8853722576041
2014-11-08 03:30:00,11898,7797.5779793346946
2014-11-08 04:00:00,10264,8268.4789660127644
2014-11-08 04:30:00,5942,8889.5360123295359
2014-11-08 05:00:00,4063,10088.323894560974
2014-11-08 05:30:00,3498,13877.528431997784
2014-11-08 06:00:00,3726,15387.279991045261
2014-11-08 06:30:00,5242,18167.334978347517
2014-11-08 07:00:00,5655,18579.773138791963
2014-11-08 07:30:00,8191,18587.531464888772
2014-11-08 08:00:00,9371,17367.702422934464
2014-11-08 08:30:00,13050,15453.029625564139
2014-11-08 09:00:00,13820,19114.626102634244
2014-11-08 09:30:00,17437,21747.746556029771
2014-11-08 10:00:00,17281,22744.376936598026
2014-11-08 10:30:00,19718,19419.360631144798
2014-11-08 11:00:00,19999,16730.512236301976
2014-11-08 11:30:00,22047,16912.023206353839
2014-11-08 12:00:00,22352,18594.817763200223
2014-11-08 12:30:00,22898,19762.611267678771
2014-11-08 13:00:00,22660,19850.627580741304
2014-11-08 13:30:00,23047,20632.085720978976
2014-11-08 14:00:00,21976,20275.111493346998
2014-11-08 14:30:00,22746,18667.405263139201
2014-11-08 15:00:00,22382,18697.546689888077
2014-11-08 15:30:00,21956,17311.698738367781
2014-11-08 16:00:00,18619,17556.775144092422
2014-11-08 16:30:00,15861,19611.172615652064
2014-11-08 17:00:00,18326,22177.871396822396
2014-11-08 17:30:00,22332,23864.123621159142
2014-11-08 18:00:00,25097,23411.192884331998
2014-11-08 18:30:00,27236,23452.863861071375
2014-11-08 19:00:00,27898,24784.5676715675
2014-11-08 19:30:00,26790,25973.822030956158
2014-11-08 20:00:00,25561,26254.511687740192
2014-11-08 20:30:00,24344,26516.236234245604
2014-11-08 21:00:00,23890,25674.128428857599
2014-11-08 21:30:00,24609,23246.388628082306
2014-11-08 22:00:00,26595,22731.638861202398
2014-11-08 22:30:00,27260,21435.543333523285
2014-11-08 23:00:00,27998,19692.801511174875
2014-11-08 23:30:00,27854,19686.243738629881
2014-11-09 00:00:00,26931,18252.578447817101
2014-11-09 00:30:00,25208,19077.681723317586
2014-11-09 01:00:00,23782,17530.164483802993
2014-11-09 01:30:00,22472,12324.642206755834
2014-11-09 02:00:00,21183,9007.373890968589
2014-11-09 02:30:00,18443,9011.6288818832145
2014-11-09 03:00:00,16105,6842.5100963739333
2014-11-09 03:30:00,13801,7228.4559633296331
2014-11-09 04:00:00,11997,7096.9290121539279
2014-11-09 04:30:00,7112,8244.6963842180776
2014-11-09 05:00:00,4627,8524.7961188850459
2014-11-09 05:30:00,3683,10392.490298613217
2014-11-09 06:00:00,3587,14213.73916728025
2014-11-09 06:30:00,4158,18381.51414612235
2014-11-09 07:00:00,4351,19870.162593101846
2014-11-09 07:30:00,5823,19155.185791116186
2014-11-09 08:00:00,6850,18189.10040818766
2014-11-09 08:30:00,9839,16629.484879488686
2014-11-09 09:00:00,11422,17339.939955572994
2014-11-09 09:30:00,14897,19349.162544834657
2014-11-09 10:00:00,15815,25299.199894480233
2014-11-09 10:30:00,18787,23188.323288024087
2014-11-09 11:00:00,18880,24731.686585046809
2014-11-09 11:30:00,19871,24209.498498763176
2014-11-09 12:00:00,20722,22364.40054698009
2014-11-09 12:30:00,21774,21258.491645321268
2014-11-09 13:00:00,21318,23423.466891374497
2014-11-09 13:30:00,20699,22604.144054768931
2014-11-09 14:00:00,20831,23652.048642778107
2014-11-09 14:30:00,20467,23203.212710670687
2014-11-09 15:00:00,20249,21904.196234607545
2014-11-09 15:30:00,20100,22019.675146058253
2014-11-09 16:00:00,18688,21350.587302237574
2014-11-09 16:30:00,17249,20031.49624171391
2014-11-09 17:00:00,18573,17995.461670939643
2014-11-09 17:30:00,19937,18776.110199676408
2014-11-09 18:00:00,20564,21425.167039222513
2014-11-09 18:30:00,20132,22356.131470015724
2014-11-09 19:00:00,19654,21747.278962365064
2014-11-09 19:30:00,18449,20383.25805340441
2014-11-09 20:00:00,17176,21367.057223542914
2014-11-09 20:30:00,17596,21535.583322497776
2014-11-09 21:00:00,16431,20157.921353429767
2014-11-09 21:30:00,15860,17394.259960016734
2014-11-09 22:00:00,15253,17046.364512068816
2014-11-09 22:30:00,13845,16568.148642508542
2014-11-09 23:00:00,11656,15595.261267334981
2014-11-09 23:30:00,9818,13265.461342098051
2014-11-10 00:00:00,7870,14279.232467880349
2014-11-10 00:30:00,6079,9888.3024478506741
2014-11-10 01:00:00,4644,6701.8035582378707
2014-11-10 01:30:00,3501,3905.6073941840186
2014-11-10 02:00:00,2989,-1194.4627002959933
2014-11-10 02:30:00,2247,1256.031978328383
2014-11-10 03:00:00,1853,3340.3974527819901
2014-11-10 03:30:00,1791,5530.4109842577855
2014-11-10 04:00:00,2189,7156.8698190346149
2014-11-10 04:30:00,2328,9124.994008361693
2014-11-10 05:00:00,2827,9863.316844412142
2014-11-10 05:30:00,4738,14123.793823999093
2014-11-10 06:00:00,6803,18130.26740399019
2014-11-10 06:30:00,11738,19503.685976683028
2014-11-10 07:00:00,14296,19982.602820464166
2014-11-10 07:30:00,17240,19027.838830355238
2014-11-10 08:00:00,17657,19371.518716538987
2014-11-10 08:30:00,17904,15300.186145341273
2014-11-10 09:00:00,17705,15916.189589114721
2014-11-10 09:30:00,16814,14125.609780889252
2014-11-10 10:00:00,15908,18654.617830776613
2014-11-10 10:30:00,15545,17325.04783535438
2014-11-10 11:00:00,15119,23833.088265016908
2014-11-10 11:30:00,16241,22640.55399871667
2014-11-10 12:00:00,16354,27343.197274273931
2014-11-10 12:30:00,16002,23488.898986152177
2014-11-10 13:00:00,15560,20483.598844295397
2014-11-10 13:30:00,16855,16895.861466789411
2014-11-10 14:00:00,17292,19357.584266326012
2014-11-10 14:30:00,17780,18553.939382320794
2014-11-10 15:00:00,18467,16020.795654200694
2014-11-10 15:30:00,17048,17408.527809561292
2014-11-10 16:00:00,15386,19377.910762393432
2014-11-10 16:30:00,15329,22074.827212622928
2014-11-10 17:00:00,17444,22330.908391140161
2014-11-10 17:30:00,19765,24631.878565373037
2014-11-10 18:00:00,22418,24195.741162649283
2014-11-10 18:30:00,22794,21983.697944768421
2014-11-10 19:00:00,23094,20177.386569967257
2014-11-10 19:30:00,22197,19626.741296086904
2014-11-10 20:00:00,21796,20607.281752144401
2014-11-10 20:30:00,20849,19390.649666784055
2014-11-10 21:00:00,21169,19906.785541776386
2014-11-10 21:30:00,20613,15993.649051961815
2014-11-10 22:00:00,20734,13641.306176900678
2014-11-10 22:30:00,17540,12143.127902543954
2014-11-10 23:00:00,15189,10615.876555431012
2014-11-10 23:30:00,12879,8644.1309559204601
2014-11-11 00:00:00,10511,6723.1337363764105
2014-11-11 00:30:00,7509,3564.3990385554553
2014-11-11 01:00:00,6277,1812.6355294307723
2014-11-11 01:30:00,4622,4447.0156518616532
2014-11-11 02:00:00,3785,6018.1191750625239
2014-11-11 02:30:00,2970,7094.7636103972563
2014-11-11 03:00:00,2332,12126.775629797523
2014-11-11 03:30:00,2166,13153.907673145028
2014-11-11 04:00:00,2179,13381.60852597848
2014-11-11 04:30:00,2040,13254.716032268039
2014-11-11 05:00:00,2278,11614.805093478524
2014-11-11 05:30:00,3860,12323.82182250352
2014-11-11 06:00:00,5517,11730.534120163224
2014-11-11 06:30:00,9569,9738.4346190926535
2014-11-11 07:00:00,12272,9349.6224151437727
2014-11-11 07:30:00,16460,11571.642586142381
2014-11-11 08:00:00,16976,15849.6037131673
2014-11-11 08:30:00,17823,15896.291318762209
2014-11-11 09:00:00,17655,19979.678280623342
2014-11-11 09:30:00,16946,17812.431117373751
2014-11-11 10:00:00,15846,20389.125556066825
2014-11-11 10:30:00,15835,17162.498860192951
2014-11-11 11:00:00,15442,13945.361164562923
2014-11-11 11:30:00,16069,11577.442631632746
2014-11-11 12:00:00,15966,11294.410096635147
2014-11-11 12:30:00,15584,13309.757544881784
2014-11-11 13:00:00,15384,17692.026825805366
2014-11-11 13:30:00,15909,19954.493096501785
2014-11-11 14:00:00,16140,19605.548290884228
2014-11-11 14:30:00,16337,16667.80566701054
2014-11-11 15:00:00,16381,16137.119163109815
2014-11-11 15:30:00,15196,12678.560259691953
2014-11-11 16:00:00,13003,16744.331552445572
2014-11-11 16:30:00,12213,17455.076238443635
2014-11-11 17:00:00,15103,17216.698201769923
2014-11-11 17:30:00,18301,19687.989307011136
2014-11-11 18:00:00,20626,19357.477823119905
2014-11-11 18:30:00,22533,20816.142780617818
2014-11-11 19:00:00,22905,21938.815379517098
2014-11-11 19:30:00,22181,25945.256996011012
2014-11-11 20:00:00,21899,24336.234601279582
2014-11-11 20:30:00,21789,19086.412420018321
2014-11-11 21:00:00,22253,10899.126119670798
2014-11-11 21:30:00,22515,8044.7249847396624
2014-11-11 22:00:00,21410,5388.0149358058916
2014-11-11 22:30:00,19812,4980.0974879938185
2014-11-11 23:00:00,17135,6557.0408986375696
2014-11-11 23:30:00,13567,6348.7179090778936
2014-11-12 00:00:00,10829,7747.011633575542
2014-11-12 00:30:00,7850,7251.6727649028999
2014-11-12 01:00:00,6572,4279.2128125799318
2014-11-12 01:30:00,4748,2374.6452233066066
2014-11-12 02:00:00,3777,2859.6583123611708
2014-11-12 02:30:00,3255,5725.775005266978
2014-11-12 03:00:00,2415,5107.1579112173622
2014-11-12 03:30:00,2279,6907.0200003467326
2014-11-12 04:00:00,2353,7328.9290041146842
2014-11-12 04:30:00,2142,9895.1941082999292
2014-11-12 05:00:00,2540,11435.954299575713
2014-11-12 05:30:00,4177,13145.152682379352
2014-11-12 06:00:00,6843,14088.398009506909
2014-11-12 06:30:00,11818,12372.449759761965
2014-11-12 07:00:00,15665,11974.530333326293
2014-11-12 07:30:00,19785,15891.883265503286
2014-11-12 08:00:00,19813,18837.921145494114
2014-11-12 08:30:00,19623,18473.270165192844
2014-11-12 09:00:00,18444,16124.719674747706
2014-11-12 09:30:00,17937,15672.112107544623
2014-11-12 10:00:00,16552,18582.251557606214
2014-11-12 10:30:00,17394,18851.24754781567
2014-11-12 11:00:00,16960,16319.165861522804
2014-11-12 11:30:00,18105,14287.02872357968
2014-11-12 12:00:00,17724,12963.955763734197
2014-11-12 12:30:00,16327,13116.817212228047
2014-11-12 13:00:00,16527,14832.562612323025
2014-11-12 13:30:00,17290,16948.366597447486
2014-11-12 14:00:00,18042,17754.213565192505
2014-11-12 14:30:00,18250,17854.111684563271
2014-11-12 15:00:00,17656,16759.522485418183
2014-11-12 15:30:00,16288,17144.249373550851
2014-11-12 16:00:00,13992,18908.71105640498
2014-11-12 16:30:00,12912,21645.942761139115
2014-11-12 17:00:00,16032,24672.146695010819
2014-11-12 17:30:00,18814,23353.754744878541
2014-11-12 18:00:00,21296,21083.99364847954
2014-11-12 18:30:00,23115,20330.794771026787
2014-11-12 19:00:00,23859,20949.460817937659
2014-11-12 19:30:00,24749,21347.761896797165
2014-11-12 20:00:00,23879,21959.38862176449
2014-11-12 20:30:00,23815,18014.264775226169
2014-11-12 21:00:00,24595,11412.909646994265
2014-11-12 21:30:00,24494,8872.8750571252604
2014-11-12 22:00:00,24213,5723.8563804213518
2014-11-12 22:30:00,22931,6683.0945530023691
2014-11-12 23:00:00,20785,8348.6968272999511
2014-11-12 23:30:00,17464,7567.6493654693841
2014-11-13 00:00:00,13303,7523.2816765925536
2014-11-13 00:30:00,10350,7467.6502880369035
2014-11-13 01:00:00,7850,4495.9981288753988
2014-11-13 01:30:00,5961,1928.6387876069275
2014-11-13 02:00:00,5051,1945.8242023712428
2014-11-13 02:30:00,3833,4311.39910403867
2014-11-13 03:00:00,3006,5135.6185405318465
2014-11-13 03:30:00,2515,7434.6063634510137
2014-11-13 04:00:00,2816,8023.4397297112218
2014-11-13 04:30:00,2248,9607.421071666733
2014-11-13 05:00:00,2621,11692.271259924464
2014-11-13 05:30:00,4392,15563.230235074549
2014-11-13 06:00:00,7062,17878.661177129045
2014-11-13 06:30:00,12333,17648.796928467185
2014-11-13 07:00:00,15661,16992.526690524086
2014-11-13 07:30:00,19597,17559.819559068579
2014-11-13 08:00:00,20200,20627.576107369969
2014-11-13 08:30:00,19843,20829.618828367304
2014-11-13 09:00:00,19031,18855.402303569914
2014-11-13 09:30:00,18253,17815.062408734357
2014-11-13 10:00:00,17244,16591.767844636564
2014-11-13 10:30:00,17402,16094.346935551026
2014-11-13 11:00:00,17286,15867.601648992875
2014-11-13 11:30:00,18936,14742.072363916513
2014-11-13 12:00:00,18516,15949.795286194525
2014-11-13 12:30:00,17635,14001.842155377763
2014-11-13 13:00:00,17343,17381.649573255934
2014-11-13 13:30:00,19090,18539.013779027871
2014-11-13 14:00:00,19197,17835.232243921084
2014-11-13 14:30:00,19207,16598.869063162521
2014-11-13 15:00:00,18412,16097.121303507576
2014-11-13 15:30:00,16391,16748.698824043538
2014-11-13 16:00:00,13472,17241.278276969704
2014-11-13 16:30:00,12807,21920.197849838325
2014-11-13 17:00:00,16097,23731.315861343392
2014-11-13 17:30:00,19322,23450.28997660739
2014-11-13 18:00:00,21645,22560.229906889108
2014-11-13 18:30:00,22745,21962.941863506188
2014-11-13 19:00:00,24219,21735.708423342861
2014-11-13 19:30:00,25443,22248.717511316416
2014-11-13 20:00:00,25695,24194.32763304346
2014-11-13 20:30:00,25994,21552.949050965915
2014-11-13 21:00:00,26424,15648.371376091833
2014-11-13 21:30:00,25450,11818.629705804806
2014-11-13 22:00:00,24621,9503.6836280748284
2014-11-13 22:30:00,23727,9097.4274329183572
2014-11-13 23:00:00,22503,10331.121929889841
2014-11-13 23:30:00,20709,9339.690014615182
2014-11-14 00:00:00,17932,8233.4441467523266
2014-11-14 00:30:00,14668,9416.4226438471669
2014-11-14 01:00:00,11986,8584.5540008052249
2014-11-14 01:30:00,9213,5178.3650531520343
2014-11-14 02:00:00,7202,3317.8426667715321
2014-11-14 02:30:00,5552,4526.7521939623675
2014-11-14 03:00:00,5023,4772.4673577295998
2014-11-14 03:30:00,3900,7153.790091157729
2014-11-14 04:00:00,4039,7556.4273593114349
2014-11-14 04:30:00,2987,9015.100658287316
2014-11-14 05:00:00,3090,13708.203825151473
2014-11-14 05:30:00,4737,19178.305396720622
2014-11-14 06:00:00,7102,20700.3947348119
2014-11-14 06:30:00,12268,21117.395127208554
2014-11-14 07:00:00,15903,21315.119843617624
2014-11-14 07:30:00,20015,19722.629400567486
2014-11-14 08:00:00,20432,20159.150700429025
2014-11-14 08:30:00,20735,20684.156432184747
2014-11-14 09:00:00,19149,20160.269576456016
2014-11-14 09:30:00,18665,19715.001581330442
2014-11-14 10:00:00,17992,19764.674640992132
2014-11-14 10:30:00,17773,17273.689577459372
2014-11-14 11:00:00,17786,16845.779335291285
2014-11-14 11:30:00,18128,16531.924802234877
2014-11-14 12:00:00,18355,17335.802175229408
2014-11-14 12:30:00,17629,16091.855634363132
2014-11-14 13:00:00,17104,17511.124652033475
2014-11-14 13:30:00,18151,17687.070880875599
2014-11-14 14:00:00,18892,18093.25520634959
2014-11-14 14:30:00,19540,15891.65702862145
2014-11-14 15:00:00,18557,16021.382291428145
2014-11-14 15:30:00,16263,17604.561057786294
2014-11-14 16:00:00,14668,18390.758174315302
2014-11-14 16:30:00,13473,23215.069329720711
2014-11-14 17:00:00,16747,24979.73833109039
2014-11-14 17:30:00,20594,24654.659538684311
2014-11-14 18:00:00,23151,23687.023136482254
2014-11-14 18:30:00,25446,23362.320837210384
2014-11-14 19:00:00,27196,21514.138309547649
2014-11-14 19:30:00,26881,21817.537738491192
2014-11-14 20:00:00,25994,23827.619955313545
2014-11-14 20:30:00,25879,22446.299282595166
2014-11-14 21:00:00,26301,18184.242159747631
2014-11-14 21:30:00,27136,16061.745063886961
2014-11-14 22:00:00,26940,12141.401618049736
2014-11-14 22:30:00,26834,11110.771635622566
2014-11-14 23:00:00,26960,13581.69055081654
2014-11-14 23:30:00,26107,14181.96055872362
2014-11-15 00:00:00,25034,12197.106611408093
2014-11-15 00:30:00,24103,10124.793935768386
2014-11-15 01:00:00,22682,12131.478343517749
2014-11-15 01:30:00,20630,10771.222714133341
2014-11-15 02:00:00,19226,9002.9297799875167
2014-11-15 02:30:00,16555,8726.6243004976459
2014-11-15 03:00:00,14088,6994.4683981054168
2014-11-15 03:30:00,12491,8264.6100492787191
2014-11-15 04:00:00,10208,9610.4891014586301
2014-11-15 04:30:00,5853,8277.254157184303
2014-11-15 05:00:00,4019,8503.7657118412571
2014-11-15 05:30:00,3477,12825.614079642122
2014-11-15 06:00:00,3582,14518.047312353405
2014-11-15 06:30:00,4936,19390.312989547296
2014-11-15 07:00:00,5272,18833.570992065394
2014-11-15 07:30:00,7427,18778.605690656128
2014-11-15 08:00:00,8646,17493.512986928818
2014-11-15 08:30:00,12313,16122.81840484239
2014-11-15 09:00:00,13426,18779.344052528362
2014-11-15 09:30:00,17040,21724.620341161051
2014-11-15 10:00:00,16811,22990.233541225552
2014-11-15 10:30:00,19069,18403.879981979306
2014-11-15 11:00:00,19423,15097.803484613809
2014-11-15 11:30:00,21552,15808.61019638504
2014-11-15 12:00:00,21685,18021.01933856418
2014-11-15 12:30:00,22380,19164.010120307852
2014-11-15 13:00:00,21954,20676.618180455516
2014-11-15 13:30:00,21926,21951.425116326522
2014-11-15 14:00:00,21851,19884.391826555009
2014-11-15 14:30:00,22014,19072.510537573115
2014-11-15 15:00:00,22075,18797.947544223254
2014-11-15 15:30:00,20936,17603.249994067479
2014-11-15 16:00:00,18358,18315.554647571491
2014-11-15 16:30:00,15289,20385.761048390348
2014-11-15 17:00:00,17742,24327.654762179453
2014-11-15 17:30:00,21769,25605.635776624287
2014-11-15 18:00:00,24058,24672.842455851311
2014-11-15 18:30:00,26029,23504.999184925906
2014-11-15 19:00:00,27266,24255.236251931834
2014-11-15 19:30:00,26817,24446.630015384279
2014-11-15 20:00:00,25049,25577.247640581478
2014-11-15 20:30:00,23713,26295.82570938945
2014-11-15 21:00:00,23324,25268.67146935892
2014-11-15 21:30:00,23970,22661.168404050903
2014-11-15 22:00:00,26325,20636.902643910511
2014-11-15 22:30:00,26139,20409.072682045466
2014-11-15 23:00:00,27312,18683.582696538135
2014-11-15 23:30:00,28114,19482.967175222006
2014-11-16 00:00:00,26651,17513.183621362241
2014-11-16 00:30:00,25212,18245.914030231826
2014-11-16 01:00:00,24273,17774.778077063515
2014-11-16 01:30:00,22665,11490.070792282277
2014-11-16 02:00:00,21069,8625.9157457119036
2014-11-16 02:30:00,18803,9220.4578852674622
2014-11-16 03:00:00,16590,7538.2857768574349
2014-11-16 03:30:00,14414,7640.2795329181499
2014-11-16 04:00:00,12228,7245.0555985863557
2014-11-16 04:30:00,7230,7513.3461678083786
2014-11-16 05:00:00,4624,8841.854357240838
2014-11-16 05:30:00,3594,9575.2811777298757
2014-11-16 06:00:00,3332,13510.537735952334
2014-11-16 06:30:00,4083,18291.200771630251
2014-11-16 07:00:00,4416,20109.600508436768
2014-11-16 07:30:00,5214,18892.521658702804
2014-11-16 08:00:00,6429,17049.599911772188
2014-11-16 08:30:00,8898,15558.83546688862
2014-11-16 09:00:00,10911,17179.683573680031
2014-11-16 09:30:00,13475,19668.844289096385
2014-11-16 10:00:00,15157,25947.441519079977
2014-11-16 10:30:00,18595,24397.064717036788
2014-11-16 11:00:00,19233,24675.170553036267
2014-11-16 11:30:00,20372,24587.432781875745
2014-11-16 12:00:00,21847,22988.342203332264
2014-11-16 12:30:00,21695,21387.773246259399
2014-11-16 13:00:00,21880,22261.506206898441
2014-11-16 13:30:00,21047,22396.899438670916
2014-11-16 14:00:00,21107,22397.564949108804
2014-11-16 14:30:00,20602,22179.421348190823
2014-11-16 15:00:00,19817,21740.017263918715
2014-11-16 15:30:00,19310,22424.451737043306
2014-11-16 16:00:00,18479,22038.48998633138
2014-11-16 16:30:00,16296,20862.124462313801
2014-11-16 17:00:00,17751,18407.699860713077
2014-11-16 17:30:00,19230,19485.818812514535
2014-11-16 18:00:00,19883,20144.32695321539
2014-11-16 18:30:00,19768,21188.036616066973
2014-11-16 19:00:00,18931,21358.350708895548
2014-11-16 19:30:00,17936,20110.768848262975
2014-11-16 20:00:00,16360,21044.58761273526
2014-11-16 20:30:00,16885,20472.579681820156
2014-11-16 21:00:00,16000,19111.133516072026
2014-11-16 21:30:00,14902,16428.499842180434
2014-11-16 22:00:00,13707,17114.30948844372
2014-11-16 22:30:00,13406,16086.579819450673
2014-11-16 23:00:00,12021,15758.067928409722
2014-11-16 23:30:00,11115,14168.962804127465
2014-11-17 00:00:00,8317,12778.042010403451
2014-11-17 00:30:00,5887,10369.301991777018
2014-11-17 01:00:00,4464,7202.9269666897917
2014-11-17 01:30:00,3425,4580.3618376662653
2014-11-17 02:00:00,2961,-857.82463852762885
2014-11-17 02:30:00,2328,1896.6193466691275
2014-11-17 03:00:00,2020,3682.7470720319434
2014-11-17 03:30:00,1764,5623.5802194748885
2014-11-17 04:00:00,2139,8359.4471476881681
2014-11-17 04:30:00,2296,9575.9988333153524
2014-11-17 05:00:00,2960,9587.6243119040737
2014-11-17 05:30:00,5121,13606.939929768449
2014-11-17 06:00:00,7871,18964.233788807393
2014-11-17 06:30:00,11902,20440.453856311044
2014-11-17 07:00:00,14583,20493.748561820805
2014-11-17 07:30:00,17190,19427.659246293675
2014-11-17 08:00:00,18725,20470.983455820926
2014-11-17 08:30:00,18822,17238.724188874159
2014-11-17 09:00:00,17992,17753.039105050997
2014-11-17 09:30:00,17210,16234.132385595074
2014-11-17 10:00:00,15940,18925.525508565395
2014-11-17 10:30:00,17094,17387.257850331585
2014-11-17 11:00:00,15247,21805.858241137619
2014-11-17 11:30:00,16676,23385.738012839764
2014-11-17 12:00:00,16895,27269.755267192435
2014-11-17 12:30:00,17205,23644.475123970085
2014-11-17 13:00:00,17634,19599.821507022196
2014-11-17 13:30:00,18189,14785.000501838205
2014-11-17 14:00:00,19319,16846.320893952903
2014-11-17 14:30:00,18757,18292.763145081706
2014-11-17 15:00:00,17239,14920.252440777296
2014-11-17 15:30:00,14885,16649.377866810002
2014-11-17 16:00:00,13577,18438.495064903407
2014-11-17 16:30:00,13513,20608.074085970664
2014-11-17 17:00:00,15864,19852.598499714695
2014-11-17 17:30:00,18502,24427.779686030237
2014-11-17 18:00:00,20313,25114.393677459531
2014-11-17 18:30:00,20674,21941.465688083372
2014-11-17 19:00:00,21079,21056.211963797799
2014-11-17 19:30:00,21433,20244.190310099115
2014-11-17 20:00:00,20590,20954.687395970563
2014-11-17 20:30:00,19515,19060.600649179887
2014-11-17 21:00:00,20194,17992.228933580085
2014-11-17 21:30:00,19251,15507.68256536125
2014-11-17 22:00:00,18436,13156.608522298391
2014-11-17 22:30:00,16099,10395.08209732682
2014-11-17 23:00:00,14985,10064.639749337706
2014-11-17 23:30:00,11612,8839.3954150660411
2014-11-18 00:00:00,9828,8326.1693042394018
2014-11-18 00:30:00,7529,4858.9908051841594
2014-11-18 01:00:00,6162,2643.5865539531296
2014-11-18 01:30:00,4296,3266.9209935769049
2014-11-18 02:00:00,3090,3925.816633173381
2014-11-18 02:30:00,2366,5576.3054389487315
2014-11-18 03:00:00,2094,8587.3874859252373
2014-11-18 03:30:00,1831,9191.59055598546
2014-11-18 04:00:00,1987,12713.96366945589
2014-11-18 04:30:00,1936,15222.537906124122
2014-11-18 05:00:00,2346,12602.380745767703
2014-11-18 05:30:00,4328,13744.991527509523
2014-11-18 06:00:00,6935,13651.110844637276
2014-11-18 06:30:00,12642,13353.431047400334
2014-11-18 07:00:00,16037,9819.8566244893173
2014-11-18 07:30:00,20032,11881.049929483728
2014-11-18 08:00:00,20709,17159.579544781805
2014-11-18 08:30:00,20897,16411.184911413449
2014-11-18 09:00:00,20127,21536.333250418997
2014-11-18 09:30:00,19075,20605.346153433158
2014-11-18 10:00:00,17883,22568.532429579049
2014-11-18 10:30:00,17581,17951.740141314345
2014-11-18 11:00:00,16559,13285.326458540578
2014-11-18 11:30:00,17870,12295.559284286472
2014-11-18 12:00:00,18097,12237.802887135873
2014-11-18 12:30:00,17714,12848.418251728968
2014-11-18 13:00:00,17104,17449.371997078051
2014-11-18 13:30:00,17999,21242.866336542964
2014-11-18 14:00:00,19071,21127.879707392793
2014-11-18 14:30:00,19197,17652.097108342728
2014-11-18 15:00:00,19000,17495.126143787023
2014-11-18 15:30:00,17013,15172.544533205055
2014-11-18 16:00:00,14962,16552.96936078434
2014-11-18 16:30:00,13727,18805.736685013555
2014-11-18 17:00:00,16826,18617.276680914718
2014-11-18 17:30:00,20320,22286.459968425661
2014-11-18 18:00:00,23167,21432.3395644499
2014-11-18 18:30:00,23782,22816.075793337535
2014-11-18 19:00:00,24068,23747.693226615469
2014-11-18 19:30:00,24831,23748.219705554351
2014-11-18 20:00:00,25564,22397.032701005206
2014-11-18 20:30:00,25300,17605.796959129457
2014-11-18 21:00:00,25503,12310.714099370838
2014-11-18 21:30:00,24598,7311.4854192634157
2014-11-18 22:00:00,24120,4724.5395715048198
2014-11-18 22:30:00,22641,8992.3056279539887
2014-11-18 23:00:00,19722,9886.8763392311594
2014-11-18 23:30:00,15507,7714.4166036653014
2014-11-19 00:00:00,12079,7966.4863353038772
2014-11-19 00:30:00,8561,8025.0376692624222
2014-11-19 01:00:00,6632,4035.3643516736593
2014-11-19 01:30:00,4846,2521.7484933660799
2014-11-19 02:00:00,3996,1828.5150615055081
2014-11-19 02:30:00,3339,4106.891486620043
2014-11-19 03:00:00,2594,5048.2148909122971
2014-11-19 03:30:00,2315,8249.730882221018
2014-11-19 04:00:00,2462,8545.3134617297637
2014-11-19 04:30:00,2077,10614.572473332593
2014-11-19 05:00:00,2448,11390.344952343119
2014-11-19 05:30:00,4656,14358.449220756353
2014-11-19 06:00:00,7055,16604.89390461829
2014-11-19 06:30:00,12903,16207.162792538489
2014-11-19 07:00:00,16639,16903.029668850268
2014-11-19 07:30:00,20585,17926.064405828547
2014-11-19 08:00:00,21833,21825.089804876778
2014-11-19 08:30:00,21453,23415.845371156684
2014-11-19 09:00:00,20023,20822.648595886028
2014-11-19 09:30:00,18790,18861.616103839689
2014-11-19 10:00:00,18382,18554.63056676622
2014-11-19 10:30:00,17956,15342.934134405861
2014-11-19 11:00:00,17477,14030.630592437832
2014-11-19 11:30:00,18590,13734.795391720283
2014-11-19 12:00:00,18409,14547.871969917333
2014-11-19 12:30:00,18020,15860.248188454225
2014-11-19 13:00:00,16950,17866.396482903001
2014-11-19 13:30:00,17826,20786.284348693294
2014-11-19 14:00:00,18105,20456.54968075129
2014-11-19 14:30:00,18187,18746.18162131268
2014-11-19 15:00:00,18565,16081.223462989401
2014-11-19 15:30:00,16454,15468.128561824671
2014-11-19 16:00:00,14355,17905.185435443716
2014-11-19 16:30:00,13109,22329.490888639139
2014-11-19 17:00:00,15924,23042.908918543821
2014-11-19 17:30:00,19175,22082.749418502855
2014-11-19 18:00:00,21521,20122.310331008324
2014-11-19 18:30:00,22762,21880.363728954209
2014-11-19 19:00:00,23889,21291.718270226083
2014-11-19 19:30:00,24408,22678.843165606402
2014-11-19 20:00:00,24501,23332.751298022806
2014-11-19 20:30:00,24316,20780.368934184589
2014-11-19 21:00:00,24362,13223.316896795764
2014-11-19 21:30:00,24032,9677.3704781623983
2014-11-19 22:00:00,23174,8778.1292331134864
2014-11-19 22:30:00,22453,10687.697452412991
2014-11-19 23:00:00,20964,10419.195858075866
2014-11-19 23:30:00,18142,9335.0292833965541
2014-11-20 00:00:00,14466,9109.4631221367563
2014-11-20 00:30:00,10771,9310.6032142424574
2014-11-20 01:00:00,8100,6124.791965994149
2014-11-20 01:30:00,5976,3140.5568392519799
2014-11-20 02:00:00,5000,2501.8250817917906
2014-11-20 02:30:00,3727,5186.857506766506
2014-11-20 03:00:00,2984,6554.117621190253
2014-11-20 03:30:00,2584,9058.7541830898917
2014-11-20 04:00:00,2591,9537.1924394787056
2014-11-20 04:30:00,2253,13113.078796300873
2014-11-20 05:00:00,2489,14599.464801655469
2014-11-20 05:30:00,4419,18233.341877249586
2014-11-20 06:00:00,7014,19677.499146237227
2014-11-20 06:30:00,12470,20187.050797450967
2014-11-20 07:00:00,16549,19645.512096973383
2014-11-20 07:30:00,19879,19851.653116332982
2014-11-20 08:00:00,20437,21399.763604618052
2014-11-20 08:30:00,19549,21542.022001728183
2014-11-20 09:00:00,18639,20758.276431017821
2014-11-20 09:30:00,18683,19992.380261225022
2014-11-20 10:00:00,18486,20092.079737510398
2014-11-20 10:30:00,18014,20790.389413897057
2014-11-20 11:00:00,16720,17155.393249702673
2014-11-20 11:30:00,18570,15832.371806124123
2014-11-20 12:00:00,18309,16378.865308022352
2014-11-20 12:30:00,17294,16230.968366051462
2014-11-20 13:00:00,16699,17883.803748274844
2014-11-20 13:30:00,17819,19008.726516661885
2014-11-20 14:00:00,18227,17837.717083195086
2014-11-20 14:30:00,18586,16829.411150599743
2014-11-20 15:00:00,18078,16339.589271461751
2014-11-20 15:30:00,15656,17270.586508983135
2014-11-20 16:00:00,12989,19193.190139636237
2014-11-20 16:30:00,11740,22595.59687191583
2014-11-20 17:00:00,14934,24728.062027903943
2014-11-20 17:30:00,18494,24075.98417929991
2014-11-20 18:00:00,21215,22664.388959510597
2014-11-20 18:30:00,23643,23105.263983288201
2014-11-20 19:00:00,24623,20126.574395751399
2014-11-20 19:30:00,24564,20924.422973856344
2014-11-20 20:00:00,25305,23601.149650978507
2014-11-20 20:30:00,25039,21255.237253389107
2014-11-20 21:00:00,25351,16237.535525437694
2014-11-20 21:30:00,24526,12874.603911176306
2014-11-20 22:00:00,24739,9235.674971252407
2014-11-20 22:30:00,23638,11938.447418817344
2014-11-20 23:00:00,21861,12673.383172551319
2014-11-20 23:30:00,21500,11459.136323121245
2014-11-21 00:00:00,19838,9632.4814597665973
2014-11-21 00:30:00,16307,7918.8123126052687
2014-11-21 01:00:00,12324,9597.7916189598327
2014-11-21 01:30:00,10006,5653.3970598299129
2014-11-21 02:00:00,8077,4370.2490409631064
2014-11-21 02:30:00,6355,4513.1339536497526
2014-11-21 03:00:00,5091,4481.5231027867594
2014-11-21 03:30:00,4247,6650.4700121176666
2014-11-21 04:00:00,4440,7087.6791221550038
2014-11-21 04:30:00,3089,9300.7702842336585
2014-11-21 05:00:00,2930,12861.574786041767
2014-11-21 05:30:00,4782,19152.204368072304
2014-11-21 06:00:00,7250,20840.560435867963
2014-11-21 06:30:00,12167,21391.565846977181
2014-11-21 07:00:00,15235,21860.536552203674
2014-11-21 07:30:00,20053,19009.816837007256
2014-11-21 08:00:00,20654,19549.675329119349
2014-11-21 08:30:00,21158,20401.415568511398
2014-11-21 09:00:00,19863,19119.6966337788
2014-11-21 09:30:00,18775,19191.752456167575
2014-11-21 10:00:00,18346,18674.595475960377
2014-11-21 10:30:00,18645,14990.033461365803
2014-11-21 11:00:00,17986,15297.165590762743
2014-11-21 11:30:00,19070,15011.808753874122
2014-11-21 12:00:00,18901,16345.662440908562
2014-11-21 12:30:00,17585,15585.882870463471
2014-11-21 13:00:00,17309,16392.594361303069
2014-11-21 13:30:00,18226,15956.379403415722
2014-11-21 14:00:00,18788,15661.135629493101
2014-11-21 14:30:00,19103,13851.998509820431
2014-11-21 15:00:00,18261,14131.812316135642
2014-11-21 15:30:00,15945,16192.940571090621
2014-11-21 16:00:00,14181,18819.616113589051
2014-11-21 16:30:00,12992,22595.388805725361
2014-11-21 17:00:00,15847,25307.052718020936
2014-11-21 17:30:00,19426,24480.084227261636
2014-11-21 18:00:00,22514,23689.606560782078
2014-11-21 18:30:00,24457,23056.0628832111
2014-11-21 19:00:00,26156,21174.100492471112
2014-11-21 19:30:00,26677,22544.304145636648
2014-11-21 20:00:00,26217,25231.152543743956
2014-11-21 20:30:00,26289,23549.138797559979
2014-11-21 21:00:00,26370,20005.45719739993
2014-11-21 21:30:00,26344,17039.687075971331
2014-11-21 22:00:00,26736,11608.401541995787
2014-11-21 22:30:00,27093,11002.154222830057
2014-11-21 23:00:00,27569,12889.533214442223
2014-11-21 23:30:00,27064,13995.229206963244
2014-11-22 00:00:00,26220,11219.566898147814
2014-11-22 00:30:00,24289,8649.2427782150116
2014-11-22 01:00:00,22849,11748.118116293468
2014-11-22 01:30:00,20731,10156.419174045046
2014-11-22 02:00:00,19081,8482.082820735046
2014-11-22 02:30:00,16573,8347.4025324969625
2014-11-22 03:00:00,14188,6689.1099006773438
2014-11-22 03:30:00,12213,6952.1212678914217
2014-11-22 04:00:00,10145,7388.4455757798069
2014-11-22 04:30:00,5902,7616.9128514257436
2014-11-22 05:00:00,3983,8805.3437703579384
2014-11-22 05:30:00,3556,13413.305133065427
2014-11-22 06:00:00,3651,14410.826730183817
2014-11-22 06:30:00,5153,18879.782261402281
2014-11-22 07:00:00,5379,18151.376331295443
2014-11-22 07:30:00,7174,18570.267102618702
2014-11-22 08:00:00,9070,16848.196792703999
2014-11-22 08:30:00,12114,15121.14282075852
2014-11-22 09:00:00,13665,18310.235418562064
2014-11-22 09:30:00,17463,21805.507989803125
2014-11-22 10:00:00,17209,22199.557294569244
2014-11-22 10:30:00,20299,17731.424724441698
2014-11-22 11:00:00,20255,15708.446350182654
2014-11-22 11:30:00,22981,14733.868852597003
2014-11-22 12:00:00,23368,16767.781675362494
2014-11-22 12:30:00,23444,19694.924032022369
2014-11-22 13:00:00,22610,20525.930713836064
2014-11-22 13:30:00,22258,20836.34188128492
2014-11-22 14:00:00,21160,18872.087958292432
2014-11-22 14:30:00,22960,17607.25056063211
2014-11-22 15:00:00,23007,19165.211765460353
2014-11-22 15:30:00,21145,18715.393698076907
2014-11-22 16:00:00,18440,18497.54010726506
2014-11-22 16:30:00,16028,21156.821050259878
2014-11-22 17:00:00,19101,23788.89924430049
2014-11-22 17:30:00,22361,25354.644233863102
2014-11-22 18:00:00,24256,25870.570768288526
2014-11-22 18:30:00,26410,23692.781752467337
2014-11-22 19:00:00,27377,24337.004322579902
2014-11-22 19:30:00,26255,25122.185140803529
2014-11-22 20:00:00,23977,25621.137955214515
2014-11-22 20:30:00,23565,26883.057969635545
2014-11-22 21:00:00,22703,26264.464027969829
2014-11-22 21:30:00,23078,24309.709571724525
2014-11-22 22:00:00,25755,23383.493161822647
2014-11-22 22:30:00,27028,21331.740464705796
2014-11-22 23:00:00,28126,18636.25334628276
2014-11-22 23:30:00,28472,18679.227126195219
2014-11-23 00:00:00,27424,18199.106012620017
2014-11-23 00:30:00,25493,18926.016987652649
2014-11-23 01:00:00,24876,17460.632209307427
2014-11-23 01:30:00,22639,10453.39666586899
2014-11-23 02:00:00,21013,8014.882024253182
2014-11-23 02:30:00,19100,8287.290478289844
2014-11-23 03:00:00,16662,7068.2212740600735
2014-11-23 03:30:00,14489,7023.4867629837308
2014-11-23 04:00:00,12023,7295.4638751914918
2014-11-23 04:30:00,7069,7891.4799679005118
2014-11-23 05:00:00,4453,8796.5545940596858
2014-11-23 05:30:00,3483,9610.8097001635724
2014-11-23 06:00:00,3479,14021.203260983497
2014-11-23 06:30:00,3968,18807.771768178849
2014-11-23 07:00:00,4092,21139.194134978534
2014-11-23 07:30:00,5877,19353.692633541752
2014-11-23 08:00:00,6845,16938.220711173137
2014-11-23 08:30:00,8283,15478.08802694638
2014-11-23 09:00:00,10231,17249.195751339856
2014-11-23 09:30:00,13189,19162.149145034517
2014-11-23 10:00:00,14458,25541.325103638694
2014-11-23 10:30:00,17284,24017.686249245809
2014-11-23 11:00:00,17800,24122.423359840283
2014-11-23 11:30:00,19509,23677.026399365772
2014-11-23 12:00:00,20547,22242.913001451932
2014-11-23 12:30:00,20211,20548.754236764773
2014-11-23 13:00:00,20041,21547.381990638212
2014-11-23 13:30:00,19619,21300.697184128996
2014-11-23 14:00:00,19947,21958.500765443587
2014-11-23 14:30:00,19844,21816.237948211085
2014-11-23 15:00:00,19088,21049.442617370867
2014-11-23 15:30:00,19237,21674.423164710424
2014-11-23 16:00:00,18316,21603.814887894645
2014-11-23 16:30:00,16996,20363.627537353645
2014-11-23 17:00:00,18134,17617.402719065969
2014-11-23 17:30:00,19633,19052.003140036486
2014-11-23 18:00:00,20204,20686.397071730917
2014-11-23 18:30:00,19810,20286.024941317221
2014-11-23 19:00:00,17925,20475.264271003987
2014-11-23 19:30:00,16938,19172.29082846595
2014-11-23 20:00:00,15096,19737.365962508007
2014-11-23 20:30:00,15539,19028.509930996141
2014-11-23 21:00:00,14806,17672.331999106587
2014-11-23 21:30:00,15035,16011.247148185457
2014-11-23 22:00:00,13285,16126.092989081822
2014-11-23 22:30:00,12090,15138.492595957459
2014-11-23 23:00:00,10552,15533.306866813196
2014-11-23 23:30:00,9136,12524.205152953677
2014-11-24 00:00:00,8106,14325.119417866286
2014-11-24 00:30:00,7020,10886.704432139059
2014-11-24 01:00:00,5562,8196.8981275710103
2014-11-24 01:30:00,3917,5732.6489839735041
2014-11-24 02:00:00,3592,-1986.1248569266154
2014-11-24 02:30:00,2637,881.47387218424046
2014-11-24 03:00:00,2031,5317.5190665521623
2014-11-24 03:30:00,1900,6383.0976406332938
2014-11-24 04:00:00,2172,9186.4489308224111
2014-11-24 04:30:00,2008,11879.491463505334
2014-11-24 05:00:00,2546,11304.425665484971
2014-11-24 05:30:00,4409,13555.859831777741
2014-11-24 06:00:00,7269,17140.267375379924
2014-11-24 06:30:00,11863,20085.882141929622
2014-11-24 07:00:00,14244,19126.353585691744
2014-11-24 07:30:00,17238,17547.466163216264
2014-11-24 08:00:00,18382,17664.274088355072
2014-11-24 08:30:00,17940,14883.73250745736
2014-11-24 09:00:00,17447,16164.093241542541
2014-11-24 09:30:00,16773,16231.562674233059
2014-11-24 10:00:00,15319,17869.860000898712
2014-11-24 10:30:00,15867,16858.030577703579
2014-11-24 11:00:00,15751,20377.973245747398
2014-11-24 11:30:00,17462,21669.614250714494
2014-11-24 12:00:00,16292,28247.627715956474
2014-11-24 12:30:00,16317,23942.578618501779
2014-11-24 13:00:00,16104,20947.03853695386
2014-11-24 13:30:00,16967,17123.776976323643
2014-11-24 14:00:00,17035,17990.164603647652
2014-11-24 14:30:00,17976,16958.335152446161
2014-11-24 15:00:00,18230,14630.703577961831
2014-11-24 15:30:00,16521,16316.312148012934
2014-11-24 16:00:00,14887,17230.933971840095
2014-11-24 16:30:00,13707,20765.542009227785
2014-11-24 17:00:00,16596,21376.891281699751
2014-11-24 17:30:00,18683,24158.775667610455
2014-11-24 18:00:00,20289,24682.267383770042
2014-11-24 18:30:00,21377,22722.711301086598
2014-11-24 19:00:00,21962,20832.931141357938
2014-11-24 19:30:00,21126,19204.162544962797
2014-11-24 20:00:00,20531,20515.182691159931
2014-11-24 20:30:00,19217,18806.782930856913
2014-11-24 21:00:00,19353,18564.936076755333
2014-11-24 21:30:00,19109,14561.895433529153
2014-11-24 22:00:00,18814,12183.900949953149
2014-11-24 22:30:00,17036,9569.0101789752171
2014-11-24 23:00:00,14147,8223.8849634088583
2014-11-24 23:30:00,11595,8421.5543320879478
2014-11-25 00:00:00,10091,8919.5525782122204
2014-11-25 00:30:00,7575,4511.681069744347
2014-11-25 01:00:00,5977,1324.9990246001144
2014-11-25 01:30:00,4705,3819.594941825173
2014-11-25 02:00:00,3796,4655.9398407473655
2014-11-25 02:30:00,2894,7311.8198894617144
2014-11-25 03:00:00,2471,10289.597608012617
2014-11-25 03:30:00,2115,12258.902343435213
2014-11-25 04:00:00,2474,12027.253174353225
2014-11-25 04:30:00,2285,12059.926747329002
2014-11-25 05:00:00,2538,11003.885611271588
2014-11-25 05:30:00,4380,10467.213797934928
2014-11-25 06:00:00,6537,10587.347358855244
2014-11-25 06:30:00,11238,11105.326593373497
2014-11-25 07:00:00,14764,10815.965110149966
2014-11-25 07:30:00,18187,12884.644547406886
2014-11-25 08:00:00,18885,16691.011987550872
2014-11-25 08:30:00,19188,15956.596362140452
2014-11-25 09:00:00,18398,21101.805402848189
2014-11-25 09:30:00,18057,20013.652011191563
2014-11-25 10:00:00,16899,22583.49035305349
2014-11-25 10:30:00,17137,17522.569256979681
2014-11-25 11:00:00,16203,14068.563073488956
2014-11-25 11:30:00,17742,11783.438387347796
2014-11-25 12:00:00,17843,11367.18058010238
2014-11-25 12:30:00,17866,13101.896988415676
2014-11-25 13:00:00,17548,18728.132731198057
2014-11-25 13:30:00,18306,21485.892225935058
2014-11-25 14:00:00,18577,21671.660686471205
2014-11-25 14:30:00,18506,17829.135385357957
2014-11-25 15:00:00,18691,16017.051811752635
2014-11-25 15:30:00,15729,13256.541906988146
2014-11-25 16:00:00,13396,16744.320853043479
2014-11-25 16:30:00,11923,18569.50508251951
2014-11-25 17:00:00,14463,18241.97418563427
2014-11-25 17:30:00,17026,20772.598354342499
2014-11-25 18:00:00,19078,20539.56682368699
2014-11-25 18:30:00,20439,20950.650790854197
2014-11-25 19:00:00,20776,21854.034882409436
2014-11-25 19:30:00,20941,24359.450430188059
2014-11-25 20:00:00,20209,21649.743437080884
2014-11-25 20:30:00,19987,17526.728249684042
2014-11-25 21:00:00,19952,9680.5526170150824
2014-11-25 21:30:00,19234,3493.9476051154907
2014-11-25 22:00:00,18455,3045.4369824709138
2014-11-25 22:30:00,18097,6444.464391769523
2014-11-25 23:00:00,17461,8985.1726166372246
2014-11-25 23:30:00,16002,11351.249325927976
2014-11-26 00:00:00,13400,9475.5710172848376
2014-11-26 00:30:00,10978,9050.8126688463562
2014-11-26 01:00:00,8613,6662.5453352540972
2014-11-26 01:30:00,6446,3823.7768091992257
2014-11-26 02:00:00,5205,3608.6649437671877
2014-11-26 02:30:00,4118,6059.2294321385834
2014-11-26 03:00:00,3510,6267.4940322635284
2014-11-26 03:30:00,3249,8185.029757956675
2014-11-26 04:00:00,3698,8215.582074763488
2014-11-26 04:30:00,3584,9990.4122348894016
2014-11-26 05:00:00,3622,10861.144685704327
2014-11-26 05:30:00,4987,13361.1592116428
2014-11-26 06:00:00,7213,15330.78138984223
2014-11-26 06:30:00,10827,14702.610012750862
2014-11-26 07:00:00,14141,12635.142868766217
2014-11-26 07:30:00,16965,14173.435273188514
2014-11-26 08:00:00,19391,17051.173609048165
2014-11-26 08:30:00,19557,17898.366940726217
2014-11-26 09:00:00,19067,17625.207661380315
2014-11-26 09:30:00,18807,19881.430081815477
2014-11-26 10:00:00,18232,20959.711501245474
2014-11-26 10:30:00,18999,21669.517510426474
2014-11-26 11:00:00,18896,19319.092462977591
2014-11-26 11:30:00,19764,16672.537917720452
2014-11-26 12:00:00,20227,16019.644827260543
2014-11-26 12:30:00,19602,16255.27644836593
2014-11-26 13:00:00,20456,15516.73141665175
2014-11-26 13:30:00,19580,18617.980615176137
2014-11-26 14:00:00,19156,17608.555975894171
2014-11-26 14:30:00,19572,16790.793172779475
2014-11-26 15:00:00,18925,16312.708783674731
2014-11-26 15:30:00,17545,15528.411314631614
2014-11-26 16:00:00,15465,15682.989446774123
2014-11-26 16:30:00,14104,19226.65405642927
2014-11-26 17:00:00,16996,20882.310947832375
2014-11-26 17:30:00,20113,20816.946511956452
2014-11-26 18:00:00,21015,18970.382935441605
2014-11-26 18:30:00,21580,19000.893120628367
2014-11-26 19:00:00,22501,18959.838189040842
2014-11-26 19:30:00,21159,20161.607707619769
2014-11-26 20:00:00,18991,21531.930619807186
2014-11-26 20:30:00,18046,17068.048769996742
2014-11-26 21:00:00,18300,12113.151373871573
2014-11-26 21:30:00,18538,6656.1829082770219
2014-11-26 22:00:00,17170,3782.9759314554212
2014-11-26 22:30:00,17081,3290.9081325324842
2014-11-26 23:00:00,15613,8333.7636095643466
2014-11-26 23:30:00,13718,7889.2745720785369
2014-11-27 00:00:00,13522,6740.0281421897162
2014-11-27 00:30:00,11323,7988.3978385240871
2014-11-27 01:00:00,10315,7644.0150946992162
2014-11-27 01:30:00,8870,4089.1956064580936
2014-11-27 02:00:00,8150,3904.8025021780086
2014-11-27 02:30:00,7209,5819.5619637783475
2014-11-27 03:00:00,6018,6554.5836283642384
2014-11-27 03:30:00,5819,8167.5952657208045
2014-11-27 04:00:00,5291,7743.5544902544752
2014-11-27 04:30:00,4127,10498.21704554387
2014-11-27 05:00:00,3540,10746.020033470168
2014-11-27 05:30:00,3715,12705.418175495895
2014-11-27 06:00:00,4613,14391.764433742936
2014-11-27 06:30:00,5500,15113.478548731706
2014-11-27 07:00:00,5955,15205.091640986226
2014-11-27 07:30:00,6512,15385.197481687643
2014-11-27 08:00:00,7076,14072.953960627789
2014-11-27 08:30:00,7813,14320.88093070471
2014-11-27 09:00:00,8365,18627.099416777051
2014-11-27 09:30:00,9013,20494.191903902243
2014-11-27 10:00:00,9695,20682.020906427097
2014-11-27 10:30:00,11389,18537.480899393708
2014-11-27 11:00:00,12701,19422.390120139418
2014-11-27 11:30:00,13400,19907.678220665544
2014-11-27 12:00:00,13282,19724.071867786726
2014-11-27 12:30:00,13542,19469.835045300817
2014-11-27 13:00:00,13538,19714.008517144175
2014-11-27 13:30:00,13663,19380.199788911727
2014-11-27 14:00:00,13980,17744.523022339341
2014-11-27 14:30:00,14673,15844.597820754081
2014-11-27 15:00:00,14614,14625.325055845877
2014-11-27 15:30:00,15255,14329.541403229818
2014-11-27 16:00:00,13560,12441.579114233746
2014-11-27 16:30:00,13120,12099.2353900257
2014-11-27 17:00:00,13273,12667.525402271987
2014-11-27 17:30:00,13334,14191.987263138244
2014-11-27 18:00:00,12930,13214.769244731724
2014-11-27 18:30:00,13683,12602.472156872778
2014-11-27 19:00:00,13682,13534.258898945769
2014-11-27 19:30:00,14106,13389.701441614458
2014-11-27 20:00:00,14088,16588.88383801324
2014-11-27 20:30:00,14417,18077.92659283922
2014-11-27 21:00:00,15187,16846.914928044029
2014-11-27 21:30:00,15280,12927.488023814034
2014-11-27 22:00:00,15654,9806.2752666131455
2014-11-27 22:30:00,13989,8540.7185597232328
2014-11-27 23:00:00,12592,7655.2751780378458
2014-11-27 23:30:00,11811,6171.6815879501446
2014-11-28 00:00:00,9653,7118.3501125737857
2014-11-28 00:30:00,7791,6911.4351772037753
2014-11-28 01:00:00,6862,7329.3520924982686
2014-11-28 01:30:00,5644,6370.725063447815
2014-11-28 02:00:00,4639,5940.3334880015518
2014-11-28 02:30:00,3673,7999.1703351346159
2014-11-28 03:00:00,2945,7933.3672080056131
2014-11-28 03:30:00,2875,7471.6502062214622
2014-11-28 04:00:00,2883,5611.9542312691683
2014-11-28 04:30:00,2165,6528.8897373131331
2014-11-28 05:00:00,1902,6860.0824687057648
2014-11-28 05:30:00,2226,7506.3641725072221
2014-11-28 06:00:00,2870,9453.9041906152233
2014-11-28 06:30:00,4313,9780.742224359903
2014-11-28 07:00:00,4936,10026.990844216742
2014-11-28 07:30:00,6240,10630.67497683369
2014-11-28 08:00:00,7376,12480.909814465158
2014-11-28 08:30:00,8850,13049.952765968212
2014-11-28 09:00:00,9864,14085.66850000751
2014-11-28 09:30:00,10863,15635.246206638983
2014-11-28 10:00:00,11900,17211.858977074502
2014-11-28 10:30:00,12969,16719.983664645046
2014-11-28 11:00:00,14045,17778.756990326397
2014-11-28 11:30:00,15281,17041.008694130924
2014-11-28 12:00:00,16153,17306.252807210632
2014-11-28 12:30:00,17025,15142.068033851314
2014-11-28 13:00:00,17596,16031.121585584184
2014-11-28 13:30:00,18437,16747.505574052077
2014-11-28 14:00:00,17777,15018.070913558775
2014-11-28 14:30:00,18774,13017.317053084735
2014-11-28 15:00:00,18868,13846.609081853048
2014-11-28 15:30:00,19046,14900.449000514272
2014-11-28 16:00:00,17706,16124.373046440802
2014-11-28 16:30:00,16591,17693.885800243337
2014-11-28 17:00:00,18951,20077.035285197013
2014-11-28 17:30:00,20519,21022.614319151398
2014-11-28 18:00:00,20626,20542.57716559769
2014-11-28 18:30:00,21227,19960.58635708347
2014-11-28 19:00:00,22716,20743.856340744307
2014-11-28 19:30:00,21044,21107.899908287261
2014-11-28 20:00:00,18862,20890.252218914222
2014-11-28 20:30:00,18821,18261.786666406544
2014-11-28 21:00:00,18485,14069.98916439688
2014-11-28 21:30:00,18416,12390.872791229973
2014-11-28 22:00:00,19806,11282.208134380058
2014-11-28 22:30:00,19671,11488.840570528908
2014-11-28 23:00:00,19234,12981.849238133738
2014-11-28 23:30:00,17725,13468.983196661393
2014-11-29 00:00:00,16089,9669.466096918115
2014-11-29 00:30:00,14561,9535.6283521283203
2014-11-29 01:00:00,13292,7478.4283849047015
2014-11-29 01:30:00,12000,6204.1992755738356
2014-11-29 02:00:00,10967,5377.2537757544706
2014-11-29 02:30:00,9747,4932.6156314124928
2014-11-29 03:00:00,8556,3909.3587887688045
2014-11-29 03:30:00,8342,5649.587179390508
2014-11-29 04:00:00,7178,7976.1952484332287
2014-11-29 04:30:00,4441,7372.7483492992969
2014-11-29 05:00:00,2747,7318.9568207474404
2014-11-29 05:30:00,2489,7722.5639776091493
2014-11-29 06:00:00,2283,8436.9824902712462
2014-11-29 06:30:00,3109,9189.3579220907923
2014-11-29 07:00:00,3380,9953.8478117937957
2014-11-29 07:30:00,4628,9898.0147428289747
2014-11-29 08:00:00,5291,10276.634471973604
2014-11-29 08:30:00,7405,12224.544090176409
2014-11-29 09:00:00,9044,14694.586275045003
2014-11-29 09:30:00,11193,14892.048191811235
2014-11-29 10:00:00,12541,15812.086088555479
2014-11-29 10:30:00,15281,16184.9467625825
2014-11-29 11:00:00,15551,17343.923287490539
2014-11-29 11:30:00,17665,17695.304111764657
2014-11-29 12:00:00,18499,18818.599999350168
2014-11-29 12:30:00,18680,17652.69023179762
2014-11-29 13:00:00,19621,19169.380185232454
2014-11-29 13:30:00,19830,19665.301346982229
2014-11-29 14:00:00,19187,20601.977947055013
2014-11-29 14:30:00,19999,19327.482374904597
2014-11-29 15:00:00,19722,19046.830991174014
2014-11-29 15:30:00,20600,17972.457376994797
2014-11-29 16:00:00,19125,17689.966707746509
2014-11-29 16:30:00,16658,14978.172474566289
2014-11-29 17:00:00,18684,14667.903735338397
2014-11-29 17:30:00,20891,14203.563983313486
2014-11-29 18:00:00,21554,15529.823842541486
2014-11-29 18:30:00,22678,17616.360612731933
2014-11-29 19:00:00,24055,20369.952779853775
2014-11-29 19:30:00,23418,22032.119545330272
2014-11-29 20:00:00,20196,22563.438103246528
2014-11-29 20:30:00,19676,21616.600201057379
2014-11-29 21:00:00,19566,18508.777256688008
2014-11-29 21:30:00,19272,17148.931613603356
2014-11-29 22:00:00,20686,13295.332544860328
2014-11-29 22:30:00,21659,12370.229978083376
2014-11-29 23:00:00,21154,12885.639072357124
2014-11-29 23:30:00,21170,12856.969967073634
2014-11-30 00:00:00,20149,11946.089287506857
2014-11-30 00:30:00,18555,10576.03621494129
2014-11-30 01:00:00,17768,8304.4685736058582
2014-11-30 01:30:00,15608,7019.4611929990315
2014-11-30 02:00:00,14966,4837.7409878744475
2014-11-30 02:30:00,13074,5968.2635731454284
2014-11-30 03:00:00,11332,5012.6280464042993
2014-11-30 03:30:00,9965,6020.7991490201202
2014-11-30 04:00:00,9167,7167.7901636787001
2014-11-30 04:30:00,5520,6675.4015996011767
2014-11-30 05:00:00,3812,4914.28644705638
2014-11-30 05:30:00,3123,5589.2704467826006
2014-11-30 06:00:00,3103,8498.2064443243617
2014-11-30 06:30:00,3777,10790.121624139401
2014-11-30 07:00:00,3699,11376.228728025102
2014-11-30 07:30:00,4968,10925.581918146956
2014-11-30 08:00:00,5630,11751.98516724004
2014-11-30 08:30:00,7422,12509.128237877778
2014-11-30 09:00:00,9123,14675.055560034532
2014-11-30 09:30:00,10981,15072.575903877305
2014-11-30 10:00:00,12227,16964.426384904316
2014-11-30 10:30:00,15247,17876.854220113295
2014-11-30 11:00:00,14970,20452.076352607011
2014-11-30 11:30:00,16912,21466.215624120257
2014-11-30 12:00:00,17420,21708.361059384584
2014-11-30 12:30:00,18336,21877.158397417272
2014-11-30 13:00:00,18091,23177.74071424907
2014-11-30 13:30:00,17841,23346.949033754103
2014-11-30 14:00:00,18946,21602.775601043566
2014-11-30 14:30:00,19156,20380.089661473903
2014-11-30 15:00:00,18159,20824.267271299606
2014-11-30 15:30:00,17805,20158.014794915172
2014-11-30 16:00:00,16838,20437.963459224546
2014-11-30 16:30:00,15906,20661.577967607587
2014-11-30 17:00:00,16917,18743.551045126351
2014-11-30 17:30:00,17670,16020.922941919487
2014-11-30 18:00:00,17941,14676.400858549241
2014-11-30 18:30:00,18093,15174.033056648179
2014-11-30 19:00:00,17587,16498.685907380841
2014-11-30 19:30:00,16867,17369.074346886518
2014-11-30 20:00:00,15693,19374.521491735519
2014-11-30 20:30:00,15342,19737.968576295956
2014-11-30 21:00:00,13821,18077.700061524618
2014-11-30 21:30:00,14083,16054.538806953515
2014-11-30 22:00:00,13714,14594.446313977956
2014-11-30 22:30:00,12119,12017.35335250332
2014-11-30 23:00:00,9904,8679.9048530204473
2014-11-30 23:30:00,8970,5780.8100423685137
2014-12-01 00:00:00,7706,10235.546888413935
2014-12-01 00:30:00,5494,8680.8273184691752
2014-12-01 01:00:00,4249,6598.3912637686863
2014-12-01 01:30:00,2891,5694.3850507178358
2014-12-01 02:00:00,2632,1695.7711382026555
2014-12-01 02:30:00,2192,2123.4411215186992
2014-12-01 03:00:00,1648,1392.4523858393677
2014-12-01 03:30:00,1639,3926.4612517552687
2014-12-01 04:00:00,1913,5605.1502201680923
2014-12-01 04:30:00,2142,9273.9892248245633
2014-12-01 05:00:00,2909,9430.9785543290382
2014-12-01 05:30:00,4587,11931.671861368055
2014-12-01 06:00:00,7235,14351.451622460521
2014-12-01 06:30:00,11448,13681.26392830749
2014-12-01 07:00:00,14106,13899.811778543313
2014-12-01 07:30:00,17184,15003.46926192785
2014-12-01 08:00:00,18306,17626.162975518855
2014-12-01 08:30:00,18746,17578.225670337808
2014-12-01 09:00:00,17914,18866.847763482419
2014-12-01 09:30:00,16699,17973.416863891576
2014-12-01 10:00:00,15681,18931.673484280116
2014-12-01 10:30:00,15210,17138.333946733677
2014-12-01 11:00:00,14532,18769.935642570552
2014-12-01 11:30:00,15985,19609.837170666062
2014-12-01 12:00:00,16226,22197.569795184143
2014-12-01 12:30:00,16000,22780.240266289045
2014-12-01 13:00:00,15641,22581.822954904557
2014-12-01 13:30:00,16373,21627.000944691506
2014-12-01 14:00:00,16830,19509.443680528962
2014-12-01 14:30:00,17470,17007.324383166662
2014-12-01 15:00:00,18131,15607.441154706281
2014-12-01 15:30:00,16870,16458.152366177495
2014-12-01 16:00:00,15192,17416.786907466583
2014-12-01 16:30:00,14453,18261.660320335024
2014-12-01 17:00:00,17382,20392.465814051022
2014-12-01 17:30:00,19815,19437.989674418219
2014-12-01 18:00:00,21750,17266.507985621
2014-12-01 18:30:00,22217,18284.215932259991
2014-12-01 19:00:00,21813,17597.595886448675
2014-12-01 19:30:00,21536,16846.344975412303
2014-12-01 20:00:00,22541,18087.241835492307
2014-12-01 20:30:00,21329,15678.006862408622
2014-12-01 21:00:00,20165,15047.343506183475
2014-12-01 21:30:00,19498,12654.455779650445
2014-12-01 22:00:00,19355,10624.156335564085
2014-12-01 22:30:00,16691,10605.678293983643
2014-12-01 23:00:00,14387,9675.5681969987854
2014-12-01 23:30:00,12101,8038.1362774977069
2014-12-02 00:00:00,9805,4455.3571879110295
2014-12-02 00:30:00,7121,3250.5670336796175
2014-12-02 01:00:00,5019,1459.4904927358039
2014-12-02 01:30:00,3822,782.67660649013305
2014-12-02 02:00:00,3268,662.85076481168835
2014-12-02 02:30:00,2261,2804.3731751009691
2014-12-02 03:00:00,1853,5797.9886248769071
2014-12-02 03:30:00,1722,9123.635554582761
2014-12-02 04:00:00,2077,11615.621437219688
2014-12-02 04:30:00,1988,14568.650651213744
2014-12-02 05:00:00,2296,14349.371538104455
2014-12-02 05:30:00,4537,15387.596299449484
2014-12-02 06:00:00,6661,15748.775979099484
2014-12-02 06:30:00,11901,13128.148938717975
2014-12-02 07:00:00,15501,14169.326345177975
2014-12-02 07:30:00,19573,14621.107895145546
2014-12-02 08:00:00,20896,15528.033441427719
2014-12-02 08:30:00,21051,16158.894092377945
2014-12-02 09:00:00,19670,18608.493744814536
2014-12-02 09:30:00,18654,18742.468622122749
2014-12-02 10:00:00,17108,20138.004785887118
2014-12-02 10:30:00,17553,14714.711439026847
2014-12-02 11:00:00,16232,12207.449632779129
2014-12-02 11:30:00,17534,11287.496757335695
2014-12-02 12:00:00,17697,11900.192071417308
2014-12-02 12:30:00,19165,14651.093447486341
2014-12-02 13:00:00,18916,17843.133893709368
2014-12-02 13:30:00,19543,19666.068799207056
2014-12-02 14:00:00,18570,18113.508144432715
2014-12-02 14:30:00,19043,15865.475462430873
2014-12-02 15:00:00,18343,16601.59295027671
2014-12-02 15:30:00,16666,16664.676163015763
2014-12-02 16:00:00,14050,19669.823458059043
2014-12-02 16:30:00,12845,20353.473041818259
2014-12-02 17:00:00,16111,18796.74901122399
2014-12-02 17:30:00,19112,18528.616116323406
2014-12-02 18:00:00,21205,19164.264904083633
2014-12-02 18:30:00,22337,19392.817663205857
2014-12-02 19:00:00,23340,18878.115310297566
2014-12-02 19:30:00,23082,22281.25050600852
2014-12-02 20:00:00,23718,21400.484259945952
2014-12-02 20:30:00,22936,16504.361871445228
2014-12-02 21:00:00,23466,8589.6489686392579
2014-12-02 21:30:00,23387,4765.8561718028614
2014-12-02 22:00:00,22893,6445.1361615772585
2014-12-02 22:30:00,20923,10403.422259241226
2014-12-02 23:00:00,18684,11046.047008664365
2014-12-02 23:30:00,14962,10274.96850317451
2014-12-03 00:00:00,12558,9180.2914500985971
2014-12-03 00:30:00,8876,8287.4297623547354
2014-12-03 01:00:00,6626,3634.2009373711189
2014-12-03 01:30:00,4926,3037.487421232383
2014-12-03 02:00:00,4046,3736.8731586641643
2014-12-03 02:30:00,3168,4636.4892175690366
2014-12-03 03:00:00,2692,5179.4697435475355
2014-12-03 03:30:00,2237,7217.6406854000907
2014-12-03 04:00:00,2384,8927.8892691219971
2014-12-03 04:30:00,2109,13959.097669469102
2014-12-03 05:00:00,2403,14569.735435089891
2014-12-03 05:30:00,4250,15486.792868782013
2014-12-03 06:00:00,6529,14825.785776120785
2014-12-03 06:30:00,12185,13449.531515434488
2014-12-03 07:00:00,16016,13575.293678449096
2014-12-03 07:30:00,19504,14684.972963605815
2014-12-03 08:00:00,20925,18030.902025625259
2014-12-03 08:30:00,20891,18515.47738746733
2014-12-03 09:00:00,20047,20153.386450993399
2014-12-03 09:30:00,19138,20217.076721928152
2014-12-03 10:00:00,18431,21999.196273769696
2014-12-03 10:30:00,16960,19372.580910627574
2014-12-03 11:00:00,16426,16560.135313988307
2014-12-03 11:30:00,18092,14541.886162417079
2014-12-03 12:00:00,19190,15181.087007870445
2014-12-03 12:30:00,18957,15176.280706471067
2014-12-03 13:00:00,18288,18310.621495126492
2014-12-03 13:30:00,18843,20171.068872075859
2014-12-03 14:00:00,19003,17657.57585780969
2014-12-03 14:30:00,18193,15490.358803103512
2014-12-03 15:00:00,17260,16409.840930610721
2014-12-03 15:30:00,15103,16784.898139699431
2014-12-03 16:00:00,12941,18833.177274657784
2014-12-03 16:30:00,11797,20024.626949321901
2014-12-03 17:00:00,15545,19152.215637241014
2014-12-03 17:30:00,17938,18991.510188535573
2014-12-03 18:00:00,20693,19598.26172171194
2014-12-03 18:30:00,21585,20296.536924221935
2014-12-03 19:00:00,21689,20319.306212546133
2014-12-03 19:30:00,21995,22747.390278578867
2014-12-03 20:00:00,22096,22041.608630802424
2014-12-03 20:30:00,22115,19373.956172256716
2014-12-03 21:00:00,21860,9363.6595888946176
2014-12-03 21:30:00,22041,7036.2615764667871
2014-12-03 22:00:00,21680,6405.7687146922053
2014-12-03 22:30:00,21378,9511.587575775713
2014-12-03 23:00:00,20295,9633.4076310022137
2014-12-03 23:30:00,18176,8945.6673170472477
2014-12-04 00:00:00,14846,8025.8479745135228
2014-12-04 00:30:00,11480,7065.5685663705635
2014-12-04 01:00:00,8939,4207.2466921143332
2014-12-04 01:30:00,6679,2834.1223010587983
2014-12-04 02:00:00,5175,2904.8074954784206
2014-12-04 02:30:00,3800,5549.5332654761733
2014-12-04 03:00:00,3135,5608.9751837967942
2014-12-04 03:30:00,2671,7166.3860272860456
2014-12-04 04:00:00,2843,8038.0889283187771
2014-12-04 04:30:00,2476,13792.325356980959
2014-12-04 05:00:00,2670,15527.400348918531
2014-12-04 05:30:00,4521,17218.99976766156
2014-12-04 06:00:00,6841,17924.892422426168
2014-12-04 06:30:00,12178,17427.927886614267
2014-12-04 07:00:00,15916,17518.943049968762
2014-12-04 07:30:00,19872,17466.945397048512
2014-12-04 08:00:00,20957,19470.606818093449
2014-12-04 08:30:00,20358,20987.819841261815
2014-12-04 09:00:00,19717,22129.686334326474
2014-12-04 09:30:00,18943,21347.874145682836
2014-12-04 10:00:00,18082,21111.244228989108
2014-12-04 10:30:00,18560,20634.576159281278
2014-12-04 11:00:00,17316,19204.084763830393
2014-12-04 11:30:00,18817,15452.341553913451
2014-12-04 12:00:00,18439,14747.859797941595
2014-12-04 12:30:00,17771,15170.144597748367
2014-12-04 13:00:00,17214,16637.928794883184
2014-12-04 13:30:00,17836,17246.609285659451
2014-12-04 14:00:00,18676,15968.780068677557
2014-12-04 14:30:00,19241,15596.445120892482
2014-12-04 15:00:00,19068,17790.411415234084
2014-12-04 15:30:00,16567,18619.743561470579
2014-12-04 16:00:00,14529,19273.114191748613
2014-12-04 16:30:00,12862,20078.608696181756
2014-12-04 17:00:00,16086,21147.440892936691
2014-12-04 17:30:00,19221,20372.834347728072
2014-12-04 18:00:00,21408,20203.995587431706
2014-12-04 18:30:00,23385,20677.632256510358
2014-12-04 19:00:00,23604,20991.812964003318
2014-12-04 19:30:00,23384,21796.32715414296
2014-12-04 20:00:00,23209,22408.106324395907
2014-12-04 20:30:00,22592,20144.726421771578
2014-12-04 21:00:00,23164,13223.998556667151
2014-12-04 21:30:00,23638,10569.436967998798
2014-12-04 22:00:00,23192,7995.33121197115
2014-12-04 22:30:00,22417,10239.01255780087
2014-12-04 23:00:00,22630,11839.258716643924
2014-12-04 23:30:00,21278,11031.600055057945
2014-12-05 00:00:00,19300,7554.1382354176203
2014-12-05 00:30:00,16241,9488.6492569889524
2014-12-05 01:00:00,12966,8189.1968783024377
2014-12-05 01:30:00,10322,6012.3899282602906
2014-12-05 02:00:00,8160,5102.6685175152234
2014-12-05 02:30:00,6611,6249.793745558507
2014-12-05 03:00:00,5410,6465.9651275657307
2014-12-05 03:30:00,4453,5995.629860372208
2014-12-05 04:00:00,4287,5838.6750275047161
2014-12-05 04:30:00,3250,10085.663962613293
2014-12-05 05:00:00,3396,14231.927775852804
2014-12-05 05:30:00,4846,17805.656890172897
2014-12-05 06:00:00,7090,20057.298036765853
2014-12-05 06:30:00,11832,19755.573671896229
2014-12-05 07:00:00,15506,19562.700951861789
2014-12-05 07:30:00,20211,19649.589337228517
2014-12-05 08:00:00,21053,19388.964908600567
2014-12-05 08:30:00,20635,19935.878017829327
2014-12-05 09:00:00,20128,21353.64038393665
2014-12-05 09:30:00,18838,21028.426394076178
2014-12-05 10:00:00,17936,20129.923854486504
2014-12-05 10:30:00,18210,16790.402994084685
2014-12-05 11:00:00,17653,16712.214912349373
2014-12-05 11:30:00,18847,15999.28004792233
2014-12-05 12:00:00,18814,16372.432209733737
2014-12-05 12:30:00,17478,16695.781628122913
2014-12-05 13:00:00,18029,16747.85440862798
2014-12-05 13:30:00,18953,16990.044600227575
2014-12-05 14:00:00,19684,14948.59709470599
2014-12-05 14:30:00,19747,14435.430928429987
2014-12-05 15:00:00,18464,16436.208151937964
2014-12-05 15:30:00,16396,19054.348366336799
2014-12-05 16:00:00,14436,20108.230934916599
2014-12-05 16:30:00,13461,22205.269995292627
2014-12-05 17:00:00,17047,22882.7871748623
2014-12-05 17:30:00,20614,21874.708866782741
2014-12-05 18:00:00,23322,21805.342898632789
2014-12-05 18:30:00,25791,22525.956331335052
2014-12-05 19:00:00,26650,21914.366262415544
2014-12-05 19:30:00,26971,22073.538480804316
2014-12-05 20:00:00,26688,23913.24101061096
2014-12-05 20:30:00,25508,22483.812327944288
2014-12-05 21:00:00,26284,18320.191821308992
2014-12-05 21:30:00,26978,15820.611735180848
2014-12-05 22:00:00,26983,11028.822177520891
2014-12-05 22:30:00,25438,11107.145456346165
2014-12-05 23:00:00,24914,13219.472578458497
2014-12-05 23:30:00,24165,13778.857300328249
2014-12-06 00:00:00,22925,10268.353263520801
2014-12-06 00:30:00,22187,11961.202151476527
2014-12-06 01:00:00,21493,12497.772207103
2014-12-06 01:30:00,19021,11725.886590326778
2014-12-06 02:00:00,18009,9685.4944114003993
2014-12-06 02:30:00,15786,9083.9840183150209
2014-12-06 03:00:00,13114,8352.378183022438
2014-12-06 03:30:00,10541,8929.1265081460842
2014-12-06 04:00:00,9296,10006.85765107585
2014-12-06 04:30:00,5388,11096.736142089328
2014-12-06 05:00:00,3578,13747.918570508384
2014-12-06 05:30:00,3205,16242.430629701978
2014-12-06 06:00:00,3427,16082.805189131344
2014-12-06 06:30:00,4666,18634.754158504275
2014-12-06 07:00:00,5262,18013.537824877258
2014-12-06 07:30:00,7841,17744.440775025556
2014-12-06 08:00:00,8786,17367.369128977178
2014-12-06 08:30:00,11893,16897.669700528535
2014-12-06 09:00:00,12849,19035.352991359483
2014-12-06 09:30:00,16411,20038.389625350104
2014-12-06 10:00:00,16917,19705.55818626457
2014-12-06 10:30:00,19706,17408.698043454089
2014-12-06 11:00:00,22924,15745.153747838374
2014-12-06 11:30:00,26224,14280.8510531334
2014-12-06 12:00:00,25548,16540.080536214195
2014-12-06 12:30:00,24376,19331.839407455482
2014-12-06 13:00:00,24464,20333.221195244827
2014-12-06 13:30:00,23825,20452.684733965827
2014-12-06 14:00:00,24235,19350.502928723083
2014-12-06 14:30:00,24001,16691.801822323781
2014-12-06 15:00:00,23877,16614.153031638343
2014-12-06 15:30:00,21761,17384.192851979748
2014-12-06 16:00:00,18277,18577.459231288129
2014-12-06 16:30:00,15670,21093.248841714969
2014-12-06 17:00:00,18411,23246.261968804429
2014-12-06 17:30:00,21332,22570.891738737177
2014-12-06 18:00:00,23306,22713.43181218714
2014-12-06 18:30:00,24856,23083.85568195708
2014-12-06 19:00:00,25798,23943.195889933078
2014-12-06 19:30:00,25274,23992.247841678683
2014-12-06 20:00:00,25158,25331.528104999255
2014-12-06 20:30:00,24164,26497.085504170736
2014-12-06 21:00:00,23771,25878.607365100528
2014-12-06 21:30:00,24363,22804.402405474793
2014-12-06 22:00:00,25705,21095.016302558652
2014-12-06 22:30:00,26429,20362.829860220856
2014-12-06 23:00:00,27272,18601.310033263435
2014-12-06 23:30:00,27636,20294.547841795524
2014-12-07 00:00:00,26695,19573.522048322597
2014-12-07 00:30:00,25626,18177.45104230773
2014-12-07 01:00:00,24285,14467.491487808327
2014-12-07 01:30:00,22249,8747.3235215703135
2014-12-07 02:00:00,20741,7623.4100228809466
2014-12-07 02:30:00,18554,8826.2456369556057
2014-12-07 03:00:00,15770,10068.808239743339
2014-12-07 03:30:00,13976,11249.68739040939
2014-12-07 04:00:00,11368,8875.6305249433535
2014-12-07 04:30:00,6531,8369.8370528112191
2014-12-07 05:00:00,3929,9265.4893369346355
2014-12-07 05:30:00,3236,10871.306737030116
2014-12-07 06:00:00,3177,15626.25818038398
2014-12-07 06:30:00,3757,18010.755572669706
2014-12-07 07:00:00,4042,18653.596485798782
2014-12-07 07:30:00,5401,18057.556850852488
2014-12-07 08:00:00,6483,17678.424780227007
2014-12-07 08:30:00,9264,16931.777592197544
2014-12-07 09:00:00,11497,18667.261984709392
2014-12-07 09:30:00,14585,19786.444571178672
2014-12-07 10:00:00,16159,24168.356797444991
2014-12-07 10:30:00,20205,23937.295606008789
2014-12-07 11:00:00,21146,24011.167403595795
2014-12-07 11:30:00,22387,23583.078468263127
2014-12-07 12:00:00,23081,23463.185704759431
2014-12-07 12:30:00,23163,25810.322022599059
2014-12-07 13:00:00,22660,26611.707293361462
2014-12-07 13:30:00,22127,25295.990394898279
2014-12-07 14:00:00,22237,22905.972593763614
2014-12-07 14:30:00,22193,21139.708324749521
2014-12-07 15:00:00,21252,19216.488289801644
2014-12-07 15:30:00,20818,19600.97082290973
2014-12-07 16:00:00,19110,19820.738658817336
2014-12-07 16:30:00,17255,18750.162000577526
2014-12-07 17:00:00,18368,17779.736912350898
2014-12-07 17:30:00,20327,18697.656414254536
2014-12-07 18:00:00,21411,19099.841709259206
2014-12-07 18:30:00,21379,20257.43170563121
2014-12-07 19:00:00,21735,21650.163920160849
2014-12-07 19:30:00,20031,20883.710335231619
2014-12-07 20:00:00,18305,21617.581043344435
2014-12-07 20:30:00,17961,21693.219932054973
2014-12-07 21:00:00,17334,19686.060500610365
2014-12-07 21:30:00,17401,17892.761567936897
2014-12-07 22:00:00,17020,17726.683246419358
2014-12-07 22:30:00,14661,16482.463264222562
2014-12-07 23:00:00,12367,15877.182953366804
2014-12-07 23:30:00,10891,15289.362913516048
2014-12-08 00:00:00,8141,15037.661895983301
2014-12-08 00:30:00,6411,9572.0369481580856
2014-12-08 01:00:00,4762,6687.2755731351463
2014-12-08 01:30:00,3616,4171.5065489334647
2014-12-08 02:00:00,3130,1175.4219613318801
2014-12-08 02:30:00,2273,3761.5814550666601
2014-12-08 03:00:00,2031,6855.7751603222405
2014-12-08 03:30:00,1788,10563.506112823254
2014-12-08 04:00:00,2203,8639.8898634641064
2014-12-08 04:30:00,2270,9556.7138639999357
2014-12-08 05:00:00,2727,9936.1056472464243
2014-12-08 05:30:00,4686,11768.135884894422
2014-12-08 06:00:00,6827,14293.449645742247
2014-12-08 06:30:00,11984,15579.840775384571
2014-12-08 07:00:00,14644,18789.288156548453
2014-12-08 07:30:00,18338,18103.001897216658
2014-12-08 08:00:00,19590,17231.989516139009
2014-12-08 08:30:00,19762,16691.690815214039
2014-12-08 09:00:00,19372,16665.568835072925
2014-12-08 09:30:00,18754,16218.477327233019
2014-12-08 10:00:00,17736,17683.222344051679
2014-12-08 10:30:00,17624,18145.345500386815
2014-12-08 11:00:00,16856,22174.892393661383
2014-12-08 11:30:00,18005,23568.910252772119
2014-12-08 12:00:00,18028,26098.274543384054
2014-12-08 12:30:00,17733,24180.021943163989
2014-12-08 13:00:00,17678,22352.4210853277
2014-12-08 13:30:00,18275,17906.129788707894
2014-12-08 14:00:00,18070,19274.514237362975
2014-12-08 14:30:00,19038,18271.86036972158
2014-12-08 15:00:00,18998,17425.879934150355
2014-12-08 15:30:00,16932,17623.057795819197
2014-12-08 16:00:00,15201,19285.340263405062
2014-12-08 16:30:00,14426,22382.458823044592
2014-12-08 17:00:00,16942,22089.989251654573
2014-12-08 17:30:00,19768,24859.18732061021
2014-12-08 18:00:00,21911,25001.514208115012
2014-12-08 18:30:00,22917,22767.608684143532
2014-12-08 19:00:00,23371,21982.568384610382
2014-12-08 19:30:00,23343,21813.746633532446
2014-12-08 20:00:00,22358,22098.003551146321
2014-12-08 20:30:00,22302,20704.20028742377
2014-12-08 21:00:00,22712,20440.983582369015
2014-12-08 21:30:00,22329,17597.662663666666
2014-12-08 22:00:00,21979,16041.981292896284
2014-12-08 22:30:00,19387,13587.355801337244
2014-12-08 23:00:00,17494,12714.669655219373
2014-12-08 23:30:00,13745,9337.5731490556864
2014-12-09 00:00:00,11339,5583.5755177354768
2014-12-09 00:30:00,8699,4240.1237549635262
2014-12-09 01:00:00,6796,2965.4067094824804
2014-12-09 01:30:00,5236,2738.0541956816032
2014-12-09 02:00:00,3800,3854.4506549832859
2014-12-09 02:30:00,3042,7112.7589041771189
2014-12-09 03:00:00,2532,11912.548264169789
2014-12-09 03:30:00,2258,12816.645697173491
2014-12-09 04:00:00,2212,13993.439369468391
2014-12-09 04:30:00,2135,15194.684066474301
2014-12-09 05:00:00,2592,13454.144524958168
2014-12-09 05:30:00,4617,14007.780732376363
2014-12-09 06:00:00,8006,13524.827453965376
2014-12-09 06:30:00,13619,11796.120027522393
2014-12-09 07:00:00,16700,10704.908701108219
2014-12-09 07:30:00,19651,13365.581055645711
2014-12-09 08:00:00,20630,17390.287021711334
2014-12-09 08:30:00,21217,17965.833614788447
2014-12-09 09:00:00,19857,19447.136226659666
2014-12-09 09:30:00,18753,18395.126857227511
2014-12-09 10:00:00,17813,21302.143027530528
2014-12-09 10:30:00,17833,19514.346242756801
2014-12-09 11:00:00,17164,15023.304851058236
2014-12-09 11:30:00,18181,12088.995739116912
2014-12-09 12:00:00,17482,11241.545036010732
2014-12-09 12:30:00,15676,13305.411632456065
2014-12-09 13:00:00,16018,16434.940686179707
2014-12-09 13:30:00,17066,19925.22086373399
2014-12-09 14:00:00,17654,18851.303097068423
2014-12-09 14:30:00,17696,16309.174697299599
2014-12-09 15:00:00,16781,15398.303678608063
2014-12-09 15:30:00,14189,14764.94527030568
2014-12-09 16:00:00,12461,17599.874179248924
2014-12-09 16:30:00,12252,19412.843535722739
2014-12-09 17:00:00,15431,18672.296963928162
2014-12-09 17:30:00,18137,19723.117865280674
2014-12-09 18:00:00,20649,18670.119727294325
2014-12-09 18:30:00,21989,19967.554621534531
2014-12-09 19:00:00,22350,20599.049730185532
2014-12-09 19:30:00,22177,22621.097031743164
2014-12-09 20:00:00,22991,21680.504017505569
2014-12-09 20:30:00,22128,17944.663642744301
2014-12-09 21:00:00,23207,9788.3943081379566
2014-12-09 21:30:00,23091,7727.7111377428582
2014-12-09 22:00:00,22616,8975.7512123568777
2014-12-09 22:30:00,21118,10294.225339786868
2014-12-09 23:00:00,19301,9657.9625966427211
2014-12-09 23:30:00,16789,7874.2198693221826
2014-12-10 00:00:00,14252,7657.4667540366499
2014-12-10 00:30:00,10138,8282.4399713079456
2014-12-10 01:00:00,7847,6039.3593864817412
2014-12-10 01:30:00,5782,3402.310732767759
2014-12-10 02:00:00,4951,2833.8776480330998
2014-12-10 02:30:00,3696,6301.9236631974418
2014-12-10 03:00:00,2833,8049.5433358539121
2014-12-10 03:30:00,2375,8634.8090814883872
2014-12-10 04:00:00,2533,8790.5989713487234
2014-12-10 04:30:00,2423,11004.503116884305
2014-12-10 05:00:00,2512,12069.065282542735
2014-12-10 05:30:00,4337,15948.100618470095
2014-12-10 06:00:00,6721,16977.918223357014
2014-12-10 06:30:00,11812,16876.822381801299
2014-12-10 07:00:00,16054,17638.831418732694
2014-12-10 07:30:00,19337,17837.323456538295
2014-12-10 08:00:00,21348,20611.427225164934
2014-12-10 08:30:00,21167,21022.072348143953
2014-12-10 09:00:00,20051,20505.624394797083
2014-12-10 09:30:00,18809,19576.153480130815
2014-12-10 10:00:00,17812,19597.150984447515
2014-12-10 10:30:00,17889,20305.779862798823
2014-12-10 11:00:00,17482,16698.455669875792
2014-12-10 11:30:00,18775,13757.172577984611
2014-12-10 12:00:00,18351,14878.662022424092
2014-12-10 12:30:00,17604,16005.046601309401
2014-12-10 13:00:00,17729,17895.647381443741
2014-12-10 13:30:00,17499,19676.36975757841
2014-12-10 14:00:00,17558,18446.08434481256
2014-12-10 14:30:00,18070,15654.489223009756
2014-12-10 15:00:00,17422,16071.741670779236
2014-12-10 15:30:00,14666,17182.504052664561
2014-12-10 16:00:00,12252,18609.104793685288
2014-12-10 16:30:00,11174,22021.035821936544
2014-12-10 17:00:00,13853,22430.894364582698
2014-12-10 17:30:00,16962,21183.239151142352
2014-12-10 18:00:00,19708,20938.343292916852
2014-12-10 18:30:00,20764,21670.372017677782
2014-12-10 19:00:00,21802,20642.948772276886
2014-12-10 19:30:00,22239,21771.561729537021
2014-12-10 20:00:00,22169,24778.519807220815
2014-12-10 20:30:00,23923,22524.089646606444
2014-12-10 21:00:00,24403,14590.818245037282
2014-12-10 21:30:00,24211,10952.511984139965
2014-12-10 22:00:00,23439,9289.9237824409702
2014-12-10 22:30:00,23394,11760.653857277235
2014-12-10 23:00:00,21701,11433.382837327061
2014-12-10 23:30:00,19727,9151.1451079540875
2014-12-11 00:00:00,17270,7020.8332887890174
2014-12-11 00:30:00,13379,8304.0400228482467
2014-12-11 01:00:00,10314,8548.2041781885218
2014-12-11 01:30:00,7470,3597.5995878865069
2014-12-11 02:00:00,6039,2595.0006893514928
2014-12-11 02:30:00,4322,3907.3905280095441
2014-12-11 03:00:00,3461,4096.7540790063395
2014-12-11 03:30:00,2872,6429.6226556394104
2014-12-11 04:00:00,2854,6107.4378815567907
2014-12-11 04:30:00,2422,8978.3937906070823
2014-12-11 05:00:00,2578,12406.687011500415
2014-12-11 05:30:00,4513,17305.559919594663
2014-12-11 06:00:00,6672,19378.378880293538
2014-12-11 06:30:00,12358,20659.593201920943
2014-12-11 07:00:00,15790,20629.060901779987
2014-12-11 07:30:00,19441,19389.162141467288
2014-12-11 08:00:00,20920,20457.877707364001
2014-12-11 08:30:00,20665,22566.53637070737
2014-12-11 09:00:00,19708,20777.442906420918
2014-12-11 09:30:00,20066,20565.88941438419
2014-12-11 10:00:00,18424,19078.337230771467
2014-12-11 10:30:00,18403,18813.889083403774
2014-12-11 11:00:00,17621,16509.032437550562
2014-12-11 11:30:00,18994,16066.571010408057
2014-12-11 12:00:00,18845,15987.771649126313
2014-12-11 12:30:00,17937,14476.695482109979
2014-12-11 13:00:00,17974,15817.507489548301
2014-12-11 13:30:00,18671,17650.015186755059
2014-12-11 14:00:00,19082,17147.279844635363
2014-12-11 14:30:00,20224,16216.468820556856
2014-12-11 15:00:00,18966,15656.286103792712
2014-12-11 15:30:00,16165,16135.54945989859
2014-12-11 16:00:00,14013,15756.679898661199
2014-12-11 16:30:00,12246,19375.668867108499
2014-12-11 17:00:00,15021,21686.054009931671
2014-12-11 17:30:00,18834,22575.738381489704
2014-12-11 18:00:00,21115,22434.411923174288
2014-12-11 18:30:00,22746,22667.988833702053
2014-12-11 19:00:00,23679,22016.27681096478
2014-12-11 19:30:00,23992,22134.101047086893
2014-12-11 20:00:00,23597,23614.785453149161
2014-12-11 20:30:00,23581,21993.426078428369
2014-12-11 21:00:00,24093,16384.774271238111
2014-12-11 21:30:00,24130,13507.560670894694
2014-12-11 22:00:00,24027,10114.300196743723
2014-12-11 22:30:00,23575,11152.709822141811
2014-12-11 23:00:00,22502,11738.68993613462
2014-12-11 23:30:00,22049,10531.771720128199
2014-12-12 00:00:00,20667,6599.9259531805274
2014-12-12 00:30:00,19265,7171.3797759669415
2014-12-12 01:00:00,16192,9929.4412704630377
2014-12-12 01:30:00,12814,8043.816369176936
2014-12-12 02:00:00,10410,4513.6310169717708
2014-12-12 02:30:00,8218,4251.4699437472373
2014-12-12 03:00:00,6335,4937.2685218517599
2014-12-12 03:30:00,5377,5428.3868803956502
2014-12-12 04:00:00,4659,5916.5368119046798
2014-12-12 04:30:00,3597,7122.8292121022805
2014-12-12 05:00:00,3208,12150.200624551046
2014-12-12 05:30:00,4698,18544.109106780819
2014-12-12 06:00:00,6900,20872.862480855511
2014-12-12 06:30:00,12308,21790.341675255546
2014-12-12 07:00:00,15444,21595.010789468273
2014-12-12 07:30:00,19511,19926.913581172805
2014-12-12 08:00:00,20489,18518.588888613482
2014-12-12 08:30:00,20834,17423.133257467391
2014-12-12 09:00:00,19854,19308.869887605888
2014-12-12 09:30:00,18687,19683.317342193826
2014-12-12 10:00:00,18014,20161.65851782851
2014-12-12 10:30:00,18564,18436.13200134712
2014-12-12 11:00:00,18237,17172.938225247934
2014-12-12 11:30:00,18916,15573.501964279785
2014-12-12 12:00:00,18244,17028.721258622722
2014-12-12 12:30:00,16850,17439.279695282334
2014-12-12 13:00:00,17845,18269.446220433121
2014-12-12 13:30:00,18162,17405.406185400603
2014-12-12 14:00:00,19043,15929.660683431584
2014-12-12 14:30:00,19128,14958.954245341523
2014-12-12 15:00:00,18287,15172.140209546789
2014-12-12 15:30:00,15667,16428.798187271517
2014-12-12 16:00:00,13938,17394.935408577512
2014-12-12 16:30:00,12626,22098.879135615131
2014-12-12 17:00:00,15807,25002.306515200566
2014-12-12 17:30:00,19375,23300.985923004522
2014-12-12 18:00:00,21905,21875.727226428393
2014-12-12 18:30:00,24008,22559.935865664596
2014-12-12 19:00:00,25410,21649.449212675303
2014-12-12 19:30:00,25568,21804.988785907473
2014-12-12 20:00:00,24888,23070.771628721712
2014-12-12 20:30:00,25190,22816.69694733679
2014-12-12 21:00:00,25350,20220.303830077137
2014-12-12 21:30:00,25927,17925.506409731737
2014-12-12 22:00:00,26737,14709.729118138977
2014-12-12 22:30:00,26771,13533.437822465641
2014-12-12 23:00:00,26180,14024.094461128938
2014-12-12 23:30:00,25739,14464.942137111677
2014-12-13 00:00:00,24743,10898.158716588234
2014-12-13 00:30:00,24285,9922.2385757098236
2014-12-13 01:00:00,22826,9968.8683218877686
2014-12-13 01:30:00,21266,8657.9539579746888
2014-12-13 02:00:00,19907,8485.3723309870256
2014-12-13 02:30:00,17053,8865.0998942376973
2014-12-13 03:00:00,14423,9425.4453466123086
2014-12-13 03:30:00,12363,9964.6280435071421
2014-12-13 04:00:00,10600,9639.4922704266846
2014-12-13 04:30:00,6501,9833.365733930139
2014-12-13 05:00:00,4211,11024.493639574517
2014-12-13 05:30:00,3425,15567.267903379769
2014-12-13 06:00:00,3475,15761.742467941916
2014-12-13 06:30:00,5132,19331.418841933508
2014-12-13 07:00:00,4986,20027.934829268983
2014-12-13 07:30:00,7716,19419.286331829971
2014-12-13 08:00:00,8873,18217.075130517038
2014-12-13 08:30:00,12361,16559.232347885336
2014-12-13 09:00:00,13217,18897.454951646039
2014-12-13 09:30:00,17706,21644.791030465436
2014-12-13 10:00:00,19199,22306.147206255908
2014-12-13 10:30:00,21605,18705.209256884827
2014-12-13 11:00:00,22106,17288.296044971379
2014-12-13 11:30:00,23452,17494.20581742092
2014-12-13 12:00:00,24095,18097.320478126105
2014-12-13 12:30:00,24114,20348.695775035492
2014-12-13 13:00:00,24368,21017.076776188766
2014-12-13 13:30:00,23648,21484.266879786686
2014-12-13 14:00:00,22929,19523.010636162093
2014-12-13 14:30:00,22531,15799.113380100051
2014-12-13 15:00:00,21489,17287.745956943323
2014-12-13 15:30:00,19081,18407.727530628727
2014-12-13 16:00:00,15734,18163.808801823827
2014-12-13 16:30:00,13140,18846.702330749744
2014-12-13 17:00:00,15041,20599.221577807431
2014-12-13 17:30:00,17961,22208.069818843051
2014-12-13 18:00:00,20757,23288.600176659136
2014-12-13 18:30:00,22233,22318.602780295649
2014-12-13 19:00:00,23550,23054.996549437183
2014-12-13 19:30:00,24311,24264.933029342748
2014-12-13 20:00:00,24320,26048.655772877355
2014-12-13 20:30:00,23465,26264.551872359651
2014-12-13 21:00:00,24125,25657.397859069868
2014-12-13 21:30:00,24696,24019.001212226576
2014-12-13 22:00:00,24848,22718.942805510476
2014-12-13 22:30:00,25952,22268.703798991271
2014-12-13 23:00:00,26481,19875.329461037814
2014-12-13 23:30:00,26376,19258.557179476073
2014-12-14 00:00:00,26065,19413.546200081801
2014-12-14 00:30:00,25745,18496.595852668252
2014-12-14 01:00:00,24053,15949.542297294422
2014-12-14 01:30:00,22288,10979.061771939954
2014-12-14 02:00:00,21263,6282.4646212538846
2014-12-14 02:30:00,18637,6905.4819704493602
2014-12-14 03:00:00,16106,6407.9122184850548
2014-12-14 03:30:00,13609,7155.1404826775051
2014-12-14 04:00:00,11786,6720.6277841784631
2014-12-14 04:30:00,6978,7796.8625996330502
2014-12-14 05:00:00,4468,9075.7338769075595
2014-12-14 05:30:00,3728,10133.157953641632
2014-12-14 06:00:00,3611,14077.054000505812
2014-12-14 06:30:00,3909,18569.825718660213
2014-12-14 07:00:00,4139,20168.103491712362
2014-12-14 07:30:00,5583,21498.799032381437
2014-12-14 08:00:00,6831,20082.993032571118
2014-12-14 08:30:00,8929,17995.760972011718
2014-12-14 09:00:00,10358,18469.649721894089
2014-12-14 09:30:00,14261,20329.671446491742
2014-12-14 10:00:00,16254,23915.187082540928
2014-12-14 10:30:00,19993,22856.86651699615
2014-12-14 11:00:00,20203,23594.740949085979
2014-12-14 11:30:00,21630,23419.980725517351
2014-12-14 12:00:00,22210,21757.794695389392
2014-12-14 12:30:00,22458,21511.981213594889
2014-12-14 13:00:00,21793,23216.523422288745
2014-12-14 13:30:00,21177,22000.775257495865
2014-12-14 14:00:00,20831,19346.982177632384
2014-12-14 14:30:00,20577,18895.59604860927
2014-12-14 15:00:00,20293,18903.91020976923
2014-12-14 15:30:00,18839,21291.954325794664
2014-12-14 16:00:00,17406,21125.671598993809
2014-12-14 16:30:00,15292,20988.367783302059
2014-12-14 17:00:00,16443,17541.315528969844
2014-12-14 17:30:00,17727,16895.785241297934
2014-12-14 18:00:00,18988,18360.154398462499
2014-12-14 18:30:00,19533,20030.711706652226
2014-12-14 19:00:00,19548,21604.955451926224
2014-12-14 19:30:00,18055,21880.044189656481
2014-12-14 20:00:00,17006,22188.819341182381
2014-12-14 20:30:00,16671,20850.417455504699
2014-12-14 21:00:00,16007,18463.832098164672
2014-12-14 21:30:00,16344,16537.901508366842
2014-12-14 22:00:00,15913,15955.968379799886
2014-12-14 22:30:00,14327,15467.056284229035
2014-12-14 23:00:00,12060,16948.417443964427
2014-12-14 23:30:00,10952,15993.250503378049
2014-12-15 00:00:00,9228,14168.062899283519
2014-12-15 00:30:00,6754,9950.0297144196957
2014-12-15 01:00:00,5230,7258.0094762653443
2014-12-15 01:30:00,4058,5326.4755334039855
2014-12-15 02:00:00,3386,4250.1603860782925
2014-12-15 02:30:00,2854,6597.9040258557834
2014-12-15 03:00:00,2088,9289.2588812980503
2014-12-15 03:30:00,2063,10222.631763641373
2014-12-15 04:00:00,2573,8593.1214114733193
2014-12-15 04:30:00,2606,9011.1094099400616
2014-12-15 05:00:00,3027,9016.4576569801175
2014-12-15 05:30:00,4795,11126.455489066046
2014-12-15 06:00:00,7029,14455.059900161981
2014-12-15 06:30:00,11534,18454.506315542403
2014-12-15 07:00:00,14434,19878.195684817914
2014-12-15 07:30:00,17808,17881.385621891564
2014-12-15 08:00:00,18371,17367.331457990495
2014-12-15 08:30:00,18743,16684.209492124493
2014-12-15 09:00:00,17992,15091.614429805211
2014-12-15 09:30:00,17405,14033.787741189615
2014-12-15 10:00:00,16508,16436.066511073379
2014-12-15 10:30:00,15778,15997.128925423216
2014-12-15 11:00:00,15424,19877.306041098265
2014-12-15 11:30:00,16627,21601.175114788908
2014-12-15 12:00:00,16484,25149.634176116746
2014-12-15 12:30:00,16637,21910.086528912921
2014-12-15 13:00:00,16135,18818.728588217255
2014-12-15 13:30:00,16513,14955.008459824801
2014-12-15 14:00:00,17025,17481.778888326724
2014-12-15 14:30:00,18231,16602.014192596504
2014-12-15 15:00:00,17722,16260.764729628472
2014-12-15 15:30:00,16477,17844.240154142612
2014-12-15 16:00:00,14298,17703.776638561932
2014-12-15 16:30:00,13229,21039.243613009865
2014-12-15 17:00:00,15523,21804.968916125639
2014-12-15 17:30:00,17795,25656.297075869545
2014-12-15 18:00:00,20424,23631.335233808604
2014-12-15 18:30:00,21017,22767.59265490793
2014-12-15 19:00:00,21475,20924.826676757195
2014-12-15 19:30:00,22549,21910.540715098199
2014-12-15 20:00:00,21924,22756.826808730606
2014-12-15 20:30:00,21131,21798.422222129353
2014-12-15 21:00:00,21393,21538.366108309907
2014-12-15 21:30:00,21577,18803.806453026613
2014-12-15 22:00:00,21019,14595.295018083138
2014-12-15 22:30:00,18908,11053.967531734837
2014-12-15 23:00:00,17370,11291.239843952582
2014-12-15 23:30:00,13782,9487.0000240418085
2014-12-16 00:00:00,11608,6049.2291530823422
2014-12-16 00:30:00,8753,3425.6898778273862
2014-12-16 01:00:00,6959,3086.5904117159935
2014-12-16 01:30:00,5332,2752.819289811172
2014-12-16 02:00:00,4417,4190.5656469383757
2014-12-16 02:30:00,3812,8552.9244276231548
2014-12-16 03:00:00,2785,13069.218641420312
2014-12-16 03:30:00,2230,12439.584846721802
2014-12-16 04:00:00,2383,12337.426374946135
2014-12-16 04:30:00,2206,13720.93351444693
2014-12-16 05:00:00,2455,12274.380837642551
2014-12-16 05:30:00,4355,12020.795727909575
2014-12-16 06:00:00,6534,12731.459111268661
2014-12-16 06:30:00,11684,10824.953061088734
2014-12-16 07:00:00,14785,10137.771334826464
2014-12-16 07:30:00,18872,12759.372501982911
2014-12-16 08:00:00,19244,15466.978768964609
2014-12-16 08:30:00,20521,17115.653654585833
2014-12-16 09:00:00,19197,20666.733064938562
2014-12-16 09:30:00,18299,19783.901271568102
2014-12-16 10:00:00,17178,19490.60706387641
2014-12-16 10:30:00,16812,16871.005434061528
2014-12-16 11:00:00,16250,13471.477921333024
2014-12-16 11:30:00,17275,10730.493759170331
2014-12-16 12:00:00,17818,10901.123087740001
2014-12-16 12:30:00,17228,12831.6073711753
2014-12-16 13:00:00,16423,17654.70062600977
2014-12-16 13:30:00,17067,21942.385845430159
2014-12-16 14:00:00,17759,20653.217074218475
2014-12-16 14:30:00,18175,17715.296057886226
2014-12-16 15:00:00,17997,15745.820078151748
2014-12-16 15:30:00,16045,14617.275898690519
2014-12-16 16:00:00,14086,16415.637785163388
2014-12-16 16:30:00,12498,17184.445807268326
2014-12-16 17:00:00,15616,17377.871065481864
2014-12-16 17:30:00,17897,21202.167943997985
2014-12-16 18:00:00,20215,20046.710764994954
2014-12-16 18:30:00,21911,21082.46792336577
2014-12-16 19:00:00,22798,21166.262077515144
2014-12-16 19:30:00,24359,24036.914791487634
2014-12-16 20:00:00,23687,22283.296497600244
2014-12-16 20:30:00,23843,19676.996381916746
2014-12-16 21:00:00,23849,12830.460743582853
2014-12-16 21:30:00,24686,8931.3693807993914
2014-12-16 22:00:00,23566,7491.3727558072396
2014-12-16 22:30:00,22591,8652.7275429065467
2014-12-16 23:00:00,20184,9499.1159845047478
2014-12-16 23:30:00,17824,8429.8662758978171
2014-12-17 00:00:00,14522,9238.6202324664719
2014-12-17 00:30:00,10981,10422.377622021488
2014-12-17 01:00:00,8494,6198.5748283671473
2014-12-17 01:30:00,6739,3811.3703396021883
2014-12-17 02:00:00,5562,2902.3791947026875
2014-12-17 02:30:00,4095,3719.4012540735293
2014-12-17 03:00:00,3228,5425.5196457140901
2014-12-17 03:30:00,2801,6801.5366682921194
2014-12-17 04:00:00,2905,6865.1130410902733
2014-12-17 04:30:00,2604,9821.5751632146057
2014-12-17 05:00:00,2634,11889.202016870657
2014-12-17 05:30:00,4453,14707.518136058383
2014-12-17 06:00:00,6610,17329.398763896643
2014-12-17 06:30:00,11882,16825.986063759276
2014-12-17 07:00:00,15378,17156.702359047278
2014-12-17 07:30:00,18958,17103.437983530592
2014-12-17 08:00:00,20241,18889.495346732678
2014-12-17 08:30:00,20321,20897.018719365507
2014-12-17 09:00:00,19626,20238.383231857912
2014-12-17 09:30:00,18615,18885.240454041257
2014-12-17 10:00:00,17801,18966.463454851528
2014-12-17 10:30:00,17622,17109.164841032365
2014-12-17 11:00:00,17122,15600.940858219426
2014-12-17 11:30:00,18747,14101.615975642228
2014-12-17 12:00:00,18708,14799.444411480583
2014-12-17 12:30:00,18308,15558.021887807801
2014-12-17 13:00:00,17777,17256.514836578433
2014-12-17 13:30:00,17824,19675.602198579378
2014-12-17 14:00:00,18196,18187.505169100492
2014-12-17 14:30:00,18499,17457.360550794478
2014-12-17 15:00:00,18003,15000.774604771786
2014-12-17 15:30:00,16052,16372.534451089756
2014-12-17 16:00:00,13607,16558.643962801725
2014-12-17 16:30:00,12212,19865.754313676174
2014-12-17 17:00:00,14983,22589.205033262311
2014-12-17 17:30:00,18285,22733.227750325565
2014-12-17 18:00:00,20665,21532.792814331711
2014-12-17 18:30:00,21841,21945.041839390709
2014-12-17 19:00:00,23081,20788.25042498692
2014-12-17 19:30:00,22785,21143.542881186462
2014-12-17 20:00:00,24069,22513.886746308344
2014-12-17 20:30:00,24039,20416.59217344932
2014-12-17 21:00:00,25073,16004.473686731966
2014-12-17 21:30:00,24980,12513.566911393871
2014-12-17 22:00:00,24878,9734.8217788998336
2014-12-17 22:30:00,23338,11292.954888977307
2014-12-17 23:00:00,22407,11581.543613330412
2014-12-17 23:30:00,20950,10075.668248897802
2014-12-18 00:00:00,18285,8337.1612600469562
2014-12-18 00:30:00,14827,8266.6614395967263
2014-12-18 01:00:00,10904,7861.0346348329576
2014-12-18 01:30:00,8901,4072.7641076018863
2014-12-18 02:00:00,6765,3345.6415287267155
2014-12-18 02:30:00,5188,3493.5178364706644
2014-12-18 03:00:00,3823,4546.6738832441024
2014-12-18 03:30:00,3524,6964.5124065393893
2014-12-18 04:00:00,3414,7172.5807754005473
2014-12-18 04:30:00,2681,9836.2508984140004
2014-12-18 05:00:00,3079,11992.384199806129
2014-12-18 05:30:00,4828,17531.7155822278
2014-12-18 06:00:00,7029,20167.676045997756
2014-12-18 06:30:00,12063,20489.654818053077
2014-12-18 07:00:00,15230,20711.996729362087
2014-12-18 07:30:00,18835,18390.668341112894
2014-12-18 08:00:00,20484,19677.59491816365
2014-12-18 08:30:00,20222,20215.823550793302
2014-12-18 09:00:00,19752,20989.479463553478
2014-12-18 09:30:00,18914,20352.274136429343
2014-12-18 10:00:00,18466,20660.895143237634
2014-12-18 10:30:00,18364,18012.21020904939
2014-12-18 11:00:00,17439,17063.338490436079
2014-12-18 11:30:00,19228,14884.616425395876
2014-12-18 12:00:00,19485,15997.838824827029
2014-12-18 12:30:00,18539,15452.697759587834
2014-12-18 13:00:00,18424,17550.571583869034
2014-12-18 13:30:00,18594,18528.866248831542
2014-12-18 14:00:00,19253,18593.171148002264
2014-12-18 14:30:00,19536,16151.048372011977
2014-12-18 15:00:00,19129,15324.013033357895
2014-12-18 15:30:00,16419,15609.551934664772
2014-12-18 16:00:00,14143,16819.543191497309
2014-12-18 16:30:00,12440,20953.622069241872
2014-12-18 17:00:00,15352,22845.008547942703
2014-12-18 17:30:00,19402,23979.647060075124
2014-12-18 18:00:00,21772,22929.00388508855
2014-12-18 18:30:00,23309,22686.635955176309
2014-12-18 19:00:00,24617,21536.570567860959
2014-12-18 19:30:00,24906,21543.906278316121
2014-12-18 20:00:00,25149,22798.427002387874
2014-12-18 20:30:00,25441,21594.417017981985
2014-12-18 21:00:00,26065,17913.87468069201
2014-12-18 21:30:00,25822,15043.575121405958
2014-12-18 22:00:00,25738,10134.535407909851
2014-12-18 22:30:00,24879,10923.991182516253
2014-12-18 23:00:00,24496,12562.646466246377
2014-12-18 23:30:00,23501,12087.396114609159
2014-12-19 00:00:00,20698,9294.2631143650124
2014-12-19 00:30:00,19243,7766.002298652219
2014-12-19 01:00:00,16900,9431.8532556251612
2014-12-19 01:30:00,13421,6715.7695398766245
2014-12-19 02:00:00,10585,5118.9092240734608
2014-12-19 02:30:00,8512,4956.4454998903184
2014-12-19 03:00:00,6744,4701.1166286131283
2014-12-19 03:30:00,5653,5792.9329814953853
2014-12-19 04:00:00,5420,7027.3484334520526
2014-12-19 04:30:00,3982,7903.2505919142532
2014-12-19 05:00:00,3682,12430.452695210564
2014-12-19 05:30:00,4979,18010.360221378774
2014-12-19 06:00:00,6847,20479.945305269663
2014-12-19 06:30:00,11330,21616.38701971517
2014-12-19 07:00:00,14716,21755.656673223191
2014-12-19 07:30:00,18996,20458.640334864765
2014-12-19 08:00:00,20784,18620.440608774334
2014-12-19 08:30:00,20763,18769.615350151533
2014-12-19 09:00:00,21030,19843.231276419647
2014-12-19 09:30:00,19778,21097.141341252383
2014-12-19 10:00:00,18496,20600.829770359142
2014-12-19 10:30:00,18800,18791.283961720936
2014-12-19 11:00:00,18765,16481.960550931879
2014-12-19 11:30:00,20209,14793.693672589692
2014-12-19 12:00:00,19684,17097.264844653531
2014-12-19 12:30:00,18093,17338.394365445496
2014-12-19 13:00:00,17958,18174.770956734144
2014-12-19 13:30:00,18794,17703.798783916158
2014-12-19 14:00:00,19592,16725.709928254819
2014-12-19 14:30:00,20240,16557.392554885249
2014-12-19 15:00:00,19125,17032.394993250709
2014-12-19 15:30:00,16262,17063.38621231095
2014-12-19 16:00:00,14858,17782.715660110603
2014-12-19 16:30:00,12685,21064.062914326936
2014-12-19 17:00:00,15752,24681.93493609695
2014-12-19 17:30:00,19931,24953.534540648307
2014-12-19 18:00:00,22925,23359.977053956623
2014-12-19 18:30:00,24921,23086.349071859924
2014-12-19 19:00:00,26335,22401.778644618065
2014-12-19 19:30:00,26896,22190.766399235043
2014-12-19 20:00:00,26796,22915.04694048129
2014-12-19 20:30:00,25989,22643.773665486289
2014-12-19 21:00:00,26280,20011.990151904767
2014-12-19 21:30:00,26403,18464.140230947352
2014-12-19 22:00:00,26905,16575.790395662738
2014-12-19 22:30:00,26723,12671.921216398348
2014-12-19 23:00:00,25807,13221.255922223221
2014-12-19 23:30:00,26432,15385.213023064411
2014-12-20 00:00:00,25976,12161.584398760617
2014-12-20 00:30:00,24322,13028.259288570585
2014-12-20 01:00:00,22993,11481.610359237475
2014-12-20 01:30:00,21186,10270.011842531165
2014-12-20 02:00:00,19390,8240.4676024097425
2014-12-20 02:30:00,16298,7015.5708804150299
2014-12-20 03:00:00,14308,7515.7721005854128
2014-12-20 03:30:00,12289,7894.7237754536682
2014-12-20 04:00:00,10822,8416.7544645407288
2014-12-20 04:30:00,6612,9555.3007644838144
2014-12-20 05:00:00,4648,11046.674333894282
2014-12-20 05:30:00,3998,16262.784629889722
2014-12-20 06:00:00,4080,16553.085482789265
2014-12-20 06:30:00,5139,19552.67688936623
2014-12-20 07:00:00,4833,20061.016125381793
2014-12-20 07:30:00,6360,20194.431104579227
2014-12-20 08:00:00,7568,18282.563078363852
2014-12-20 08:30:00,10329,16383.561294070016
2014-12-20 09:00:00,11646,16619.980683910817
2014-12-20 09:30:00,15228,20992.769978471551
2014-12-20 10:00:00,16173,23656.294502200806
2014-12-20 10:30:00,18920,22365.76910515131
2014-12-20 11:00:00,19813,19889.261613080005
2014-12-20 11:30:00,21529,18055.345541483948
2014-12-20 12:00:00,22544,17861.461466929697
2014-12-20 12:30:00,22751,20374.465392098304
2014-12-20 13:00:00,22744,20383.443603982818
2014-12-20 13:30:00,22263,20232.763858023129
2014-12-20 14:00:00,22212,20290.467431937985
2014-12-20 14:30:00,21906,18114.709980537202
2014-12-20 15:00:00,21744,18502.453785562931
2014-12-20 15:30:00,21173,17970.765511774738
2014-12-20 16:00:00,18061,18075.360275037106
2014-12-20 16:30:00,15360,20721.572715812283
2014-12-20 17:00:00,17470,23170.915405625336
2014-12-20 17:30:00,20909,23485.449333531811
2014-12-20 18:00:00,22562,23130.47935797408
2014-12-20 18:30:00,24471,22994.413861860947
2014-12-20 19:00:00,25685,23480.905695988251
2014-12-20 19:30:00,25252,24664.674683759273
2014-12-20 20:00:00,23238,24273.803747119004
2014-12-20 20:30:00,22683,25183.999489778602
2014-12-20 21:00:00,22523,24840.645881122764
2014-12-20 21:30:00,23214,22864.995326715092
2014-12-20 22:00:00,23741,22219.218786089968
2014-12-20 22:30:00,24614,22783.675252495334
2014-12-20 23:00:00,25195,21040.812484123599
2014-12-20 23:30:00,25864,20142.370822447021
2014-12-21 00:00:00,25530,17950.094238118763
2014-12-21 00:30:00,24429,16805.871314506516
2014-12-21 01:00:00,22976,16221.209880956894
2014-12-21 01:30:00,21027,12451.719455707358
2014-12-21 02:00:00,19741,5996.1888808833901
2014-12-21 02:30:00,17359,6584.1917255372427
2014-12-21 03:00:00,15156,7165.7384410073983
2014-12-21 03:30:00,12970,6906.5294756094063
2014-12-21 04:00:00,11246,7109.2251613778117
2014-12-21 04:30:00,6712,7316.3759877260973
2014-12-21 05:00:00,4593,7900.1783170208837
2014-12-21 05:30:00,3675,10019.547617565826
2014-12-21 06:00:00,3974,13461.113607369756
2014-12-21 06:30:00,3929,18005.36764783585
2014-12-21 07:00:00,3922,18692.038267429645
2014-12-21 07:30:00,5061,18219.187088984847
2014-12-21 08:00:00,5995,15814.222372707403
2014-12-21 08:30:00,7813,14628.286356825756
2014-12-21 09:00:00,9237,16341.769028919061
2014-12-21 09:30:00,12647,19074.882552710151
2014-12-21 10:00:00,13946,23233.529564450866
2014-12-21 10:30:00,18143,22870.859677457109
2014-12-21 11:00:00,18415,23103.517241326095
2014-12-21 11:30:00,19646,23296.485200077037
2014-12-21 12:00:00,20124,22518.437413212443
2014-12-21 12:30:00,21235,20710.224821122822
2014-12-21 13:00:00,20709,22283.051089886332
2014-12-21 13:30:00,20382,21907.536625512777
2014-12-21 14:00:00,20570,21344.569688062005
2014-12-21 14:30:00,20093,20504.700524584347
2014-12-21 15:00:00,19670,19272.739654681049
2014-12-21 15:30:00,19194,21258.663943732543
2014-12-21 16:00:00,17506,21771.897296022864
2014-12-21 16:30:00,15650,21605.913667275072
2014-12-21 17:00:00,17057,19142.900990401253
2014-12-21 17:30:00,19010,19154.560143749055
2014-12-21 18:00:00,19688,20231.112032381574
2014-12-21 18:30:00,19461,21035.733460542288
2014-12-21 19:00:00,19098,21232.695692722937
2014-12-21 19:30:00,17989,20281.757964696222
2014-12-21 20:00:00,16406,20886.973237917482
2014-12-21 20:30:00,16716,20341.971318958091
2014-12-21 21:00:00,15983,19555.842368533526
2014-12-21 21:30:00,16304,16702.55253019106
2014-12-21 22:00:00,15546,16850.52370122014
2014-12-21 22:30:00,13653,16426.736983570245
2014-12-21 23:00:00,12018,15302.253390771404
2014-12-21 23:30:00,10392,13441.866193522777
2014-12-22 00:00:00,8488,16013.9621264367
2014-12-22 00:30:00,6812,9766.3113992275939
2014-12-22 01:00:00,5155,5478.252855969602
2014-12-22 01:30:00,4081,4323.6012609563677
2014-12-22 02:00:00,3429,905.83158616665969
2014-12-22 02:30:00,2686,3911.2075197226332
2014-12-22 03:00:00,2341,5032.5942382929916
2014-12-22 03:30:00,2080,7137.6961877667427
2014-12-22 04:00:00,2561,4973.4948344646928
2014-12-22 04:30:00,2438,7803.2213607412987
2014-12-22 05:00:00,2549,6889.464566739709
2014-12-22 05:30:00,4003,8818.5878119412337
2014-12-22 06:00:00,5410,12001.342127627571
2014-12-22 06:30:00,9139,13837.049131086442
2014-12-22 07:00:00,10980,15267.822669642568
2014-12-22 07:30:00,13351,15683.863577295644
2014-12-22 08:00:00,14666,15987.507244359791
2014-12-22 08:30:00,16540,14679.882370975762
2014-12-22 09:00:00,16439,15482.255731666177
2014-12-22 09:30:00,16681,13802.783813806927
2014-12-22 10:00:00,15663,17650.234442562843
2014-12-22 10:30:00,16128,15852.49406174131
2014-12-22 11:00:00,16377,20278.422717751586
2014-12-22 11:30:00,17607,21787.844872436741
2014-12-22 12:00:00,17770,25709.897652604712
2014-12-22 12:30:00,17843,24130.813151058275
2014-12-22 13:00:00,17279,21847.684916480368
2014-12-22 13:30:00,18264,18114.047803234469
2014-12-22 14:00:00,18359,19166.80343393737
2014-12-22 14:30:00,18664,15892.340942076587
2014-12-22 15:00:00,18428,13960.375759036795
2014-12-22 15:30:00,15976,16060.833554521299
2014-12-22 16:00:00,13994,17018.393651818129
2014-12-22 16:30:00,12958,20072.901667131406
2014-12-22 17:00:00,15433,20637.270031166048
2014-12-22 17:30:00,17793,22946.568276541038
2014-12-22 18:00:00,19903,22084.155446368455
2014-12-22 18:30:00,20358,21950.792411966137
2014-12-22 19:00:00,20800,20809.944965331531
2014-12-22 19:30:00,19898,20034.379508277932
2014-12-22 20:00:00,18981,20565.367464163239
2014-12-22 20:30:00,19600,18735.034178818896
2014-12-22 21:00:00,19672,16546.963556513478
2014-12-22 21:30:00,20359,13431.138218066724
2014-12-22 22:00:00,19147,13154.931285958048
2014-12-22 22:30:00,17490,11358.941213463309
2014-12-22 23:00:00,14392,11411.676705514274
2014-12-22 23:30:00,12366,8884.4731907306377
2014-12-23 00:00:00,10077,8982.7485656771187
2014-12-23 00:30:00,8426,5026.4207702765598
2014-12-23 01:00:00,7343,3212.0741533174478
2014-12-23 01:30:00,5818,2244.86846515652
2014-12-23 02:00:00,4395,3262.4237787221737
2014-12-23 02:30:00,3238,5156.2663148005922
2014-12-23 03:00:00,2837,9097.8847841647439
2014-12-23 03:30:00,2628,10521.990934064892
2014-12-23 04:00:00,2815,11349.167697174769
2014-12-23 04:30:00,2524,13959.289666789613
2014-12-23 05:00:00,2749,13071.00999217985
2014-12-23 05:30:00,4221,13508.193954128656
2014-12-23 06:00:00,5790,13324.867381504373
2014-12-23 06:30:00,9106,12055.846586258762
2014-12-23 07:00:00,10805,11575.906412152484
2014-12-23 07:30:00,13627,13718.353602519917
2014-12-23 08:00:00,14896,14106.357130602268
2014-12-23 08:30:00,16914,14504.049791552288
2014-12-23 09:00:00,16813,18271.386313035451
2014-12-23 09:30:00,17257,19852.94725967211
2014-12-23 10:00:00,16746,21731.823687240834
2014-12-23 10:30:00,16668,20954.608885497051
2014-12-23 11:00:00,16334,19468.031263315337
2014-12-23 11:30:00,17869,16443.245803210797
2014-12-23 12:00:00,18559,14596.998423239278
2014-12-23 12:30:00,18627,14193.817330066737
2014-12-23 13:00:00,18394,15535.874499404075
2014-12-23 13:30:00,19529,18060.594976203687
2014-12-23 14:00:00,18765,19440.154599371199
2014-12-23 14:30:00,19273,18410.811760972992
2014-12-23 15:00:00,18364,15774.007551478589
2014-12-23 15:30:00,16426,15004.48427691386
2014-12-23 16:00:00,13940,15071.505803753804
2014-12-23 16:30:00,12171,16539.03862267562
2014-12-23 17:00:00,14585,17078.005202024233
2014-12-23 17:30:00,16878,19571.263411913314
2014-12-23 18:00:00,19444,18438.62809422498
2014-12-23 18:30:00,20377,18905.698003721671
2014-12-23 19:00:00,20065,20054.045255529236
2014-12-23 19:30:00,19194,21884.748290248546
2014-12-23 20:00:00,18589,19988.414148374639
2014-12-23 20:30:00,17560,16749.040526670553
2014-12-23 21:00:00,17394,10309.246427382748
2014-12-23 21:30:00,18424,4637.5988192435052
2014-12-23 22:00:00,16611,2986.5795071928787
2014-12-23 22:30:00,15547,3799.1496982682529
2014-12-23 23:00:00,14391,6295.1585195715907
2014-12-23 23:30:00,12687,7551.8054181796251
2014-12-24 00:00:00,11488,6542.3264477096163
2014-12-24 00:30:00,9158,5950.708582357458
2014-12-24 01:00:00,7484,6867.8471352415399
2014-12-24 01:30:00,6303,5428.9670856602061
2014-12-24 02:00:00,5454,5122.4939648383861
2014-12-24 02:30:00,4400,6907.2274214365152
2014-12-24 03:00:00,3409,7959.3796466616413
2014-12-24 03:30:00,3301,8547.5422128537939
2014-12-24 04:00:00,3479,7980.5179454045165
2014-12-24 04:30:00,2809,9646.7422884785192
2014-12-24 05:00:00,2713,8942.7791992318471
2014-12-24 05:30:00,3654,9863.9533206725246
2014-12-24 06:00:00,4943,11834.857763961802
2014-12-24 06:30:00,6952,11206.082299409667
2014-12-24 07:00:00,7357,10702.120771717638
2014-12-24 07:30:00,9019,11945.99926072141
2014-12-24 08:00:00,9982,13281.011635267754
2014-12-24 08:30:00,12036,14560.316642279186
2014-12-24 09:00:00,13416,17297.321241648853
2014-12-24 09:30:00,16386,19105.867603753431
2014-12-24 10:00:00,18242,21569.298914830026
2014-12-24 10:30:00,17436,22685.194838884348
2014-12-24 11:00:00,19281,21969.245932556456
2014-12-24 11:30:00,18939,20049.742576052111
2014-12-24 12:00:00,18558,19465.792550619524
2014-12-24 12:30:00,20400,19298.036577116411
2014-12-24 13:00:00,21494,17977.424688536797
2014-12-24 13:30:00,19961,17228.969000812154
2014-12-24 14:00:00,19618,16819.801601097042
2014-12-24 14:30:00,17870,16153.021954423137
2014-12-24 15:00:00,17549,16187.034856709359
2014-12-24 15:30:00,17387,17225.112349683186
2014-12-24 16:00:00,15882,16320.605425546732
2014-12-24 16:30:00,15280,14891.794376813154
2014-12-24 17:00:00,16907,15354.6195764
2014-12-24 17:30:00,16821,14714.38687056955
2014-12-24 18:00:00,17096,13664.544385130081
2014-12-24 18:30:00,16830,15376.70064838371
2014-12-24 19:00:00,15846,14768.309144937113
2014-12-24 19:30:00,14421,17556.380332191755
2014-12-24 20:00:00,13101,16638.342260294601
2014-12-24 20:30:00,13010,15029.889874695829
2014-12-24 21:00:00,12453,13328.925883522252
2014-12-24 21:30:00,12904,9145.4446268106658
2014-12-24 22:00:00,12563,6784.1427822664828
2014-12-24 22:30:00,12915,7106.6555844617642
2014-12-24 23:00:00,12169,7443.76492535543
2014-12-24 23:30:00,11420,6945.6127422308437
2014-12-25 00:00:00,10665,5951.3618817988772
2014-12-25 00:30:00,9890,4445.97327490317
2014-12-25 01:00:00,8488,4233.8338162570089
2014-12-25 01:30:00,7209,3265.8431819493835
2014-12-25 02:00:00,6240,4455.886495887602
2014-12-25 02:30:00,5143,5797.7679948128371
2014-12-25 03:00:00,4003,4970.6219029110562
2014-12-25 03:30:00,3414,5945.7052140591059
2014-12-25 04:00:00,3206,6624.602359069675
2014-12-25 04:30:00,2193,5707.6167287371118
2014-12-25 05:00:00,1801,6912.1415375873048
2014-12-25 05:30:00,1756,8046.6868598002129
2014-12-25 06:00:00,2144,9099.5966732274792
2014-12-25 06:30:00,2710,10140.000855032011
2014-12-25 07:00:00,2637,12072.058080933741
2014-12-25 07:30:00,3029,11478.833985102494
2014-12-25 08:00:00,2926,12269.307169167329
2014-12-25 08:30:00,3485,13994.485966674691
2014-12-25 09:00:00,4195,14570.152284362108
2014-12-25 09:30:00,5410,17643.436838165409
2014-12-25 10:00:00,6572,19102.849757728931
2014-12-25 10:30:00,7857,19150.702057053157
2014-12-25 11:00:00,8586,20620.934962283456
2014-12-25 11:30:00,9599,21167.689407165526
2014-12-25 12:00:00,10158,20079.073868586245
2014-12-25 12:30:00,10843,21377.697352227347
2014-12-25 13:00:00,10618,20653.378928130471
2014-12-25 13:30:00,11206,19600.017644789252
2014-12-25 14:00:00,11176,16875.931108685352
2014-12-25 14:30:00,12218,15668.208613411829
2014-12-25 15:00:00,12039,14999.362348183873
2014-12-25 15:30:00,11754,15160.366070360249
2014-12-25 16:00:00,11282,14357.791439885919
2014-12-25 16:30:00,10380,13045.779954698128
2014-12-25 17:00:00,10642,11866.598687764035
2014-12-25 17:30:00,10788,11082.202747140303
2014-12-25 18:00:00,10786,10957.520226699842
2014-12-25 18:30:00,11433,11365.380839812447
2014-12-25 19:00:00,11262,11692.77746992124
2014-12-25 19:30:00,10510,11898.490476126366
2014-12-25 20:00:00,9827,11631.486433080216
2014-12-25 20:30:00,10446,12086.039245176551
2014-12-25 21:00:00,10164,10522.288772670699
2014-12-25 21:30:00,11279,8934.3465178979532
2014-12-25 22:00:00,10756,8707.7739130702139
2014-12-25 22:30:00,10622,7881.9869206772246
2014-12-25 23:00:00,8270,4930.7196717227507
2014-12-25 23:30:00,7685,3575.9021550152902
2014-12-26 00:00:00,6540,2718.8966456159014
2014-12-26 00:30:00,5312,2528.9776988330759
2014-12-26 01:00:00,4573,1814.6275653788707
2014-12-26 01:30:00,3322,2052.2589444983769
2014-12-26 02:00:00,2840,2422.9176871641012
2014-12-26 02:30:00,2294,3878.0018335006243
2014-12-26 03:00:00,1888,3989.3451926428097
2014-12-26 03:30:00,1628,4115.8865377405691
2014-12-26 04:00:00,1962,4017.531519240747
2014-12-26 04:30:00,1541,4597.5757473917638
2014-12-26 05:00:00,1459,5085.5646215105844
2014-12-26 05:30:00,1993,5515.321247683205
2014-12-26 06:00:00,2763,6243.4773551775106
2014-12-26 06:30:00,3830,6336.1723575289889
2014-12-26 07:00:00,4376,7896.7032232000929
2014-12-26 07:30:00,5533,8862.9957364072798
2014-12-26 08:00:00,6342,8858.9582864520471
2014-12-26 08:30:00,7425,8524.3136068432705
2014-12-26 09:00:00,8473,9316.5203926244503
2014-12-26 09:30:00,9288,9566.6063850658211
2014-12-26 10:00:00,10259,10436.313898406146
2014-12-26 10:30:00,10994,11178.92664885404
2014-12-26 11:00:00,11708,12084.166119964742
2014-12-26 11:30:00,13105,12082.221934059287
2014-12-26 12:00:00,13577,12353.143732610235
2014-12-26 12:30:00,14110,12727.100332181682
2014-12-26 13:00:00,14559,12475.372067895549
2014-12-26 13:30:00,14063,12068.941252899969
2014-12-26 14:00:00,14506,11672.777791733781
2014-12-26 14:30:00,15863,11352.826053620945
2014-12-26 15:00:00,16608,11480.326415924626
2014-12-26 15:30:00,15959,11538.762424949322
2014-12-26 16:00:00,15481,12606.046812840539
2014-12-26 16:30:00,14491,12910.201836515203
2014-12-26 17:00:00,15597,13318.034984338947
2014-12-26 17:30:00,16349,13580.677770256809
2014-12-26 18:00:00,16711,12368.367652755853
2014-12-26 18:30:00,16708,12950.349402299154
2014-12-26 19:00:00,18113,12644.006829967178
2014-12-26 19:30:00,16700,13323.883160920217
2014-12-26 20:00:00,15087,14503.527055100163
2014-12-26 20:30:00,15282,12856.828332205156
2014-12-26 21:00:00,14797,9241.7258308696328
2014-12-26 21:30:00,14744,7627.7753597660485
2014-12-26 22:00:00,15618,8473.7478750391965
2014-12-26 22:30:00,16172,8206.7593609249197
2014-12-26 23:00:00,14863,9799.0949843842991
2014-12-26 23:30:00,13696,10597.64119529356
2014-12-27 00:00:00,13396,5987.169213508445
2014-12-27 00:30:00,12040,6099.1824644307289
2014-12-27 01:00:00,11298,5597.990686751602
2014-12-27 01:30:00,10005,4228.9129158558244
2014-12-27 02:00:00,9368,4444.6962895108263
2014-12-27 02:30:00,8002,4318.9029961320848
2014-12-27 03:00:00,7493,4168.4846505242222
2014-12-27 03:30:00,6509,4412.5992582138479
2014-12-27 04:00:00,5928,4519.2296447628705
2014-12-27 04:30:00,4158,5007.1763816049115
2014-12-27 05:00:00,2648,4376.2661503270592
2014-12-27 05:30:00,2313,5556.197092110946
2014-12-27 06:00:00,2391,5737.5675136890695
2014-12-27 06:30:00,2821,6193.8533544500424
2014-12-27 07:00:00,2967,7475.1975359594844
2014-12-27 07:30:00,4013,9162.3891110274271
2014-12-27 08:00:00,4505,9229.1350270496478
2014-12-27 08:30:00,6117,10223.053830678386
2014-12-27 09:00:00,7591,11842.885791132623
2014-12-27 09:30:00,9467,13292.392477242154
2014-12-27 10:00:00,10065,14735.050845347425
2014-12-27 10:30:00,11788,15326.054955003427
2014-12-27 11:00:00,12882,16052.344747754387
2014-12-27 11:30:00,14317,15061.087008140898
2014-12-27 12:00:00,15130,15566.527387122713
2014-12-27 12:30:00,15345,16817.191089807118
2014-12-27 13:00:00,17040,16792.475719282109
2014-12-27 13:30:00,16684,17366.990068198953
2014-12-27 14:00:00,16291,17025.446349350041
2014-12-27 14:30:00,17065,16853.744948769508
2014-12-27 15:00:00,17860,16250.457531205631
2014-12-27 15:30:00,17447,16001.023769580581
2014-12-27 16:00:00,16199,15332.185107513264
2014-12-27 16:30:00,14999,15619.499727256325
2014-12-27 17:00:00,15570,15276.910304550598
2014-12-27 17:30:00,17132,14297.260281236448
2014-12-27 18:00:00,17710,14176.91542817956
2014-12-27 18:30:00,18132,14661.673315581082
2014-12-27 19:00:00,18627,15881.292353868312
2014-12-27 19:30:00,17430,16438.502139496592
2014-12-27 20:00:00,16148,17022.180189730814
2014-12-27 20:30:00,15807,16009.826761665023
2014-12-27 21:00:00,16121,12076.009812485285
2014-12-27 21:30:00,17054,9589.956847076679
2014-12-27 22:00:00,18095,9777.4395807060555
2014-12-27 22:30:00,17628,9855.6843699337005
2014-12-27 23:00:00,17414,10745.338365019988
2014-12-27 23:30:00,17594,10893.653393763452
2014-12-28 00:00:00,16514,8075.7574818364155
2014-12-28 00:30:00,15556,6476.2919942017634
2014-12-28 01:00:00,14465,6068.6078370465602
2014-12-28 01:30:00,12810,5601.2437352025227
2014-12-28 02:00:00,12680,3820.8516643305265
2014-12-28 02:30:00,11121,3592.5284658134951
2014-12-28 03:00:00,9850,3296.8511476000986
2014-12-28 03:30:00,9033,4177.7610173036701
2014-12-28 04:00:00,8122,4659.335326319846
2014-12-28 04:30:00,5228,5041.7785692087218
2014-12-28 05:00:00,3452,4580.8725705129546
2014-12-28 05:30:00,2937,4198.1442970845474
2014-12-28 06:00:00,2764,5626.4957520857934
2014-12-28 06:30:00,3090,6300.5202990384114
2014-12-28 07:00:00,3109,9191.554145125865
2014-12-28 07:30:00,4300,10425.118719334336
2014-12-28 08:00:00,5130,12290.922534781397
2014-12-28 08:30:00,6652,12483.970069514415
2014-12-28 09:00:00,7486,15995.127030102232
2014-12-28 09:30:00,9812,16185.973472400112
2014-12-28 10:00:00,10911,17133.599833620578
2014-12-28 10:30:00,13280,18102.597734348587
2014-12-28 11:00:00,13191,19254.396182127006
2014-12-28 11:30:00,14218,18328.071874605172
2014-12-28 12:00:00,14878,18433.665671883264
2014-12-28 12:30:00,15665,18884.007868449851
2014-12-28 13:00:00,15911,21408.180745652735
2014-12-28 13:30:00,15002,21998.949771727632
2014-12-28 14:00:00,15102,21136.251412442241
2014-12-28 14:30:00,15658,19165.386003716678
2014-12-28 15:00:00,15756,17529.67640528411
2014-12-28 15:30:00,16645,17488.019343675387
2014-12-28 16:00:00,16464,16966.818621374936
2014-12-28 16:30:00,15288,15771.800784679064
2014-12-28 17:00:00,15988,15302.949932456972
2014-12-28 17:30:00,16608,14729.862628864104
2014-12-28 18:00:00,16556,14735.041188811832
2014-12-28 18:30:00,16635,15729.242914228222
2014-12-28 19:00:00,16446,16931.629276523639
2014-12-28 19:30:00,15796,17860.11724508788
2014-12-28 20:00:00,14951,19395.738768680363
2014-12-28 20:30:00,14373,19516.582323541013
2014-12-28 21:00:00,13695,18071.795311048398
2014-12-28 21:30:00,14411,16769.302152937267
2014-12-28 22:00:00,14035,13656.358810551959
2014-12-28 22:30:00,12954,11867.778804929028
2014-12-28 23:00:00,11239,9536.3202100461112
2014-12-28 23:30:00,10461,7073.2051329199185
2014-12-29 00:00:00,8548,5916.3817231359972
2014-12-29 00:30:00,6766,4886.8367720120532
2014-12-29 01:00:00,5087,2795.2282478005873
2014-12-29 01:30:00,4353,3196.473363596273
2014-12-29 02:00:00,3646,2171.0791354196153
2014-12-29 02:30:00,2857,2475.6139853930035
2014-12-29 03:00:00,2484,2138.6506474368507
2014-12-29 03:30:00,2105,3585.6527689928935
2014-12-29 04:00:00,2270,4113.2227292081716
2014-12-29 04:30:00,2033,5655.3926788674107
2014-12-29 05:00:00,2123,5671.519811543174
2014-12-29 05:30:00,2886,5988.0143245461404
2014-12-29 06:00:00,4249,6962.1128038042143
2014-12-29 06:30:00,6400,7730.7629411410153
2014-12-29 07:00:00,6953,9200.5975475839114
2014-12-29 07:30:00,8715,9701.801942180593
2014-12-29 08:00:00,9590,10933.258942428532
2014-12-29 08:30:00,12167,10837.906290118546
2014-12-29 09:00:00,12436,11779.229452176951
2014-12-29 09:30:00,13052,10789.500842278001
2014-12-29 10:00:00,13503,11205.073006668399
2014-12-29 10:30:00,13798,11852.540278167231
2014-12-29 11:00:00,14277,14268.018827741167
2014-12-29 11:30:00,15344,14762.802919445028
2014-12-29 12:00:00,15677,16785.149292442093
2014-12-29 12:30:00,16534,18009.495008192534
2014-12-29 13:00:00,16220,18708.988281291193
2014-12-29 13:30:00,16650,18609.287667273515
2014-12-29 14:00:00,17395,18037.723729107205
2014-12-29 14:30:00,17895,16975.185337484083
2014-12-29 15:00:00,17701,17202.554546761836
2014-12-29 15:30:00,17989,17917.029346014828
2014-12-29 16:00:00,16737,17635.693471943323
2014-12-29 16:30:00,15371,17284.487502576543
2014-12-29 17:00:00,17519,19198.142538215034
2014-12-29 17:30:00,18500,17920.880311022036
2014-12-29 18:00:00,20064,17597.245291735693
2014-12-29 18:30:00,20153,18018.072143490612
2014-12-29 19:00:00,20364,17943.561840242615
2014-12-29 19:30:00,18808,18015.101804677299
2014-12-29 20:00:00,17718,16583.664208885595
2014-12-29 20:30:00,16678,15175.304683638349
2014-12-29 21:00:00,17523,12115.856986648982
2014-12-29 21:30:00,17397,10335.052368689849
2014-12-29 22:00:00,16308,8575.1253770748172
2014-12-29 22:30:00,15954,6877.9391043147534
2014-12-29 23:00:00,14488,5909.2587697408708
2014-12-29 23:30:00,12738,5930.0588391735619
2014-12-30 00:00:00,11042,5144.5329694462507
2014-12-30 00:30:00,8774,4126.9992178860775
2014-12-30 01:00:00,7267,2508.9162865640847
2014-12-30 01:30:00,5704,3088.022378467047
2014-12-30 02:00:00,4749,2236.2884565665299
2014-12-30 02:30:00,3932,3288.9388310011927
2014-12-30 03:00:00,3336,4063.2870872808726
2014-12-30 03:30:00,3023,5753.647154405473
2014-12-30 04:00:00,3059,7905.0082133492724
2014-12-30 04:30:00,2399,9994.4655590744478
2014-12-30 05:00:00,2091,9949.0593419671532
2014-12-30 05:30:00,3019,10811.66075362948
2014-12-30 06:00:00,4208,10495.396163208812
2014-12-30 06:30:00,6505,10118.85179862706
2014-12-30 07:00:00,7026,12454.376983147602
2014-12-30 07:30:00,8953,13693.298747311937
2014-12-30 08:00:00,10186,14739.387550896228
2014-12-30 08:30:00,13046,14903.617506697316
2014-12-30 09:00:00,13519,15376.109241528335
2014-12-30 09:30:00,14319,15415.495351926209
2014-12-30 10:00:00,14433,16476.68122924411
2014-12-30 10:30:00,15570,16951.725184104238
2014-12-30 11:00:00,15690,19631.022675767723
2014-12-30 11:30:00,17265,18989.285703737936
2014-12-30 12:00:00,17830,18160.295912145819
2014-12-30 12:30:00,18552,17299.537041583815
2014-12-30 13:00:00,19340,17327.79408192934
2014-12-30 13:30:00,19070,18496.359874396545
2014-12-30 14:00:00,18866,17681.613057022325
2014-12-30 14:30:00,18709,17758.77035754704
2014-12-30 15:00:00,18906,17971.563400988005
2014-12-30 15:30:00,18178,18564.755220788215
2014-12-30 16:00:00,16420,18384.716486884856
2014-12-30 16:30:00,15066,18160.468883754249
2014-12-30 17:00:00,17023,17134.826489578845
2014-12-30 17:30:00,19201,15980.522729280892
2014-12-30 18:00:00,20950,16446.676417025501
2014-12-30 18:30:00,22321,16067.883786886407
2014-12-30 19:00:00,22549,17021.935961656272
2014-12-30 19:30:00,21405,18853.724294770826
2014-12-30 20:00:00,20209,17321.316982269764
2014-12-30 20:30:00,19574,15907.206921370798
2014-12-30 21:00:00,20294,11160.018807927234
2014-12-30 21:30:00,20054,9443.4773050460608
2014-12-30 22:00:00,19779,7658.252958590755
2014-12-30 22:30:00,18396,7916.1773985251784
2014-12-30 23:00:00,17966,8102.4657251580402
2014-12-30 23:30:00,15892,9011.7019996076597
2014-12-31 00:00:00,14294,4825.3666440748166
2014-12-31 00:30:00,12150,4677.4198372457849
2014-12-31 01:00:00,10423,3256.6539250654059
2014-12-31 01:30:00,8229,3910.4468240948099
2014-12-31 02:00:00,7068,2934.1983504673935
2014-12-31 02:30:00,5572,4288.8666620973636
2014-12-31 03:00:00,4669,3274.072127313686
2014-12-31 03:30:00,3922,4609.7970821298331
2014-12-31 04:00:00,4120,4449.7301070699414
2014-12-31 04:30:00,2786,8519.675853400724
2014-12-31 05:00:00,2265,9715.1796577406785
2014-12-31 05:30:00,2825,11503.810193949848
2014-12-31 06:00:00,3705,12552.793007618449
2014-12-31 06:30:00,5745,11472.004954820106
2014-12-31 07:00:00,6334,10771.272152136149
2014-12-31 07:30:00,8324,11630.140001291762
2014-12-31 08:00:00,9449,14109.154847543425
2014-12-31 08:30:00,11877,15149.196052872596
2014-12-31 09:00:00,11917,16908.942325428463
2014-12-31 09:30:00,12621,17192.4668594627
2014-12-31 10:00:00,13294,17179.628441506655
2014-12-31 10:30:00,13850,16691.97861304344
2014-12-31 11:00:00,15128,19112.140113513073
2014-12-31 11:30:00,16996,19220.278328123615
2014-12-31 12:00:00,16815,19178.881542277675
2014-12-31 12:30:00,17275,19041.556477581726
2014-12-31 13:00:00,18553,19523.175512612721
2014-12-31 13:30:00,18607,17908.68008338811
2014-12-31 14:00:00,18703,15999.045803266476
2014-12-31 14:30:00,18970,16693.563127541653
2014-12-31 15:00:00,19316,17855.40650787429
2014-12-31 15:30:00,18542,17965.999655909578
2014-12-31 16:00:00,17583,17854.121194568241
2014-12-31 16:30:00,16607,17124.493219047861
2014-12-31 17:00:00,17991,17999.68972819615
2014-12-31 17:30:00,18983,17402.25204390398
2014-12-31 18:00:00,20014,18782.48136445156
2014-12-31 18:30:00,20943,19748.022364112647
2014-12-31 19:00:00,22114,20653.129721039153
2014-12-31 19:30:00,24368,21216.690453093561
2014-12-31 20:00:00,25524,21842.87943128519
2014-12-31 20:30:00,26779,20398.849473548358
2014-12-31 21:00:00,27804,18733.948067435893
2014-12-31 21:30:00,27315,16311.73314384572
2014-12-31 22:00:00,25417,15862.643117815678
2014-12-31 22:30:00,23177,18590.53299318943
2014-12-31 23:00:00,21826,19543.43449287556
2014-12-31 23:30:00,14152,19900.456279615177
2015-01-01 00:00:00,22153,6568.3078216477006
2015-01-01 00:30:00,29547,13294.879937310214
2015-01-01 01:00:00,30236,16703.550130670927
2015-01-01 01:30:00,28348,18433.418089123938
2015-01-01 02:00:00,26264,18511.490644396607
2015-01-01 02:30:00,25243,15194.192257670524
2015-01-01 03:00:00,23117,16205.01833351465
2015-01-01 03:30:00,21017,20410.41054784782
2015-01-01 04:00:00,18170,15091.621904006915
2015-01-01 04:30:00,12629,11171.317019558555
2015-01-01 05:00:00,8899,8408.8428936679411
2015-01-01 05:30:00,6999,11978.301567816987
2015-01-01 06:00:00,5750,14408.944961300445
2015-01-01 06:30:00,5381,15824.738574870144
2015-01-01 07:00:00,5056,12987.251793085727
2015-01-01 07:30:00,4930,11062.619259154815
2015-01-01 08:00:00,4624,10343.076796135885
2015-01-01 08:30:00,4726,10663.777216277707
2015-01-01 09:00:00,5505,11112.021519651045
2015-01-01 09:30:00,6510,9056.0379655597862
2015-01-01 10:00:00,7705,7739.8455433026738
2015-01-01 10:30:00,10007,8404.6095718753586
2015-01-01 11:00:00,11405,9124.0232040921674
2015-01-01 11:30:00,13562,10849.872552200801
2015-01-01 12:00:00,14537,12034.169361255905
2015-01-01 12:30:00,15296,15593.187330757812
2015-01-01 13:00:00,15376,18310.040074907622
2015-01-01 13:30:00,16302,15767.392817145945
2015-01-01 14:00:00,16066,14195.22663603237
2015-01-01 14:30:00,16485,13729.810521698197
2015-01-01 15:00:00,16887,14498.541449459708
2015-01-01 15:30:00,16430,14704.751753725774
2015-01-01 16:00:00,16044,13607.86470695599
2015-01-01 16:30:00,14655,16933.793226630074
2015-01-01 17:00:00,15514,19134.96963185789
2015-01-01 17:30:00,16184,17432.451834789397
2015-01-01 18:00:00,16280,17504.82183576531
2015-01-01 18:30:00,16550,17832.592586344872
2015-01-01 19:00:00,15626,17835.691801175555
2015-01-01 19:30:00,14304,21606.534149575014
2015-01-01 20:00:00,13741,19841.100398019367
2015-01-01 20:30:00,13578,21514.182645578527
2015-01-01 21:00:00,13326,22474.229906866512
2015-01-01 21:30:00,13560,21045.091197060774
2015-01-01 22:00:00,12730,18560.056459654523
2015-01-01 22:30:00,12533,16076.683714820181
2015-01-01 23:00:00,10673,9462.7505050190157
2015-01-01 23:30:00,9947,11181.746843426703
2015-01-02 00:00:00,8258,12854.900334628644
2015-01-02 00:30:00,8343,12797.791584222372
2015-01-02 01:00:00,6326,10481.166838812223
2015-01-02 01:30:00,4485,7076.5799966281511
2015-01-02 02:00:00,3991,6737.0278982326399
2015-01-02 02:30:00,3126,6768.6682044264817
2015-01-02 03:00:00,2794,2189.573421140858
2015-01-02 03:30:00,2296,-334.97608612624754
2015-01-02 04:00:00,2506,2867.1050770127513
2015-01-02 04:30:00,2012,3835.8490119039798
2015-01-02 05:00:00,1955,7156.9640508643752
2015-01-02 05:30:00,2486,7236.9163860827985
2015-01-02 06:00:00,3774,8410.234090890759
2015-01-02 06:30:00,5344,9748.0408011879917
2015-01-02 07:00:00,5956,8275.7514562453725
2015-01-02 07:30:00,7314,7966.9911625440891
2015-01-02 08:00:00,8030,9037.9741538981962
2015-01-02 08:30:00,10085,10232.248055107968
2015-01-02 09:00:00,10867,10315.878406438838
2015-01-02 09:30:00,11830,7823.1090715032378
2015-01-02 10:00:00,12507,10699.456881209859
2015-01-02 10:30:00,13943,10769.516013673619
2015-01-02 11:00:00,14115,16244.214998409097
2015-01-02 11:30:00,15399,19461.906901667833
2015-01-02 12:00:00,16521,15351.984504319325
2015-01-02 12:30:00,16913,11349.778124642857
2015-01-02 13:00:00,16207,20078.886097170031
2015-01-02 13:30:00,17068,24841.057572896432
2015-01-02 14:00:00,17756,24233.432404282496
2015-01-02 14:30:00,17887,21369.637555424393
2015-01-02 15:00:00,17936,21203.177127003099
2015-01-02 15:30:00,18259,18437.9216821583
2015-01-02 16:00:00,16710,19536.669744233579
2015-01-02 16:30:00,15525,23071.986449595293
2015-01-02 17:00:00,17440,23965.881316549741
2015-01-02 17:30:00,19523,20785.324021819175
2015-01-02 18:00:00,20137,21802.177834450958
2015-01-02 18:30:00,20936,24140.971172363534
2015-01-02 19:00:00,21998,22177.626734624449
2015-01-02 19:30:00,19934,21703.988457862015
2015-01-02 20:00:00,18302,22788.287497081878
2015-01-02 20:30:00,17815,21602.070038112048
2015-01-02 21:00:00,17366,17889.27816317523
2015-01-02 21:30:00,17518,18709.322152702214
2015-01-02 22:00:00,19508,18743.88861279612
2015-01-02 22:30:00,19720,16299.160624712767
2015-01-02 23:00:00,18658,14443.373317188614
2015-01-02 23:30:00,19337,13821.790948644591
2015-01-03 00:00:00,18085,14273.511932141635
2015-01-03 00:30:00,16661,13689.321532988894
2015-01-03 01:00:00,15624,10166.852577428464
2015-01-03 01:30:00,14177,10105.154934117072
2015-01-03 02:00:00,12850,9269.5350353004724
2015-01-03 02:30:00,11509,9355.771282382133
2015-01-03 03:00:00,10329,8553.9943124976562
2015-01-03 03:30:00,8830,7979.9038643715458
2015-01-03 04:00:00,7903,6726.6976978194598
2015-01-03 04:30:00,4497,4508.7611416198997
2015-01-03 05:00:00,3189,2989.4666485982671
2015-01-03 05:30:00,2793,4887.540045185242
2015-01-03 06:00:00,2810,5685.0517318140719
2015-01-03 06:30:00,3696,6570.2132634092541
2015-01-03 07:00:00,3707,9719.370528130763
2015-01-03 07:30:00,4758,10348.220055038113
2015-01-03 08:00:00,5334,11847.160372047216
2015-01-03 08:30:00,7736,12804.27024296992
2015-01-03 09:00:00,9130,15363.3263244024
2015-01-03 09:30:00,11189,16559.261541438671
2015-01-03 10:00:00,11887,17334.47854042476
2015-01-03 10:30:00,14095,17319.474364704121
2015-01-03 11:00:00,14737,18647.774676251596
2015-01-03 11:30:00,16826,20336.353441703548
2015-01-03 12:00:00,18143,19879.98415133305
2015-01-03 12:30:00,20074,18780.218738236617
2015-01-03 13:00:00,21386,21419.745916252388
2015-01-03 13:30:00,21466,22811.213247881398
2015-01-03 14:00:00,21368,20283.314316378608
2015-01-03 14:30:00,21695,17729.920876072971
2015-01-03 15:00:00,21529,16928.178404475359
2015-01-03 15:30:00,20273,17516.940944665635
2015-01-03 16:00:00,19355,17382.817546836686
2015-01-03 16:30:00,17061,17919.025129810991
2015-01-03 17:00:00,18676,18485.384452031063
2015-01-03 17:30:00,21073,18586.006589330882
2015-01-03 18:00:00,22091,18905.722518417737
2015-01-03 18:30:00,23100,18368.187073799782
2015-01-03 19:00:00,23801,19232.557435235147
2015-01-03 19:30:00,22393,19578.838142734821
2015-01-03 20:00:00,18954,20185.910386499414
2015-01-03 20:30:00,18005,18898.014098891166
2015-01-03 21:00:00,19333,17156.900155118179
2015-01-03 21:30:00,18891,17605.189421484767
2015-01-03 22:00:00,20259,17685.390488994526
2015-01-03 22:30:00,20055,16106.592360063258
2015-01-03 23:00:00,19787,14677.917752957979
2015-01-03 23:30:00,20995,13324.708658376168
2015-01-04 00:00:00,19613,13812.172837442055
2015-01-04 00:30:00,16975,15552.217104862913
2015-01-04 01:00:00,16541,13159.761873875539
2015-01-04 01:30:00,14379,10289.781217694181
2015-01-04 02:00:00,13089,7738.4278932456236
2015-01-04 02:30:00,10506,7830.4045824570485
2015-01-04 03:00:00,9216,6642.2130110258404
2015-01-04 03:30:00,8103,7281.7549737459958
2015-01-04 04:00:00,6823,7190.0282438514296
2015-01-04 04:30:00,4263,5860.5784778572852
2015-01-04 05:00:00,3025,4121.8332993051117
2015-01-04 05:30:00,2549,4422.8127542700076
2015-01-04 06:00:00,2605,5254.944893292286
2015-01-04 06:30:00,3064,7042.3884403271031
2015-01-04 07:00:00,3205,7866.3135851677234
2015-01-04 07:30:00,4254,9385.7813892648592
2015-01-04 08:00:00,4897,11446.549728416578
2015-01-04 08:30:00,6628,12246.567772629249
2015-01-04 09:00:00,7726,14514.451956233584
2015-01-04 09:30:00,9284,15108.455579733889
2015-01-04 10:00:00,10955,15164.483623698437
2015-01-04 10:30:00,13348,14048.376802268967
2015-01-04 11:00:00,13517,15980.11427031928
2015-01-04 11:30:00,14443,17244.013341200101
2015-01-04 12:00:00,15285,18256.054178878061
2015-01-04 12:30:00,16028,20382.971398436523
2015-01-04 13:00:00,16329,22080.176017602396
2015-01-04 13:30:00,15891,25694.226125789824
2015-01-04 14:00:00,15960,25276.04091626138
2015-01-04 14:30:00,16376,22924.077709839243
2015-01-04 15:00:00,15303,19371.757064068333
2015-01-04 15:30:00,16271,17789.617014392999
2015-01-04 16:00:00,15873,17128.241338156848
2015-01-04 16:30:00,15588,17359.1341889541
2015-01-04 17:00:00,15471,16856.017287854214
2015-01-04 17:30:00,16139,15891.893739976073
2015-01-04 18:00:00,15862,15710.349192961463
2015-01-04 18:30:00,16218,14793.116025196421
2015-01-04 19:00:00,14093,15349.3199452263
2015-01-04 19:30:00,17786,15225.744718360009
2015-01-04 20:00:00,16079,16657.715877488048
2015-01-04 20:30:00,14137,17203.042836765813
2015-01-04 21:00:00,11407,16006.45645768849
2015-01-04 21:30:00,12479,11786.941675199585
2015-01-04 22:00:00,11317,10560.110235294447
2015-01-04 22:30:00,10005,6871.0583556852434
2015-01-04 23:00:00,8802,5592.4119340719189
2015-01-04 23:30:00,8002,3671.2979546913302
2015-01-05 00:00:00,6669,5818.1389018984901
2015-01-05 00:30:00,5961,6446.8662050667954
2015-01-05 01:00:00,4169,4939.3316874743523
2015-01-05 01:30:00,3365,4672.2708172163311
2015-01-05 02:00:00,2853,5207.275206416507
2015-01-05 02:30:00,2227,5790.0673316033899
2015-01-05 03:00:00,1609,7931.249722454033
2015-01-05 03:30:00,1697,9792.83591533648
2015-01-05 04:00:00,1883,10270.922724200254
2015-01-05 04:30:00,1837,11701.699606723412
2015-01-05 05:00:00,2476,11432.185665884617
2015-01-05 05:30:00,4040,11614.611461766639
2015-01-05 06:00:00,6431,13746.971731820813
2015-01-05 06:30:00,10496,12210.184424511992
2015-01-05 07:00:00,13610,13153.533728584509
2015-01-05 07:30:00,16277,15066.138710704807
2015-01-05 08:00:00,17760,16179.131563986291
2015-01-05 08:30:00,18026,17190.202530884821
2015-01-05 09:00:00,16706,16741.856727282327
2015-01-05 09:30:00,14662,20566.74002757515
2015-01-05 10:00:00,13070,19789.601968069706
2015-01-05 10:30:00,13459,18688.488347584851
2015-01-05 11:00:00,13218,17816.151417568668
2015-01-05 11:30:00,13909,17934.592979542333
2015-01-05 12:00:00,14379,18889.52382195208
2015-01-05 12:30:00,14113,18444.63047961636
2015-01-05 13:00:00,13982,19792.074261312977
2015-01-05 13:30:00,14514,19530.751621513096
2015-01-05 14:00:00,15268,18222.731153208322
2015-01-05 14:30:00,16675,16489.829570714606
2015-01-05 15:00:00,17423,14082.249644366793
2015-01-05 15:30:00,16521,16205.257922607561
2015-01-05 16:00:00,15352,18444.839933388568
2015-01-05 16:30:00,14644,20651.447054215922
2015-01-05 17:00:00,17059,19835.263966751718
2015-01-05 17:30:00,19269,17169.419415092336
2015-01-05 18:00:00,21361,17241.920558872109
2015-01-05 18:30:00,21906,17446.270891223365
2015-01-05 19:00:00,21994,17629.46723115928
2015-01-05 19:30:00,20678,17899.905113486584
2015-01-05 20:00:00,19248,16689.355746844529
2015-01-05 20:30:00,17546,13801.364187231133
2015-01-05 21:00:00,17201,11492.651167823331
2015-01-05 21:30:00,15830,7628.8588008395463
2015-01-05 22:00:00,14238,7726.7785025071353
2015-01-05 22:30:00,13120,7538.3259308372872
2015-01-05 23:00:00,11660,8130.5214544660039
2015-01-05 23:30:00,9741,8212.5565516955867
2015-01-06 00:00:00,7969,4333.94208582178
2015-01-06 00:30:00,6005,1731.1433768350562
2015-01-06 01:00:00,4592,765.00292274995991
2015-01-06 01:30:00,3487,2472.1311661154377
2015-01-06 02:00:00,2856,3118.6395654782809
2015-01-06 02:30:00,2238,4604.0473860942402
2015-01-06 03:00:00,1689,4420.3025032039604
2015-01-06 03:30:00,1602,4749.143285344242
2015-01-06 04:00:00,1774,6540.2420135945795
2015-01-06 04:30:00,1721,7933.1860172562083
2015-01-06 05:00:00,2118,10840.093772354732
2015-01-06 05:30:00,4101,11847.010338618937
2015-01-06 06:00:00,6266,12851.753577673837
2015-01-06 06:30:00,11168,12638.436590985793
2015-01-06 07:00:00,13976,13739.628072697325
2015-01-06 07:30:00,18081,13287.076672825398
2015-01-06 08:00:00,19819,13919.072698418193
2015-01-06 08:30:00,20102,15405.805910448802
2015-01-06 09:00:00,18237,17218.185517881178
2015-01-06 09:30:00,16472,19016.06128946468
2015-01-06 10:00:00,14510,20488.700118541703
2015-01-06 10:30:00,14365,15471.713423409903
2015-01-06 11:00:00,13611,11259.718605999788
2015-01-06 11:30:00,14729,11989.77341177579
2015-01-06 12:00:00,15072,13678.778614881643
2015-01-06 12:30:00,14628,16701.892477174857
2015-01-06 13:00:00,14069,20350.832900272188
2015-01-06 13:30:00,14987,19131.230362493607
2015-01-06 14:00:00,15176,17330.175191588478
2015-01-06 14:30:00,16884,14574.478056951095
2015-01-06 15:00:00,17055,13398.658950178622
2015-01-06 15:30:00,16238,13040.898703623408
2015-01-06 16:00:00,14566,17310.287374986703
2015-01-06 16:30:00,14604,17241.632003946106
2015-01-06 17:00:00,16314,15709.397088441796
2015-01-06 17:30:00,18758,14717.753782773225
2015-01-06 18:00:00,21579,15768.702993522154
2015-01-06 18:30:00,22500,14075.350132451136
2015-01-06 19:00:00,21920,13751.819849882193
2015-01-06 19:30:00,20788,13426.775973172347
2015-01-06 20:00:00,20461,14218.073551712896
2015-01-06 20:30:00,19640,10118.411619707796
2015-01-06 21:00:00,19580,6425.1357723595393
2015-01-06 21:30:00,19424,7856.9461801681919
2015-01-06 22:00:00,17170,9774.984487016507
2015-01-06 22:30:00,14955,9685.8295576559067
2015-01-06 23:00:00,12934,8095.5127303059953
2015-01-06 23:30:00,11087,6102.8993297307734
2015-01-07 00:00:00,8357,4980.3403659303476
2015-01-07 00:30:00,6788,5534.2145334789911
2015-01-07 01:00:00,5378,5036.4837700986973
2015-01-07 01:30:00,3889,4804.0484175655292
2015-01-07 02:00:00,3068,5028.6116118944137
2015-01-07 02:30:00,2406,5381.9336198627971
2015-01-07 03:00:00,2025,5873.1838016582751
2015-01-07 03:30:00,1739,6091.9126110598409
2015-01-07 04:00:00,1897,8399.2757974318811
2015-01-07 04:30:00,1820,11831.211814656683
2015-01-07 05:00:00,2039,13422.156539528531
2015-01-07 05:30:00,3857,13696.072818258783
2015-01-07 06:00:00,6280,13324.233612404229
2015-01-07 06:30:00,11280,11045.882053483178
2015-01-07 07:00:00,14586,11534.569214577332
2015-01-07 07:30:00,18374,13169.782424490013
2015-01-07 08:00:00,20307,15277.479614520325
2015-01-07 08:30:00,21113,16109.879140703008
2015-01-07 09:00:00,19287,17771.68722767309
2015-01-07 09:30:00,17966,18076.340664994983
2015-01-07 10:00:00,15690,21870.97073859899
2015-01-07 10:30:00,16091,18197.808008613749
2015-01-07 11:00:00,14981,14021.757980215616
2015-01-07 11:30:00,16906,12095.998660162672
2015-01-07 12:00:00,16648,12826.614396371471
2015-01-07 12:30:00,16826,15126.841666071336
2015-01-07 13:00:00,16379,18519.607083568098
2015-01-07 13:30:00,17457,18057.730757714173
2015-01-07 14:00:00,17335,16317.137203452803
2015-01-07 14:30:00,18690,14412.014908246036
2015-01-07 15:00:00,19029,14088.873412919509
2015-01-07 15:30:00,17234,17362.064534555469
2015-01-07 16:00:00,16505,20239.846942887667
2015-01-07 16:30:00,15509,22568.024701984188
2015-01-07 17:00:00,17873,20752.485022398563
2015-01-07 17:30:00,21871,17908.774241904212
2015-01-07 18:00:00,24019,17761.472006572541
2015-01-07 18:30:00,24965,18689.297512686924
2015-01-07 19:00:00,25708,17523.804478971466
2015-01-07 19:30:00,24871,17485.490753563205
2015-01-07 20:00:00,23732,15602.824278921438
2015-01-07 20:30:00,22463,13862.275237402346
2015-01-07 21:00:00,23142,11616.736575109635
2015-01-07 21:30:00,22369,8722.6664062645632
2015-01-07 22:00:00,21904,6994.4020274738323
2015-01-07 22:30:00,18610,8444.6716573511494
2015-01-07 23:00:00,15262,8800.4394285758626
2015-01-07 23:30:00,12490,6831.8942422879409
2015-01-08 00:00:00,9843,5168.1171854861423
2015-01-08 00:30:00,7477,4994.5468780061965
2015-01-08 01:00:00,5697,3421.8948146237908
2015-01-08 01:30:00,4327,4130.4759782072815
2015-01-08 02:00:00,3405,4121.285906779267
2015-01-08 02:30:00,2739,4514.6899306736723
2015-01-08 03:00:00,2066,5715.4724865036496
2015-01-08 03:30:00,2013,7113.1430496902185
2015-01-08 04:00:00,1975,8627.215633756341
2015-01-08 04:30:00,1760,13935.98171693491
2015-01-08 05:00:00,2033,15031.863545607392
2015-01-08 05:30:00,4164,15469.120929599598
2015-01-08 06:00:00,6627,14191.200308649622
2015-01-08 06:30:00,12142,13449.661363693274
2015-01-08 07:00:00,15873,12622.606764345552
2015-01-08 07:30:00,20194,14982.1975031157
2015-01-08 08:00:00,21891,16479.850176154854
2015-01-08 08:30:00,22117,16819.058770542801
2015-01-08 09:00:00,20435,18122.920618229837
2015-01-08 09:30:00,19472,18170.381264238727
2015-01-08 10:00:00,17256,20518.234062753105
2015-01-08 10:30:00,17401,18731.952676405017
2015-01-08 11:00:00,15595,13589.120249537727
2015-01-08 11:30:00,17559,13299.858938732244
2015-01-08 12:00:00,17823,15303.193553969184
2015-01-08 12:30:00,16634,14767.730285838601
2015-01-08 13:00:00,16523,18043.543893028618
2015-01-08 13:30:00,17209,20438.346520492221
2015-01-08 14:00:00,17438,18595.638460504368
2015-01-08 14:30:00,19801,15794.04564350685
2015-01-08 15:00:00,20241,15738.178360318398
2015-01-08 15:30:00,18535,18342.44651610314
2015-01-08 16:00:00,16573,22201.154341525078
2015-01-08 16:30:00,15095,23948.315760965736
2015-01-08 17:00:00,17871,21902.069455825924
2015-01-08 17:30:00,21606,18630.86193726485
2015-01-08 18:00:00,24071,19833.22240542735
2015-01-08 18:30:00,25176,19850.097285369295
2015-01-08 19:00:00,25592,20208.631396412864
2015-01-08 19:30:00,25125,19131.547978162034
2015-01-08 20:00:00,24584,19499.70096127611
2015-01-08 20:30:00,23692,16816.788871967034
2015-01-08 21:00:00,23593,13900.267791620863
2015-01-08 21:30:00,23676,8367.0612904103182
2015-01-08 22:00:00,23367,8290.2157010791998
2015-01-08 22:30:00,21952,9489.8077185900311
2015-01-08 23:00:00,19331,11662.864918239458
2015-01-08 23:30:00,15847,8469.6442538646043
2015-01-09 00:00:00,13156,5549.0720228711216
2015-01-09 00:30:00,10295,4159.0332429654936
2015-01-09 01:00:00,8080,2535.9614082668704
2015-01-09 01:30:00,6041,4583.3315815896385
2015-01-09 02:00:00,5180,4941.4278349869182
2015-01-09 02:30:00,3992,7022.2358049023223
2015-01-09 03:00:00,3359,7164.9404331641808
2015-01-09 03:30:00,2808,8737.1257023114995
2015-01-09 04:00:00,2703,9096.9604176696521
2015-01-09 04:30:00,2176,14631.971754515826
2015-01-09 05:00:00,2434,16240.489546862713
2015-01-09 05:30:00,4092,17880.451559653993
2015-01-09 06:00:00,6053,17896.845864303374
2015-01-09 06:30:00,11326,18093.742417287958
2015-01-09 07:00:00,13826,17616.158604811542
2015-01-09 07:30:00,15011,16606.2036582853
2015-01-09 08:00:00,15124,16563.267655761818
2015-01-09 08:30:00,15755,17714.996957868709
2015-01-09 09:00:00,16110,18214.001383946434
2015-01-09 09:30:00,16271,17655.881876978827
2015-01-09 10:00:00,15323,18977.902091928187
2015-01-09 10:30:00,15421,17856.327408306031
2015-01-09 11:00:00,14604,15441.01634159419
2015-01-09 11:30:00,15840,13538.807498955686
2015-01-09 12:00:00,15962,14523.513542710185
2015-01-09 12:30:00,15948,14584.866977606456
2015-01-09 13:00:00,16283,15490.567861473468
2015-01-09 13:30:00,16502,17393.004787388236
2015-01-09 14:00:00,17377,17480.616781920806
2015-01-09 14:30:00,18858,14870.480470002114
2015-01-09 15:00:00,18338,16373.913446710589
2015-01-09 15:30:00,17567,18990.513931453985
2015-01-09 16:00:00,15857,21404.843490735686
2015-01-09 16:30:00,15069,23416.777577893048
2015-01-09 17:00:00,18144,24371.599717512516
2015-01-09 17:30:00,21770,22086.443760200404
2015-01-09 18:00:00,24651,22209.099960816522
2015-01-09 18:30:00,26480,22311.294340814806
2015-01-09 19:00:00,27443,22767.359778645838
2015-01-09 19:30:00,27676,22609.4310797332
2015-01-09 20:00:00,25589,22779.233820710077
2015-01-09 20:30:00,23761,21593.078611569665
2015-01-09 21:00:00,23882,17333.897736322135
2015-01-09 21:30:00,23922,12345.437008171099
2015-01-09 22:00:00,24901,10986.213450212555
2015-01-09 22:30:00,25440,13125.813320833971
2015-01-09 23:00:00,25306,15858.94741584789
2015-01-09 23:30:00,25133,13280.185843974919
2015-01-10 00:00:00,24251,12830.969286950714
2015-01-10 00:30:00,22330,11256.559290692103
2015-01-10 01:00:00,19918,11785.96763924104
2015-01-10 01:30:00,17922,11038.815989486015
2015-01-10 02:00:00,16425,9987.2699676411412
2015-01-10 02:30:00,13977,8877.2838300258918
2015-01-10 03:00:00,11797,8613.6943333909803
2015-01-10 03:30:00,10171,9658.539219760336
2015-01-10 04:00:00,8666,9881.696804340183
2015-01-10 04:30:00,4721,9366.7544742022292
2015-01-10 05:00:00,3390,13281.447631358369
2015-01-10 05:30:00,2905,17271.771245576296
2015-01-10 06:00:00,3265,16790.755105844437
2015-01-10 06:30:00,4249,17977.705908041677
2015-01-10 07:00:00,5058,18173.206014059211
2015-01-10 07:30:00,6976,18042.889774344138
2015-01-10 08:00:00,7425,16728.036299449381
2015-01-10 08:30:00,11024,14697.490437251796
2015-01-10 09:00:00,13013,16945.148415174521
2015-01-10 09:30:00,16327,17976.421133281139
2015-01-10 10:00:00,16385,18198.496405892554
2015-01-10 10:30:00,18820,17074.925564768459
2015-01-10 11:00:00,19868,14116.360029387495
2015-01-10 11:30:00,22503,14972.556128737486
2015-01-10 12:00:00,22724,18136.359885729431
2015-01-10 12:30:00,23856,18658.004574653602
2015-01-10 13:00:00,23073,19607.993505059974
2015-01-10 13:30:00,22492,21261.796146933273
2015-01-10 14:00:00,21336,21587.578217778726
2015-01-10 14:30:00,22371,20580.106527705138
2015-01-10 15:00:00,23119,17720.647043888202
2015-01-10 15:30:00,23941,18723.290564631941
2015-01-10 16:00:00,22728,21614.540824464195
2015-01-10 16:30:00,20126,24692.879551887654
2015-01-10 17:00:00,21139,24155.940688610688
2015-01-10 17:30:00,24417,23469.852414969377
2015-01-10 18:00:00,26639,24698.216397421071
2015-01-10 18:30:00,26907,23294.093789207425
2015-01-10 19:00:00,28043,23061.149670100811
2015-01-10 19:30:00,26853,23259.073076547033
2015-01-10 20:00:00,27983,24619.298006990008
2015-01-10 20:30:00,24555,24169.149163029073
2015-01-10 21:00:00,23596,23329.459271080261
2015-01-10 21:30:00,24947,22367.434392984032
2015-01-10 22:00:00,26085,21770.992825288231
2015-01-10 22:30:00,27646,22181.515787762692
2015-01-10 23:00:00,28301,20095.384951874679
2015-01-10 23:30:00,28401,18817.053067289347
2015-01-11 00:00:00,26653,13336.785420103124
2015-01-11 00:30:00,24790,12533.467560891862
2015-01-11 01:00:00,23141,10782.273502091486
2015-01-11 01:30:00,20654,10844.098775723229
2015-01-11 02:00:00,19179,8704.5217875870912
2015-01-11 02:30:00,16879,6624.0170400137849
2015-01-11 03:00:00,14597,4661.252266576621
2015-01-11 03:30:00,12394,5599.1414671175662
2015-01-11 04:00:00,9787,6181.2006868613098
2015-01-11 04:30:00,5859,7739.7873756613153
2015-01-11 05:00:00,3682,7038.9525341043036
2015-01-11 05:30:00,3108,9169.2392712421679
2015-01-11 06:00:00,2883,12153.194350174606
2015-01-11 06:30:00,3710,15470.413362951795
2015-01-11 07:00:00,3790,16142.606766333152
2015-01-11 07:30:00,5294,14747.882867775579
2015-01-11 08:00:00,6133,14064.645760014402
2015-01-11 08:30:00,8808,14010.01031121549
2015-01-11 09:00:00,9884,16416.066158169277
2015-01-11 09:30:00,13052,18705.182991322872
2015-01-11 10:00:00,13881,21998.542099658705
2015-01-11 10:30:00,17481,22324.931139377339
2015-01-11 11:00:00,17730,22116.156461601924
2015-01-11 11:30:00,20015,21537.542359467625
2015-01-11 12:00:00,19794,22279.685593506503
2015-01-11 12:30:00,21709,24463.619170383907
2015-01-11 13:00:00,21296,27727.45786119
2015-01-11 13:30:00,20381,25517.54060357191
2015-01-11 14:00:00,19508,22566.496606215267
2015-01-11 14:30:00,19210,20820.366389526032
2015-01-11 15:00:00,18255,18767.239523660486
2015-01-11 15:30:00,19171,18359.98321862486
2015-01-11 16:00:00,18758,17669.293711975763
2015-01-11 16:30:00,19444,17719.292020682489
2015-01-11 17:00:00,19816,19339.232850386874
2015-01-11 17:30:00,19830,20952.854186289191
2015-01-11 18:00:00,19842,20618.684820605373
2015-01-11 18:30:00,19586,21904.141355010077
2015-01-11 19:00:00,18579,20510.151743073522
2015-01-11 19:30:00,17586,19813.590470374384
2015-01-11 20:00:00,15320,19863.025896046147
2015-01-11 20:30:00,13987,19752.233772289015
2015-01-11 21:00:00,13611,17718.867080576711
2015-01-11 21:30:00,13943,16844.984865997696
2015-01-11 22:00:00,12956,17872.653327275577
2015-01-11 22:30:00,11585,16726.337481200568
2015-01-11 23:00:00,12116,14037.03637446112
2015-01-11 23:30:00,9058,13577.432934514132
2015-01-12 00:00:00,7147,16493.027972669664
2015-01-12 00:30:00,5365,9782.7156435123616
2015-01-12 01:00:00,3756,9073.6460597395308
2015-01-12 01:30:00,3077,4568.4191903651918
2015-01-12 02:00:00,2603,715.5582017008328
2015-01-12 02:30:00,2264,-680.07173413375131
2015-01-12 03:00:00,1973,1815.8981239815148
2015-01-12 03:30:00,1679,8415.4338964129784
2015-01-12 04:00:00,1964,9455.5061334224847
2015-01-12 04:30:00,1891,13319.283342163375
2015-01-12 05:00:00,2303,13215.696331150748
2015-01-12 05:30:00,4462,13451.301282577295
2015-01-12 06:00:00,6496,12739.150731450145
2015-01-12 06:30:00,11269,11032.013287194013
2015-01-12 07:00:00,14140,10749.458088143325
2015-01-12 07:30:00,18040,14483.307070602928
2015-01-12 08:00:00,19618,18912.523068427236
2015-01-12 08:30:00,19631,18998.89365105582
2015-01-12 09:00:00,18598,21801.215128769334
2015-01-12 09:30:00,17797,20234.049528125444
2015-01-12 10:00:00,16160,23037.843117479322
2015-01-12 10:30:00,15872,21137.325995002993
2015-01-12 11:00:00,15103,24518.943577444206
2015-01-12 11:30:00,16858,22894.049472813014
2015-01-12 12:00:00,17532,24870.326166336126
2015-01-12 12:30:00,16478,22874.188629766333
2015-01-12 13:00:00,16071,23391.598422056952
2015-01-12 13:30:00,17036,22467.466704377483
2015-01-12 14:00:00,17167,20023.95512686505
2015-01-12 14:30:00,18607,17386.699903010471
2015-01-12 15:00:00,19387,17797.377314623467
2015-01-12 15:30:00,16274,19624.986572943595
2015-01-12 16:00:00,15210,20466.402108275299
2015-01-12 16:30:00,14695,21747.258615125575
2015-01-12 17:00:00,16686,21218.159642864877
2015-01-12 17:30:00,19234,26014.602098015159
2015-01-12 18:00:00,21350,24456.270727224655
2015-01-12 18:30:00,22150,22496.241335960796
2015-01-12 19:00:00,21582,21825.452157206371
2015-01-12 19:30:00,20321,19245.821126403545
2015-01-12 20:00:00,20071,19498.49248828075
2015-01-12 20:30:00,18532,17905.417287558099
2015-01-12 21:00:00,18801,17563.47020142027
2015-01-12 21:30:00,17972,15720.596925302665
2015-01-12 22:00:00,17298,12173.779787983127
2015-01-12 22:30:00,14655,10053.96130511206
2015-01-12 23:00:00,12376,9573.4897744275549
2015-01-12 23:30:00,10191,9370.4915779126659
2015-01-13 00:00:00,11139,9310.2829415446031
2015-01-13 00:30:00,7323,4231.9436849205485
2015-01-13 01:00:00,5142,3089.1362108309877
2015-01-13 01:30:00,3987,4047.9569018780112
2015-01-13 02:00:00,3197,2954.7411447722043
2015-01-13 02:30:00,2336,1791.8207720852388
2015-01-13 03:00:00,1800,4411.8544059143751
2015-01-13 03:30:00,1742,7980.5948727820596
2015-01-13 04:00:00,1901,10097.77628901726
2015-01-13 04:30:00,1681,9908.217576171066
2015-01-13 05:00:00,2036,10811.552119466283
2015-01-13 05:30:00,4284,11824.558947077228
2015-01-13 06:00:00,6390,13881.381336689767
2015-01-13 06:30:00,11432,10404.336314074397
2015-01-13 07:00:00,14929,11775.786576868853
2015-01-13 07:30:00,19814,13085.800060618714
2015-01-13 08:00:00,21295,14413.941598972775
2015-01-13 08:30:00,21258,15289.381346261043
2015-01-13 09:00:00,20209,18185.008477274292
2015-01-13 09:30:00,19420,19897.901599900182
2015-01-13 10:00:00,18088,27272.762790852772
2015-01-13 10:30:00,17942,21119.605902878364
2015-01-13 11:00:00,17251,15398.678620206394
2015-01-13 11:30:00,18843,12938.531937265925
2015-01-13 12:00:00,18906,12305.353301699677
2015-01-13 12:30:00,18117,13506.460833257326
2015-01-13 13:00:00,17533,17003.917380399897
2015-01-13 13:30:00,18593,20845.856939228714
2015-01-13 14:00:00,18967,20477.736118945999
2015-01-13 14:30:00,20374,17197.128081093138
2015-01-13 15:00:00,20245,16659.412226145683
2015-01-13 15:30:00,18663,14173.014570202926
2015-01-13 16:00:00,16688,17704.55662190622
2015-01-13 16:30:00,14860,18805.856401423727
2015-01-13 17:00:00,16990,19626.219974738855
2015-01-13 17:30:00,20233,18970.479518255088
2015-01-13 18:00:00,23012,19233.579899062715
2015-01-13 18:30:00,24353,20406.655991889071
2015-01-13 19:00:00,24698,19593.616560112801
2015-01-13 19:30:00,24188,19951.216283088565
2015-01-13 20:00:00,24033,18230.57508335889
2015-01-13 20:30:00,23737,16368.969333467656
2015-01-13 21:00:00,23774,10958.601600140881
2015-01-13 21:30:00,23522,6560.6871790901259
2015-01-13 22:00:00,21828,5759.2801504915788
2015-01-13 22:30:00,18996,8641.5039852283007
2015-01-13 23:00:00,15659,10349.640904259464
2015-01-13 23:30:00,12989,9515.3675099756547
2015-01-14 00:00:00,10584,6002.5973375058456
2015-01-14 00:30:00,7941,6822.2461319093691
2015-01-14 01:00:00,6221,3684.4799499277851
2015-01-14 01:30:00,4792,2135.4920940346638
2015-01-14 02:00:00,3814,2659.9269518950787
2015-01-14 02:30:00,3053,3898.9584754910029
2015-01-14 03:00:00,2725,5144.6646109563062
2015-01-14 03:30:00,2356,7533.7300777466889
2015-01-14 04:00:00,2327,7575.4037072784668
2015-01-14 04:30:00,2058,9991.3761211347937
2015-01-14 05:00:00,2267,12209.520858017522
2015-01-14 05:30:00,4547,14477.16265589533
2015-01-14 06:00:00,6582,16487.261764110168
2015-01-14 06:30:00,12004,14100.642404546983
2015-01-14 07:00:00,15442,15138.411245781732
2015-01-14 07:30:00,20021,15596.363100301875
2015-01-14 08:00:00,20953,19854.604791135916
2015-01-14 08:30:00,21276,18830.083466303517
2015-01-14 09:00:00,20444,19559.822889567578
2015-01-14 09:30:00,19071,18842.18475139204
2015-01-14 10:00:00,17173,20009.570982230551
2015-01-14 10:30:00,17446,19597.218309590484
2015-01-14 11:00:00,16319,16390.027400990704
2015-01-14 11:30:00,18120,12695.945767841284
2015-01-14 12:00:00,18258,15330.151844558699
2015-01-14 12:30:00,17222,17911.188132370735
2015-01-14 13:00:00,16563,19145.192328472298
2015-01-14 13:30:00,17953,22727.043396769659
2015-01-14 14:00:00,18119,20494.915834279731
2015-01-14 14:30:00,18740,16469.210870491625
2015-01-14 15:00:00,18803,14512.469927701692
2015-01-14 15:30:00,17318,14978.360509886414
2015-01-14 16:00:00,15354,18762.578052920137
2015-01-14 16:30:00,14243,21839.44162930602
2015-01-14 17:00:00,16310,23036.487273908639
2015-01-14 17:30:00,20078,20891.595043449488
2015-01-14 18:00:00,22844,20655.086780958445
2015-01-14 18:30:00,23895,20564.047607689681
2015-01-14 19:00:00,24410,19185.088209714668
2015-01-14 19:30:00,24216,20662.300062842496
2015-01-14 20:00:00,22351,20057.557664999396
2015-01-14 20:30:00,22154,14898.761700997173
2015-01-14 21:00:00,22757,7716.9296781478124
2015-01-14 21:30:00,22301,7277.5041099645769
2015-01-14 22:00:00,22537,7458.7165154828581
2015-01-14 22:30:00,19647,9697.7341553035621
2015-01-14 23:00:00,16555,10402.536673406274
2015-01-14 23:30:00,13935,8073.8646436832023
2015-01-15 00:00:00,10852,6806.6843309890701
2015-01-15 00:30:00,8131,7054.3596829425696
2015-01-15 01:00:00,6253,4388.3312981254494
2015-01-15 01:30:00,4881,3325.0686340231368
2015-01-15 02:00:00,3872,2967.3382606241121
2015-01-15 02:30:00,2952,6598.8158564182249
2015-01-15 03:00:00,2530,6694.3829796746468
2015-01-15 03:30:00,2242,8855.3540559218127
2015-01-15 04:00:00,2384,9244.0511856964331
2015-01-15 04:30:00,2102,13209.331528759818
2015-01-15 05:00:00,2353,14924.928286098009
2015-01-15 05:30:00,4388,17076.876839838646
2015-01-15 06:00:00,6600,17953.245465661596
2015-01-15 06:30:00,11844,17745.39651516169
2015-01-15 07:00:00,15429,17685.35496147296
2015-01-15 07:30:00,19536,17285.921567564619
2015-01-15 08:00:00,20800,19021.607262713951
2015-01-15 08:30:00,21237,17863.623898666629
2015-01-15 09:00:00,20044,19630.047435401673
2015-01-15 09:30:00,19195,19743.581047965312
2015-01-15 10:00:00,16819,21453.91500332193
2015-01-15 10:30:00,17002,21887.632477918101
2015-01-15 11:00:00,15592,17254.346156622054
2015-01-15 11:30:00,17319,14341.24290882125
2015-01-15 12:00:00,18062,15167.484092233435
2015-01-15 12:30:00,16821,16795.105126607843
2015-01-15 13:00:00,16158,17460.569487848639
2015-01-15 13:30:00,17614,19735.25497279493
2015-01-15 14:00:00,17978,19291.745343231374
2015-01-15 14:30:00,18693,15584.604630974653
2015-01-15 15:00:00,18743,17036.17096058527
2015-01-15 15:30:00,17213,18596.975835588142
2015-01-15 16:00:00,15389,20248.237106536137
2015-01-15 16:30:00,13926,23340.310607090316
2015-01-15 17:00:00,16336,24461.155222011133
2015-01-15 17:30:00,19647,22183.469835578522
2015-01-15 18:00:00,22732,21033.287080916016
2015-01-15 18:30:00,24064,20603.019181438991
2015-01-15 19:00:00,24881,18724.104973666705
2015-01-15 19:30:00,24507,19082.352317391764
2015-01-15 20:00:00,24438,19900.964705104558
2015-01-15 20:30:00,23792,16800.296425530003
2015-01-15 21:00:00,24517,10751.34710947488
2015-01-15 21:30:00,24126,9000.4429247732514
2015-01-15 22:00:00,23957,8241.1206200094202
2015-01-15 22:30:00,22825,8782.2362413993051
2015-01-15 23:00:00,21086,11460.535593250206
2015-01-15 23:30:00,17957,9030.717983205619
2015-01-16 00:00:00,14729,7368.5147205467192
2015-01-16 00:30:00,11814,9340.5064686458791
2015-01-16 01:00:00,9221,7021.1809004489023
2015-01-16 01:30:00,7049,3824.3022636795395
2015-01-16 02:00:00,6102,2649.3734985900646
2015-01-16 02:30:00,4971,5035.8193342797731
2015-01-16 03:00:00,4205,5116.8687953733461
2015-01-16 03:30:00,3238,7086.63911175251
2015-01-16 04:00:00,3474,7781.7708495399775
2015-01-16 04:30:00,2952,11754.574210034603
2015-01-16 05:00:00,2858,14354.76060021488
2015-01-16 05:30:00,4621,18155.389392526893
2015-01-16 06:00:00,6570,20556.958761753474
2015-01-16 06:30:00,11368,20142.102144420034
2015-01-16 07:00:00,14644,20319.544056240178
2015-01-16 07:30:00,18846,19051.938233578392
2015-01-16 08:00:00,19936,19375.728595042132
2015-01-16 08:30:00,20315,18835.172029743127
2015-01-16 09:00:00,19285,19055.574586518051
2015-01-16 09:30:00,18492,17525.653700384126
2015-01-16 10:00:00,16873,18489.593981473554
2015-01-16 10:30:00,16492,17445.381979947982
2015-01-16 11:00:00,15440,17215.548943849171
2015-01-16 11:30:00,17341,13792.268204738881
2015-01-16 12:00:00,17377,14288.98874093658
2015-01-16 12:30:00,16922,15925.195978648188
2015-01-16 13:00:00,16465,17509.441385361151
2015-01-16 13:30:00,17797,17983.730207963337
2015-01-16 14:00:00,18924,17941.803446350732
2015-01-16 14:30:00,19579,15716.084492638447
2015-01-16 15:00:00,19159,17786.373000179829
2015-01-16 15:30:00,17343,19876.282923373317
2015-01-16 16:00:00,15856,20405.850217203766
2015-01-16 16:30:00,14769,23392.2548344108
2015-01-16 17:00:00,16980,24754.325361705763
2015-01-16 17:30:00,21604,22866.125159737072
2015-01-16 18:00:00,24026,21951.774936300062
2015-01-16 18:30:00,26085,21459.52715417849
2015-01-16 19:00:00,27462,20281.00912612526
2015-01-16 19:30:00,27681,20713.1700296733
2015-01-16 20:00:00,26427,22106.04452191633
2015-01-16 20:30:00,25444,20757.175346717027
2015-01-16 21:00:00,25168,17182.528656059076
2015-01-16 21:30:00,25376,13114.593536510827
2015-01-16 22:00:00,26024,9687.4593972467919
2015-01-16 22:30:00,26428,8934.5064736669119
2015-01-16 23:00:00,25890,11799.123535828219
2015-01-16 23:30:00,25472,10899.203270546308
2015-01-17 00:00:00,24841,9246.763440438539
2015-01-17 00:30:00,22159,11703.231942881124
2015-01-17 01:00:00,20046,14097.57800630987
2015-01-17 01:30:00,17945,10428.739191086257
2015-01-17 02:00:00,15954,8512.5966869420445
2015-01-17 02:30:00,14210,6474.6222015142448
2015-01-17 03:00:00,12146,6115.9653309792939
2015-01-17 03:30:00,10342,7521.8562089506704
2015-01-17 04:00:00,8970,7660.657153383986
2015-01-17 04:30:00,5302,7373.7416553877229
2015-01-17 05:00:00,3600,10516.36548323068
2015-01-17 05:30:00,3192,15100.273340448757
2015-01-17 06:00:00,3473,16846.720792590673
2015-01-17 06:30:00,4304,20176.31202003446
2015-01-17 07:00:00,4478,20042.480189264679
2015-01-17 07:30:00,6310,19034.703779977517
2015-01-17 08:00:00,7465,16936.571703728667
2015-01-17 08:30:00,11664,14830.502637169602
2015-01-17 09:00:00,12000,17494.021081454899
2015-01-17 09:30:00,14970,18629.978371404912
2015-01-17 10:00:00,15205,19768.813051363762
2015-01-17 10:30:00,17118,16726.334152162082
2015-01-17 11:00:00,17495,14240.74195168679
2015-01-17 11:30:00,19508,14956.900084165653
2015-01-17 12:00:00,20017,16175.507712411345
2015-01-17 12:30:00,20707,17368.768881697055
2015-01-17 13:00:00,20941,17791.939683632572
2015-01-17 13:30:00,20725,18922.827422118808
2015-01-17 14:00:00,19358,18844.370077647363
2015-01-17 14:30:00,20008,18070.659555465023
2015-01-17 15:00:00,20758,18172.900047649051
2015-01-17 15:30:00,21068,18347.611448178526
2015-01-17 16:00:00,20316,18508.892309258958
2015-01-17 16:30:00,19248,21673.917504526205
2015-01-17 17:00:00,20449,25667.331410991523
2015-01-17 17:30:00,23133,25913.686184145125
2015-01-17 18:00:00,23733,25329.443424435038
2015-01-17 18:30:00,25602,22650.206586544642
2015-01-17 19:00:00,27074,23052.363818822134
2015-01-17 19:30:00,25487,23782.772987369619
2015-01-17 20:00:00,22437,26799.793866324995
2015-01-17 20:30:00,21569,26385.342299992251
2015-01-17 21:00:00,21542,26035.280661523044
2015-01-17 21:30:00,22661,24356.936192546938
2015-01-17 22:00:00,23754,21451.679467722046
2015-01-17 22:30:00,25114,19405.125295076225
2015-01-17 23:00:00,25308,16697.178827676955
2015-01-17 23:30:00,25251,16065.927616791094
2015-01-18 00:00:00,25423,14357.622132515517
2015-01-18 00:30:00,23964,15418.475778095697
2015-01-18 01:00:00,22134,15642.952794539005
2015-01-18 01:30:00,20253,11482.416693498049
2015-01-18 02:00:00,19354,9680.7127559367473
2015-01-18 02:30:00,17470,8944.6468949816299
2015-01-18 03:00:00,14916,8025.0161962198863
2015-01-18 03:30:00,13069,7191.210050023461
2015-01-18 04:00:00,10617,7327.2544316225894
2015-01-18 04:30:00,6053,7215.7126934723228
2015-01-18 05:00:00,4097,5899.8759043259779
2015-01-18 05:30:00,3219,7708.8882363942503
2015-01-18 06:00:00,3050,13026.054444983323
2015-01-18 06:30:00,3114,18369.717153437257
2015-01-18 07:00:00,3521,18418.994784128921
2015-01-18 07:30:00,4745,17223.352903963878
2015-01-18 08:00:00,6290,16707.586614532651
2015-01-18 08:30:00,8298,16204.237467695037
2015-01-18 09:00:00,9919,18448.689478956905
2015-01-18 09:30:00,13441,20619.73780527401
2015-01-18 10:00:00,15096,22006.106652251277
2015-01-18 10:30:00,18880,22162.578632867633
2015-01-18 11:00:00,20210,22959.649782126631
2015-01-18 11:30:00,22395,22214.554042647385
2015-01-18 12:00:00,22791,21649.702770042037
2015-01-18 12:30:00,22619,21715.982692630296
2015-01-18 13:00:00,22916,24204.585107502025
2015-01-18 13:30:00,22472,24580.514486802513
2015-01-18 14:00:00,22015,23530.595871303667
2015-01-18 14:30:00,23848,21772.18107280902
2015-01-18 15:00:00,22149,20928.41091918161
2015-01-18 15:30:00,19787,21756.141665200914
2015-01-18 16:00:00,18399,20910.9987030558
2015-01-18 16:30:00,18309,19195.995695326481
2015-01-18 17:00:00,17623,18305.542167231575
2015-01-18 17:30:00,18567,18743.093782723696
2015-01-18 18:00:00,18557,20268.712082146201
2015-01-18 18:30:00,20670,19382.151421901151
2015-01-18 19:00:00,16805,18316.431012856312
2015-01-18 19:30:00,14576,17732.648779371004
2015-01-18 20:00:00,14056,19904.037057727641
2015-01-18 20:30:00,14591,19650.974269404371
2015-01-18 21:00:00,13904,19004.656861669409
2015-01-18 21:30:00,14487,17265.252045772129
2015-01-18 22:00:00,15516,18167.905856342863
2015-01-18 22:30:00,14292,15561.09463881036
2015-01-18 23:00:00,12676,14023.629339367293
2015-01-18 23:30:00,11970,14465.543005376849
2015-01-19 00:00:00,10938,19042.792618850974
2015-01-19 00:30:00,9181,13692.032537575631
2015-01-19 01:00:00,7630,4278.9949560330606
2015-01-19 01:30:00,6241,3490.5462300018717
2015-01-19 02:00:00,5370,1635.5136835224603
2015-01-19 02:30:00,4199,3943.7099178179596
2015-01-19 03:00:00,3815,1396.9669620552013
2015-01-19 03:30:00,3367,2129.0085570570536
2015-01-19 04:00:00,3278,4566.4648545536038
2015-01-19 04:30:00,2542,8830.0211627131976
2015-01-19 05:00:00,2341,8183.908672552906
2015-01-19 05:30:00,2774,12732.319034464919
2015-01-19 06:00:00,3479,15258.771775882897
2015-01-19 06:30:00,5228,13944.695670375941
2015-01-19 07:00:00,5531,13733.502589211734
2015-01-19 07:30:00,7133,14719.555184397344
2015-01-19 08:00:00,8572,15954.943641599559
2015-01-19 08:30:00,11251,14934.834302872248
2015-01-19 09:00:00,11815,17355.14866688136
2015-01-19 09:30:00,13223,16409.774751592209
2015-01-19 10:00:00,12862,19541.626475571684
2015-01-19 10:30:00,14360,19765.637660209683
2015-01-19 11:00:00,14101,21226.651534890683
2015-01-19 11:30:00,16056,22503.528062248552
2015-01-19 12:00:00,16454,24970.410704603237
2015-01-19 12:30:00,17460,24956.432704294486
2015-01-19 13:00:00,17295,24615.923938287968
2015-01-19 13:30:00,17872,22885.381883500835
2015-01-19 14:00:00,17517,20716.238953426386
2015-01-19 14:30:00,18228,19073.051733341996
2015-01-19 15:00:00,17900,16338.976123199483
2015-01-19 15:30:00,18245,15497.182870120558
2015-01-19 16:00:00,17379,15299.717307249855
2015-01-19 16:30:00,16921,17437.274582417391
2015-01-19 17:00:00,17309,19731.35239009271
2015-01-19 17:30:00,18431,19379.774963461212
2015-01-19 18:00:00,19142,16043.708162218703
2015-01-19 18:30:00,19449,16913.837952101254
2015-01-19 19:00:00,18494,18713.060351123571
2015-01-19 19:30:00,17217,18452.842431829529
2015-01-19 20:00:00,16075,18660.045172121725
2015-01-19 20:30:00,15157,17666.519249201512
2015-01-19 21:00:00,14245,16457.213967338463
2015-01-19 21:30:00,14069,13467.310499015843
2015-01-19 22:00:00,13506,12086.981599705534
2015-01-19 22:30:00,12936,9403.2206526794962
2015-01-19 23:00:00,10400,8372.5393637786838
2015-01-19 23:30:00,8189,7394.1829349958198
2015-01-20 00:00:00,6941,9598.580851853676
2015-01-20 00:30:00,5164,7744.0362138515529
2015-01-20 01:00:00,3940,3330.8397989338664
2015-01-20 01:30:00,3073,3565.1483952176313
2015-01-20 02:00:00,2690,3443.6758981904914
2015-01-20 02:30:00,2006,5654.993969894098
2015-01-20 03:00:00,1584,6368.7334306935645
2015-01-20 03:30:00,1495,8267.3441742827999
2015-01-20 04:00:00,1692,9827.0350826116755
2015-01-20 04:30:00,1663,10373.448687287682
2015-01-20 05:00:00,2275,13286.231536941892
2015-01-20 05:30:00,4423,15183.139768880526
2015-01-20 06:00:00,6390,15769.403872480732
2015-01-20 06:30:00,11694,13820.213662671482
2015-01-20 07:00:00,14427,12253.500936203169
2015-01-20 07:30:00,18672,11812.24653714544
2015-01-20 08:00:00,19568,12792.373012893006
2015-01-20 08:30:00,20068,14446.892609940947
2015-01-20 09:00:00,18961,18037.551612655323
2015-01-20 09:30:00,17965,16648.16694309378
2015-01-20 10:00:00,15858,18673.147885279039
2015-01-20 10:30:00,15942,16919.098090604242
2015-01-20 11:00:00,14858,17634.491419606478
2015-01-20 11:30:00,16031,17484.865159932029
2015-01-20 12:00:00,15767,22198.383899632005
2015-01-20 12:30:00,15718,22494.323175408339
2015-01-20 13:00:00,14752,21276.909462198822
2015-01-20 13:30:00,16556,19795.029922462509
2015-01-20 14:00:00,16333,18817.425279162147
2015-01-20 14:30:00,17782,17784.793819088394
2015-01-20 15:00:00,17590,16471.3597773027
2015-01-20 15:30:00,16525,16706.010642223715
2015-01-20 16:00:00,15174,16839.988994572661
2015-01-20 16:30:00,14241,21155.63752269106
2015-01-20 17:00:00,16378,18962.30879658616
2015-01-20 17:30:00,19480,17176.873334674492
2015-01-20 18:00:00,22419,18831.303013483361
2015-01-20 18:30:00,23262,17623.739657207439
2015-01-20 19:00:00,22395,17507.878759460342
2015-01-20 19:30:00,21663,15699.908372208032
2015-01-20 20:00:00,21386,13214.0476609529
2015-01-20 20:30:00,20673,11939.433957752459
2015-01-20 21:00:00,21258,10579.581102191478
2015-01-20 21:30:00,21186,7677.4719572740169
2015-01-20 22:00:00,20053,5852.3150962221607
2015-01-20 22:30:00,16936,5378.2443423401928
2015-01-20 23:00:00,14319,4772.7840491626885
2015-01-20 23:30:00,11226,6686.908847422179
2015-01-21 00:00:00,8987,3020.1951873385951
2015-01-21 00:30:00,6616,2865.271070797944
2015-01-21 01:00:00,5410,3137.98404426651
2015-01-21 01:30:00,4152,3342.9106689348791
2015-01-21 02:00:00,3405,2687.1067674550268
2015-01-21 02:30:00,2682,3849.9204102813128
2015-01-21 03:00:00,2180,9216.5955627631083
2015-01-21 03:30:00,1905,15440.969478932042
2015-01-21 04:00:00,2089,15056.495698074035
2015-01-21 04:30:00,1981,15436.306654210253
2015-01-21 05:00:00,2213,15073.238252525058
2015-01-21 05:30:00,4205,15154.311178169703
2015-01-21 06:00:00,6482,14059.297726250448
2015-01-21 06:30:00,11513,12363.388364992301
2015-01-21 07:00:00,15263,13733.038012312443
2015-01-21 07:30:00,19134,15462.999764672006
2015-01-21 08:00:00,20366,18313.144386221757
2015-01-21 08:30:00,21165,17442.821260558587
2015-01-21 09:00:00,19723,19264.529838218099
2015-01-21 09:30:00,18557,18305.166747285832
2015-01-21 10:00:00,17106,22101.171767007891
2015-01-21 10:30:00,17373,17302.763175448814
2015-01-21 11:00:00,15714,14724.632996872211
2015-01-21 11:30:00,16754,10481.454070261565
2015-01-21 12:00:00,17156,10379.14366542196
2015-01-21 12:30:00,16405,12765.081429648166
2015-01-21 13:00:00,15565,16841.83508365964
2015-01-21 13:30:00,17267,18801.05676634363
2015-01-21 14:00:00,17711,19208.774947067701
2015-01-21 14:30:00,18372,17038.433159921784
2015-01-21 15:00:00,18579,16033.51389121638
2015-01-21 15:30:00,16601,15706.943786179043
2015-01-21 16:00:00,15939,17835.817150400995
2015-01-21 16:30:00,14513,18235.707327677072
2015-01-21 17:00:00,17001,20742.016177607482
2015-01-21 17:30:00,20962,21224.653695211178
2015-01-21 18:00:00,23400,20899.912441729575
2015-01-21 18:30:00,23891,21419.504741375764
2015-01-21 19:00:00,24112,21826.202726549112
2015-01-21 19:30:00,23195,24780.115188978063
2015-01-21 20:00:00,22527,22412.544226028553
2015-01-21 20:30:00,21978,18436.83824078758
2015-01-21 21:00:00,22624,8380.9867122208743
2015-01-21 21:30:00,21970,6109.7747126659942
2015-01-21 22:00:00,21085,5959.4940538045248
2015-01-21 22:30:00,19624,8732.0035942041686
2015-01-21 23:00:00,15974,9450.2464753497261
2015-01-21 23:30:00,12520,9883.3229564643261
2015-01-22 00:00:00,10173,9635.0604243394955
2015-01-22 00:30:00,7771,8974.8564947883933
2015-01-22 01:00:00,6287,5410.7624161375352
2015-01-22 01:30:00,4720,3552.6832851979234
2015-01-22 02:00:00,3642,2930.320679265049
2015-01-22 02:30:00,2769,5157.7972027017004
2015-01-22 03:00:00,2406,5673.4136737389108
2015-01-22 03:30:00,2194,8768.956393911687
2015-01-22 04:00:00,2275,7870.1134738928758
2015-01-22 04:30:00,2021,11365.239626995142
2015-01-22 05:00:00,2385,11844.84280717307
2015-01-22 05:30:00,4276,13491.753533668138
2015-01-22 06:00:00,6311,14933.055012912373
2015-01-22 06:30:00,11643,15313.4754034367
2015-01-22 07:00:00,14874,15490.138660389379
2015-01-22 07:30:00,19720,15409.471542866346
2015-01-22 08:00:00,20607,18754.645331217187
2015-01-22 08:30:00,20838,17977.366701373019
2015-01-22 09:00:00,19347,18427.959270328716
2015-01-22 09:30:00,18316,18885.659010172756
2015-01-22 10:00:00,16233,20815.552202494084
2015-01-22 10:30:00,16420,19808.730462835596
2015-01-22 11:00:00,14997,16668.096558955178
2015-01-22 11:30:00,17341,15866.242739378053
2015-01-22 12:00:00,17606,16782.133671913369
2015-01-22 12:30:00,16850,15838.012176752227
2015-01-22 13:00:00,15625,19352.885796193579
2015-01-22 13:30:00,17210,19766.18888263591
2015-01-22 14:00:00,17552,18596.150303056736
2015-01-22 14:30:00,18531,16720.190960246746
2015-01-22 15:00:00,18806,17363.19854168663
2015-01-22 15:30:00,17322,17889.780663374055
2015-01-22 16:00:00,15719,19894.645313952107
2015-01-22 16:30:00,14717,20622.209257975202
2015-01-22 17:00:00,16955,21061.210018945261
2015-01-22 17:30:00,20647,20983.492786827119
2015-01-22 18:00:00,23122,19726.895382269173
2015-01-22 18:30:00,25031,20078.612492831708
2015-01-22 19:00:00,25376,20620.656616919117
2015-01-22 19:30:00,25849,22714.053340851897
2015-01-22 20:00:00,24434,22169.75320526048
2015-01-22 20:30:00,23690,16735.155046055093
2015-01-22 21:00:00,24704,11292.671505424332
2015-01-22 21:30:00,25221,9760.2846519259201
2015-01-22 22:00:00,24320,8901.4662198041733
2015-01-22 22:30:00,22823,9303.6528507618023
2015-01-22 23:00:00,21754,10262.279439707416
2015-01-22 23:30:00,17946,9046.0132531276522
2015-01-23 00:00:00,14722,8714.3620789629967
2015-01-23 00:30:00,11815,10016.820117103598
2015-01-23 01:00:00,9274,6436.648162157946
2015-01-23 01:30:00,7241,4631.7036474462384
2015-01-23 02:00:00,6184,3969.9060742576876
2015-01-23 02:30:00,4956,4838.4457586390563
2015-01-23 03:00:00,4158,5682.1054219524103
2015-01-23 03:30:00,3499,7023.9872816756024
2015-01-23 04:00:00,3433,6662.1623571002929
2015-01-23 04:30:00,2736,11247.827763283542
2015-01-23 05:00:00,2534,13237.032603179767
2015-01-23 05:30:00,4436,15662.91151620709
2015-01-23 06:00:00,6559,18435.677601192561
2015-01-23 06:30:00,11173,18478.55050062513
2015-01-23 07:00:00,14477,18222.358113693921
2015-01-23 07:30:00,19424,17170.531368172014
2015-01-23 08:00:00,20059,19013.151542416934
2015-01-23 08:30:00,20211,18956.385633765458
2015-01-23 09:00:00,19220,19338.103519481683
2015-01-23 09:30:00,18519,18717.716878415864
2015-01-23 10:00:00,16466,20746.954172870021
2015-01-23 10:30:00,16651,17858.48413088181
2015-01-23 11:00:00,15564,16174.163478981865
2015-01-23 11:30:00,17483,15010.954913389705
2015-01-23 12:00:00,18057,16313.094458252217
2015-01-23 12:30:00,16855,16719.750508966135
2015-01-23 13:00:00,16827,18227.219032317436
2015-01-23 13:30:00,17900,19771.73026331047
2015-01-23 14:00:00,18747,18798.7076069834
2015-01-23 14:30:00,19493,15993.253266467289
2015-01-23 15:00:00,19020,17207.391352040398
2015-01-23 15:30:00,17169,17778.698807226436
2015-01-23 16:00:00,15680,19963.299425003595
2015-01-23 16:30:00,15126,21215.905599975798
2015-01-23 17:00:00,17664,22791.039782432839
2015-01-23 17:30:00,21065,22924.297974852932
2015-01-23 18:00:00,23573,21927.048578469563
2015-01-23 18:30:00,25063,21839.780992181422
2015-01-23 19:00:00,26854,21570.330854797812
2015-01-23 19:30:00,26037,22672.936953594377
2015-01-23 20:00:00,24863,24576.66488826288
2015-01-23 20:30:00,23793,22586.430303197281
2015-01-23 21:00:00,23560,16559.726515872051
2015-01-23 21:30:00,23904,12975.608156660302
2015-01-23 22:00:00,25266,9657.867704650409
2015-01-23 22:30:00,25284,10073.652669503936
2015-01-23 23:00:00,25157,11819.323462220686
2015-01-23 23:30:00,24597,11323.040698474335
2015-01-24 00:00:00,24223,10238.178402181464
2015-01-24 00:30:00,21761,10828.419087823439
2015-01-24 01:00:00,20356,11128.515105257777
2015-01-24 01:30:00,18221,8489.3602663397396
2015-01-24 02:00:00,14264,6929.2423578796825
2015-01-24 02:30:00,11852,6249.0525480187225
2015-01-24 03:00:00,10245,4607.8095405989352
2015-01-24 03:30:00,8895,5995.6268060603124
2015-01-24 04:00:00,7634,5409.2761046726955
2015-01-24 04:30:00,4822,6830.5882363425026
2015-01-24 05:00:00,3521,11494.302384768118
2015-01-24 05:30:00,2971,15572.608428749865
2015-01-24 06:00:00,3225,16645.89887278933
2015-01-24 06:30:00,4324,18076.825025759455
2015-01-24 07:00:00,4948,17698.91700776355
2015-01-24 07:30:00,6401,17304.569910942388
2015-01-24 08:00:00,7537,15058.055515869602
2015-01-24 08:30:00,10085,14441.932826153025
2015-01-24 09:00:00,11421,17286.865846104978
2015-01-24 09:30:00,15063,18375.731181713014
2015-01-24 10:00:00,14932,21506.652207373663
2015-01-24 10:30:00,16512,20207.973066795748
2015-01-24 11:00:00,16893,16671.512506183019
2015-01-24 11:30:00,19945,16865.85161077989
2015-01-24 12:00:00,19851,16056.942809314365
2015-01-24 12:30:00,20385,16608.834645420793
2015-01-24 13:00:00,20321,17828.325704338509
2015-01-24 13:30:00,19563,19560.252443124238
2015-01-24 14:00:00,18692,18824.432632258555
2015-01-24 14:30:00,19016,17609.08051275176
2015-01-24 15:00:00,19252,17165.252750482607
2015-01-24 15:30:00,19325,17116.750239010609
2015-01-24 16:00:00,19139,19257.553599397928
2015-01-24 16:30:00,19092,22349.223395355999
2015-01-24 17:00:00,19901,23398.432739878361
2015-01-24 17:30:00,21433,23060.345618449901
2015-01-24 18:00:00,22997,23204.737039058826
2015-01-24 18:30:00,24210,22058.147609477193
2015-01-24 19:00:00,26175,22260.371830998123
2015-01-24 19:30:00,24935,23232.783430588566
2015-01-24 20:00:00,21243,25954.947819952409
2015-01-24 20:30:00,20206,26190.717536360666
2015-01-24 21:00:00,20188,25964.546655283579
2015-01-24 21:30:00,21588,23889.531126882051
2015-01-24 22:00:00,24357,20170.888078334698
2015-01-24 22:30:00,25009,17949.738472800313
2015-01-24 23:00:00,25641,15200.454227163294
2015-01-24 23:30:00,25928,14777.099555914237
2015-01-25 00:00:00,25026,11573.507831661083
2015-01-25 00:30:00,23773,11893.435206655493
2015-01-25 01:00:00,22667,9846.3801369941975
2015-01-25 01:30:00,20864,8624.5522610914995
2015-01-25 02:00:00,19498,8711.0155215668383
2015-01-25 02:30:00,17494,8405.3368774635528
2015-01-25 03:00:00,15262,6611.3369240984812
2015-01-25 03:30:00,12727,5731.7503518720096
2015-01-25 04:00:00,10682,6041.4301365960946
2015-01-25 04:30:00,5804,5711.3176529347747
2015-01-25 05:00:00,3732,5325.1876799933034
2015-01-25 05:30:00,3050,6167.7595963717322
2015-01-25 06:00:00,2793,11058.375830648716
2015-01-25 06:30:00,3690,15233.988145499932
2015-01-25 07:00:00,4009,15626.794527730435
2015-01-25 07:30:00,5014,15950.648612355944
2015-01-25 08:00:00,5354,15605.188686115573
2015-01-25 08:30:00,7694,15019.413379906808
2015-01-25 09:00:00,9298,17632.2888395884
2015-01-25 09:30:00,12036,19585.102377785719
2015-01-25 10:00:00,13457,21238.202752533962
2015-01-25 10:30:00,16776,21983.897630540403
2015-01-25 11:00:00,16838,22375.16220454326
2015-01-25 11:30:00,18681,21027.909086517695
2015-01-25 12:00:00,19382,20137.743964175661
2015-01-25 12:30:00,19841,18735.031462687646
2015-01-25 13:00:00,19688,20982.818871549222
2015-01-25 13:30:00,19900,21443.006080915187
2015-01-25 14:00:00,19767,22930.064650093467
2015-01-25 14:30:00,19114,21468.968701448259
2015-01-25 15:00:00,18144,21584.238608491549
2015-01-25 15:30:00,18343,20989.902936231421
2015-01-25 16:00:00,17879,20227.080903360318
2015-01-25 16:30:00,17910,19500.506719423065
2015-01-25 17:00:00,17868,19477.281072008471
2015-01-25 17:30:00,19079,20473.516537811778
2015-01-25 18:00:00,19687,20262.715730174918
2015-01-25 18:30:00,19227,20417.182599939697
2015-01-25 19:00:00,17843,20864.055872998128
2015-01-25 19:30:00,16231,18725.64939077527
2015-01-25 20:00:00,14905,20156.002505908014
2015-01-25 20:30:00,14598,19394.951742117068
2015-01-25 21:00:00,13551,19326.83199315198
2015-01-25 21:30:00,13933,18267.114131576775
2015-01-25 22:00:00,12374,17908.853172972606
2015-01-25 22:30:00,10625,17009.831600106623
2015-01-25 23:00:00,9964,15025.116496719889
2015-01-25 23:30:00,8190,15323.296882205261
2015-01-26 00:00:00,6663,16035.244326737045
2015-01-26 00:30:00,5151,13334.132702890542
2015-01-26 01:00:00,4092,9338.4416814958895
2015-01-26 01:30:00,3207,6205.7877627039397
2015-01-26 02:00:00,2626,1082.6570447284157
2015-01-26 02:30:00,1994,850.46144774449749
2015-01-26 03:00:00,1987,-1380.1478389979875
2015-01-26 03:30:00,1912,1809.8008412371364
2015-01-26 04:00:00,2156,4980.8994436114517
2015-01-26 04:30:00,2175,11294.293660490577
2015-01-26 05:00:00,2757,11829.092964078452
2015-01-26 05:30:00,4689,14732.249578418588
2015-01-26 06:00:00,6715,16545.986772986358
2015-01-26 06:30:00,11577,15201.743670704311
2015-01-26 07:00:00,13954,14202.54059705297
2015-01-26 07:30:00,17717,16736.731183941931
2015-01-26 08:00:00,18686,17799.731915310869
2015-01-26 08:30:00,18923,17222.059073812346
2015-01-26 09:00:00,17326,16412.782935058098
2015-01-26 09:30:00,15926,13765.766723496579
2015-01-26 10:00:00,13785,15443.799757044664
2015-01-26 10:30:00,13905,15198.78473598219
2015-01-26 11:00:00,13575,19560.352830259719
2015-01-26 11:30:00,14094,18626.612217741313
2015-01-26 12:00:00,14488,21033.456200808632
2015-01-26 12:30:00,14428,19095.507958428283
2015-01-26 13:00:00,14402,16529.658256783627
2015-01-26 13:30:00,14747,15522.422851879073
2015-01-26 14:00:00,13915,16035.923667543479
2015-01-26 14:30:00,11432,13362.58526419615
2015-01-26 15:00:00,9659,10115.739477162879
2015-01-26 15:30:00,7681,8129.2304522615586
2015-01-26 16:00:00,6257,8846.941792450496
2015-01-26 16:30:00,5520,11792.361314904712
2015-01-26 17:00:00,5159,14799.658202047411
2015-01-26 17:30:00,5283,20196.153645972696
2015-01-26 18:00:00,5821,14306.853935928832
2015-01-26 18:30:00,5586,11956.164932529015
2015-01-26 19:00:00,4729,9171.2307246714718
2015-01-26 19:30:00,4402,7108.5122886684139
2015-01-26 20:00:00,3877,9418.3323805809796
2015-01-26 20:30:00,3384,9207.9007637603299
2015-01-26 21:00:00,3203,8681.0877119285506
2015-01-26 21:30:00,2611,7187.7886128532564
2015-01-26 22:00:00,1783,7176.8391881549087
2015-01-26 22:30:00,866,4241.1423529119311
2015-01-26 23:00:00,297,3188.4148553771083
2015-01-26 23:30:00,189,3839.1798056517655
2015-01-27 00:00:00,109,7542.2579667195359
2015-01-27 00:30:00,80,5690.3304342759566
2015-01-27 01:00:00,40,4387.6044376456975
2015-01-27 01:30:00,39,3377.1253970337384
2015-01-27 02:00:00,26,-2116.8324197029087
2015-01-27 02:30:00,32,503.46164653501182
2015-01-27 03:00:00,8,163.54647558384568
2015-01-27 03:30:00,11,3354.2114391427367
2015-01-27 04:00:00,9,5030.4296786553114
2015-01-27 04:30:00,20,4572.2544741518868
2015-01-27 05:00:00,21,3948.4152607911274
2015-01-27 05:30:00,37,3450.8360446828901
2015-01-27 06:00:00,69,3501.1270237505087
2015-01-27 06:30:00,107,5636.3051923056737
2015-01-27 07:00:00,216,6282.6330517476235
2015-01-27 07:30:00,332,7261.269879759886
2015-01-27 08:00:00,570,7618.1005289928862
2015-01-27 08:30:00,1049,7619.7200778478837
2015-01-27 09:00:00,1589,9907.9576457940911
2015-01-27 09:30:00,2285,8728.5430406908417
2015-01-27 10:00:00,2945,8160.4062314414605
2015-01-27 10:30:00,3544,8422.3211897558704
2015-01-27 11:00:00,3876,10566.972678319267
2015-01-27 11:30:00,4535,8920.0311463847211
2015-01-27 12:00:00,4923,7097.2394907719254
2015-01-27 12:30:00,5157,7946.7444019964069
2015-01-27 13:00:00,5273,7242.8930114714012
2015-01-27 13:30:00,5584,8522.6096100446721
2015-01-27 14:00:00,5773,8476.3718350851377
2015-01-27 14:30:00,6569,8069.0458045376736
2015-01-27 15:00:00,7007,7581.2477230368058
2015-01-27 15:30:00,7400,7534.0629409684407
2015-01-27 16:00:00,7962,7453.0689700426392
2015-01-27 16:30:00,8760,6781.6823170903735
2015-01-27 17:00:00,9776,7337.0579007252509
2015-01-27 17:30:00,10863,7182.7543778147383
2015-01-27 18:00:00,12687,8062.2695176985026
2015-01-27 18:30:00,12541,7671.4143276909717
2015-01-27 19:00:00,11967,8946.8572602313434
2015-01-27 19:30:00,10813,7307.8586871614925
2015-01-27 20:00:00,10419,8136.6280470065276
2015-01-27 20:30:00,10132,8004.5292721957885
2015-01-27 21:00:00,10566,7435.0744348523549
2015-01-27 21:30:00,11073,6600.1074939491918
2015-01-27 22:00:00,10559,6482.7408745457687
2015-01-27 22:30:00,9121,7099.9219110489394
2015-01-27 23:00:00,8700,7065.9386424665681
2015-01-27 23:30:00,6884,7451.8041827520783
2015-01-28 00:00:00,5502,764.07292970532399
2015-01-28 00:30:00,4001,186.97054554875831
2015-01-28 01:00:00,3039,-2396.3830662954369
2015-01-28 01:30:00,2431,-2500.102978768422
2015-01-28 02:00:00,2005,-2110.3555951968028
2015-01-28 02:30:00,1661,-739.4939957749757
2015-01-28 03:00:00,1300,-1034.6612840238522
2015-01-28 03:30:00,1279,678.11884879045465
2015-01-28 04:00:00,1407,1553.797069337621
2015-01-28 04:30:00,1353,2449.8957378707819
2015-01-28 05:00:00,1887,3688.4470853793737
2015-01-28 05:30:00,3714,4779.7232247316151
2015-01-28 06:00:00,6019,6647.7376128734668
2015-01-28 06:30:00,11208,8408.5800418687904
2015-01-28 07:00:00,14063,10663.305687886326
2015-01-28 07:30:00,17572,10805.611663600925
2015-01-28 08:00:00,18746,10414.710212738824
2015-01-28 08:30:00,18397,11358.014428732595
2015-01-28 09:00:00,17430,12784.881704480709
2015-01-28 09:30:00,15997,13578.057737794736
2015-01-28 10:00:00,13900,13025.68130344058
2015-01-28 10:30:00,14138,10926.756047326498
2015-01-28 11:00:00,13361,10432.211058656158
2015-01-28 11:30:00,14156,10546.543153728479
2015-01-28 12:00:00,14075,11688.249460648756
2015-01-28 12:30:00,13887,14078.157237492258
2015-01-28 13:00:00,13593,15212.802798396217
2015-01-28 13:30:00,14093,14530.032781334641
2015-01-28 14:00:00,14699,13951.492381607632
2015-01-28 14:30:00,15372,10754.100361376677
2015-01-28 15:00:00,16220,9165.5359481324795
2015-01-28 15:30:00,15107,9498.2162556575204
2015-01-28 16:00:00,14057,11077.323197328322
2015-01-28 16:30:00,13802,13919.106701633447
2015-01-28 17:00:00,15961,14136.819702370645
2015-01-28 17:30:00,18422,14099.773258846506
2015-01-28 18:00:00,21270,12961.867236021368
2015-01-28 18:30:00,22262,13342.607483116508
2015-01-28 19:00:00,22786,14704.85258270817
2015-01-28 19:30:00,22169,16024.083299602577
2015-01-28 20:00:00,21155,16588.117958471663
2015-01-28 20:30:00,20120,16166.486619079145
2015-01-28 21:00:00,20428,11521.391496496832
2015-01-28 21:30:00,20309,8277.4534809638044
2015-01-28 22:00:00,20059,6519.0466252504848
2015-01-28 22:30:00,19055,7622.163679024693
2015-01-28 23:00:00,15481,7045.5870023577909
2015-01-28 23:30:00,12535,5894.7434177405721
2015-01-29 00:00:00,10134,2238.2340462631055
2015-01-29 00:30:00,7568,381.00247821361336
2015-01-29 01:00:00,5619,784.87876498676269
2015-01-29 01:30:00,4342,1591.7680517404569
2015-01-29 02:00:00,3604,2993.4732733012042
2015-01-29 02:30:00,2822,3040.4283639474397
2015-01-29 03:00:00,2379,5059.0581507077404
2015-01-29 03:30:00,2121,7689.5830984809845
2015-01-29 04:00:00,2130,8428.0042363418415
2015-01-29 04:30:00,1968,8537.2617404037046
2015-01-29 05:00:00,2339,9690.2379145264131
2015-01-29 05:30:00,4306,12655.764913383406
2015-01-29 06:00:00,6575,13305.879461898012
2015-01-29 06:30:00,11896,15202.423092938199
2015-01-29 07:00:00,15030,18023.338372143291
2015-01-29 07:30:00,18687,18877.670982745807
2015-01-29 08:00:00,19710,17581.048124737841
2015-01-29 08:30:00,19585,15890.545302618308
2015-01-29 09:00:00,18438,17329.970263277341
2015-01-29 09:30:00,17398,17124.152147768073
2015-01-29 10:00:00,16241,17480.181315525184
2015-01-29 10:30:00,15905,12555.624507800538
2015-01-29 11:00:00,14690,11483.208469802692
2015-01-29 11:30:00,16203,13403.073242117202
2015-01-29 12:00:00,16711,15185.675269163061
2015-01-29 12:30:00,16013,18219.430404281997
2015-01-29 13:00:00,15725,18340.262288022641
2015-01-29 13:30:00,16432,19609.443579373983
2015-01-29 14:00:00,17190,19627.473496711973
2015-01-29 14:30:00,17571,17123.55922183413
2015-01-29 15:00:00,18184,16937.538073121592
2015-01-29 15:30:00,16484,18178.224336804229
2015-01-29 16:00:00,14774,22076.540631836575
2015-01-29 16:30:00,13800,23218.32119025023
2015-01-29 17:00:00,15971,22915.282157314246
2015-01-29 17:30:00,19384,24409.207434782056
2015-01-29 18:00:00,21649,23847.73899965853
2015-01-29 18:30:00,23102,23321.945551988916
2015-01-29 19:00:00,23464,20805.732404482995
2015-01-29 19:30:00,23343,17767.131283315004
2015-01-29 20:00:00,23197,15635.202073802988
2015-01-29 20:30:00,23120,14335.27226087177
2015-01-29 21:00:00,23208,12142.431873580928
2015-01-29 21:30:00,23188,10486.522350520467
2015-01-29 22:00:00,22638,11375.14624031222
2015-01-29 22:30:00,21501,15632.303345352633
2015-01-29 23:00:00,20719,16380.50394272399
2015-01-29 23:30:00,17877,13097.757175711446
2015-01-30 00:00:00,14367,12513.898062605022
2015-01-30 00:30:00,11118,8053.957282522525
2015-01-30 01:00:00,8733,2759.8002683674822
2015-01-30 01:30:00,6954,174.71151467168056
2015-01-30 02:00:00,5898,416.0599720945047
2015-01-30 02:30:00,4541,4195.5946559161766
2015-01-30 03:00:00,3834,6494.0113894998303
2015-01-30 03:30:00,3143,10728.167952574084
2015-01-30 04:00:00,3295,12169.552377250426
2015-01-30 04:30:00,2652,11735.575537075205
2015-01-30 05:00:00,2541,10714.209992955617
2015-01-30 05:30:00,4585,14370.845745956673
2015-01-30 06:00:00,6626,17125.034510812067
2015-01-30 06:30:00,11854,15205.540469823423
2015-01-30 07:00:00,15913,14943.326839211581
2015-01-30 07:30:00,19574,14259.299463896061
2015-01-30 08:00:00,20898,17325.628416461586
2015-01-30 08:30:00,20859,19627.01110674028
2015-01-30 09:00:00,19707,22127.288273420178
2015-01-30 09:30:00,18495,19613.95308742276
2015-01-30 10:00:00,17096,16276.154741209359
2015-01-30 10:30:00,16561,11605.10832455926
2015-01-30 11:00:00,16496,10550.049382620051
2015-01-30 11:30:00,17310,12526.29561242296
2015-01-30 12:00:00,17354,18760.671863532345
2015-01-30 12:30:00,16305,21347.97393755876
2015-01-30 13:00:00,16685,21379.56545506612
2015-01-30 13:30:00,18077,23601.038468013954
2015-01-30 14:00:00,18375,21193.646800350434
2015-01-30 14:30:00,18633,18042.308027616542
2015-01-30 15:00:00,18401,15742.243685827889
2015-01-30 15:30:00,17079,14489.32330200083
2015-01-30 16:00:00,15582,15609.244274717683
2015-01-30 16:30:00,14719,20699.557170201839
2015-01-30 17:00:00,17569,22463.688894513984
2015-01-30 17:30:00,21013,24446.563419870956
2015-01-30 18:00:00,23696,25624.293382336029
2015-01-30 18:30:00,25758,25874.745804034806
2015-01-30 19:00:00,27289,22976.184346897993
2015-01-30 19:30:00,28107,19843.692350493486
2015-01-30 20:00:00,27308,22346.736086538476
2015-01-30 20:30:00,26570,19362.859162621582
2015-01-30 21:00:00,25935,15685.371013091315
2015-01-30 21:30:00,26432,11582.306982440714
2015-01-30 22:00:00,26739,9303.0073750334013
2015-01-30 22:30:00,26874,15655.989589545796
2015-01-30 23:00:00,26928,22750.535146561619
2015-01-30 23:30:00,26000,19520.406164983739
2015-01-31 00:00:00,25778,14229.507063666941
2015-01-31 00:30:00,23304,14281.63650094518
2015-01-31 01:00:00,21318,10214.173392138864
2015-01-31 01:30:00,19024,6639.9162374871485
2015-01-31 02:00:00,17022,4177.765268800169
2015-01-31 02:30:00,14733,5854.6761433885222
2015-01-31 03:00:00,12593,4730.4904256497248
2015-01-31 03:30:00,11048,8134.9788624504154
2015-01-31 04:00:00,9364,10011.322523750647
2015-01-31 04:30:00,5209,9658.8158906637218
2015-01-31 05:00:00,3683,9289.0644625341338
2015-01-31 05:30:00,3329,12769.834626617048
2015-01-31 06:00:00,3714,14611.582863499409
2015-01-31 06:30:00,4531,18814.250098704022
2015-01-31 07:00:00,4803,19106.83832494741
2015-01-31 07:30:00,7049,18006.008722289203
2015-01-31 08:00:00,8363,18413.15102189091
2015-01-31 08:30:00,11899,18429.059863399722
2015-01-31 09:00:00,13522,20475.762295725974
2015-01-31 09:30:00,18164,20170.931595375361
2015-01-31 10:00:00,17645,18558.567954009981
2015-01-31 10:30:00,20056,16309.588282280401
2015-01-31 11:00:00,20270,15631.221820896902
2015-01-31 11:30:00,22865,13202.879518203423
2015-01-31 12:00:00,22951,13057.084519480133
2015-01-31 12:30:00,23387,15350.821082552677
2015-01-31 13:00:00,23069,19480.52899981317
2015-01-31 13:30:00,23298,20241.527055953276
2015-01-31 14:00:00,21817,20613.494683779132
2015-01-31 14:30:00,21565,21365.782171901548
2015-01-31 15:00:00,21729,17358.489760156146
2015-01-31 15:30:00,22838,14549.961813884325
2015-01-31 16:00:00,21068,13826.566654594981
2015-01-31 16:30:00,19920,18009.953804919383
2015-01-31 17:00:00,20715,23897.786030887728
2015-01-31 17:30:00,23595,25959.720842051211
2015-01-31 18:00:00,26044,25987.076552799877
2015-01-31 18:30:00,27286,23814.186263352662
2015-01-31 19:00:00,28804,24598.447195161301
2015-01-31 19:30:00,27773,22770.177954262101
2015-01-31 20:00:00,24985,25720.052709150143
2015-01-31 20:30:00,23291,27427.162701648853
2015-01-31 21:00:00,23719,26742.362624740756
2015-01-31 21:30:00,24670,25492.815841118383
2015-01-31 22:00:00,25721,19086.423411711134
2015-01-31 22:30:00,27309,17179.701723502312
2015-01-31 23:00:00,26591,20142.580234751535
2015-01-31 23:30:00,26288,22310.204597970063
2015-02-01 00:00:00,25986,22047.595353741213
2015-02-01 00:30:00,24963,19235.559340454107
2015-02-01 01:00:00,23364,14457.627840376494
2015-02-01 01:30:00,21479,10328.569047016101
2015-02-01 02:00:00,19887,6762.1944366431107
2015-02-01 02:30:00,17864,7547.6613106609311
2015-02-01 03:00:00,14851,9141.4392213402971
2015-02-01 03:30:00,12652,9814.0733429560314
2015-02-01 04:00:00,10864,9752.8411558876869
2015-02-01 04:30:00,5977,9221.7994501528829
2015-02-01 05:00:00,3824,10647.863968593932
2015-02-01 05:30:00,3077,12213.320008262181
2015-02-01 06:00:00,3128,15593.823080324446
2015-02-01 06:30:00,3625,19448.027244021367
2015-02-01 07:00:00,3680,19328.170738716948
2015-02-01 07:30:00,4880,17248.275264114469
2015-02-01 08:00:00,6478,15011.771457196521
2015-02-01 08:30:00,9355,14391.696906966346
2015-02-01 09:00:00,9834,17124.566646243838
2015-02-01 09:30:00,12622,21425.559311185942
2015-02-01 10:00:00,13701,23211.986583325168
2015-02-01 10:30:00,16998,23334.301624455002
2015-02-01 11:00:00,16763,23564.664548383622
2015-02-01 11:30:00,17773,22427.317032219864
2015-02-01 12:00:00,18391,21761.88347042679
2015-02-01 12:30:00,20079,22596.678033255874
2015-02-01 13:00:00,19536,23567.535449670628
2015-02-01 13:30:00,19500,22623.764530480898
2015-02-01 14:00:00,18833,22881.117439373418
2015-02-01 14:30:00,18913,23435.228302777774
2015-02-01 15:00:00,18135,22629.652392544933
2015-02-01 15:30:00,18725,21645.108174188794
2015-02-01 16:00:00,18525,20378.093884990336
2015-02-01 16:30:00,19535,20816.970636534246
2015-02-01 17:00:00,22013,19226.158448279959
2015-02-01 17:30:00,24441,20817.661341571522
2015-02-01 18:00:00,24478,22071.939251398406
2015-02-01 18:30:00,18612,22056.143782810013
2015-02-01 19:00:00,13997,20192.248342871248
2015-02-01 19:30:00,11752,16717.647275781837
2015-02-01 20:00:00,11765,14643.910096134015
2015-02-01 20:30:00,14250,14604.596057341148
2015-02-01 21:00:00,13271,15910.735332676559
2015-02-01 21:30:00,10651,18274.554148669205
2015-02-01 22:00:00,20422,16271.926347776285
2015-02-01 22:30:00,20281,14834.966125059525
2015-02-01 23:00:00,15400,15982.876628973592
2015-02-01 23:30:00,12092,16570.566687000544
2015-02-02 00:00:00,8648,15899.004479298099
2015-02-02 00:30:00,6583,10986.274021115834
2015-02-02 01:00:00,4954,5207.0474513988793
2015-02-02 01:30:00,3714,3267.1243532494427
2015-02-02 02:00:00,2903,-1627.3167165798241
2015-02-02 02:30:00,2258,-1927.5095323235601
2015-02-02 03:00:00,1766,-1550.4263545019621
2015-02-02 03:30:00,1499,4578.3485157496398
2015-02-02 04:00:00,1624,7878.7084016482531
2015-02-02 04:30:00,1455,2938.8585804737049
2015-02-02 05:00:00,1867,3113.9820263612401
2015-02-02 05:30:00,3421,7246.1727482773604
2015-02-02 06:00:00,4879,6032.8145469309911
2015-02-02 06:30:00,7756,6201.4962922028335
2015-02-02 07:00:00,11170,8756.7618320073416
2015-02-02 07:30:00,13873,10785.155398285822
2015-02-02 08:00:00,14824,15755.812555536388
2015-02-02 08:30:00,15996,15865.58342339129
2015-02-02 09:00:00,15248,17649.136974170291
2015-02-02 09:30:00,15392,17033.546213346144
2015-02-02 10:00:00,14982,16498.538927339101
2015-02-02 10:30:00,14950,12577.595532240652
2015-02-02 11:00:00,13939,13901.563878632267
2015-02-02 11:30:00,14111,13886.498790657955
2015-02-02 12:00:00,14392,15481.714839096101
2015-02-02 12:30:00,13904,17478.036903720647
2015-02-02 13:00:00,13506,17586.427296721133
2015-02-02 13:30:00,15114,14357.168590279567
2015-02-02 14:00:00,15245,18573.495383967973
2015-02-02 14:30:00,15227,16444.408104201539
2015-02-02 15:00:00,14221,13725.134759915469
2015-02-02 15:30:00,13676,11657.534609197417
2015-02-02 16:00:00,12848,12458.185726503569
2015-02-02 16:30:00,12835,17027.667793522662
2015-02-02 17:00:00,14072,12370.419568928881
2015-02-02 17:30:00,16253,13931.66861811705
2015-02-02 18:00:00,18262,15829.388677974606
2015-02-02 18:30:00,18530,18954.797793335449
2015-02-02 19:00:00,18802,18913.744208399476
2015-02-02 19:30:00,18018,16044.727511450365
2015-02-02 20:00:00,17555,16383.062851620307
2015-02-02 20:30:00,16834,15126.300725196154
2015-02-02 21:00:00,16484,12367.142947228327
2015-02-02 21:30:00,15301,8488.9942076387179
2015-02-02 22:00:00,15036,9088.0186070042073
2015-02-02 22:30:00,13085,8320.8754037795989
2015-02-02 23:00:00,11612,6245.1435981128398
2015-02-02 23:30:00,8965,6456.5197781397565
2015-02-03 00:00:00,7604,7371.3294601655352
2015-02-03 00:30:00,5651,8233.4465804947558
2015-02-03 01:00:00,4551,8272.7855721657761
2015-02-03 01:30:00,3248,8192.1277482034893
2015-02-03 02:00:00,2517,4429.1353863028107
2015-02-03 02:30:00,2233,2792.0126743876717
2015-02-03 03:00:00,1806,3982.1292402973286
2015-02-03 03:30:00,1525,5037.3864460615878
2015-02-03 04:00:00,1793,9954.0720867247128
2015-02-03 04:30:00,1920,9493.6788513223146
2015-02-03 05:00:00,2310,6713.4079374915473
2015-02-03 05:30:00,4510,10430.8857767056
2015-02-03 06:00:00,6389,13525.648384415565
2015-02-03 06:30:00,10763,12078.746955996805
2015-02-03 07:00:00,14167,12877.169394982153
2015-02-03 07:30:00,17470,16253.094688994473
2015-02-03 08:00:00,18895,17870.093129578956
2015-02-03 08:30:00,19367,18407.736836792297
2015-02-03 09:00:00,19035,19477.98859566178
2015-02-03 09:30:00,19016,15769.01449955588
2015-02-03 10:00:00,18180,16504.864094764493
2015-02-03 10:30:00,17812,16218.201721088224
2015-02-03 11:00:00,17260,13191.364235230883
2015-02-03 11:30:00,17880,13823.604317662364
2015-02-03 12:00:00,17224,13453.285602367503
2015-02-03 12:30:00,16489,16045.727806397826
2015-02-03 13:00:00,15860,17103.971843689
2015-02-03 13:30:00,16976,16291.692932945316
2015-02-03 14:00:00,17009,18123.130522861127
2015-02-03 14:30:00,18192,17688.804971176032
2015-02-03 15:00:00,18626,19493.766936796979
2015-02-03 15:30:00,17095,20767.81029533445
2015-02-03 16:00:00,15276,19789.110774215143
2015-02-03 16:30:00,14274,20062.262750769991
2015-02-03 17:00:00,16851,19983.650003094921
2015-02-03 17:30:00,19552,18658.241377218426
2015-02-03 18:00:00,22275,19670.207766432577
2015-02-03 18:30:00,23109,16738.727949587508
2015-02-03 19:00:00,22716,12438.437290467669
2015-02-03 19:30:00,22780,11970.795955389589
2015-02-03 20:00:00,22792,14975.993513517295
2015-02-03 20:30:00,22621,14630.038514785361
2015-02-03 21:00:00,22322,12836.046076177437
2015-02-03 21:30:00,22403,7818.4755083198015
2015-02-03 22:00:00,21251,7287.7291781963822
2015-02-03 22:30:00,18716,12971.388869957529
2015-02-03 23:00:00,16520,12609.412881764134
2015-02-03 23:30:00,13133,10137.091697996882
2015-02-04 00:00:00,10196,7335.1932788593167
2015-02-04 00:30:00,7086,6034.5069567691371
2015-02-04 01:00:00,5735,4547.2367193859609
2015-02-04 01:30:00,4252,3521.6712534003418
2015-02-04 02:00:00,3336,2758.1154187739685
2015-02-04 02:30:00,2815,4749.8129394072494
2015-02-04 03:00:00,2345,7425.1810373554754
2015-02-04 03:30:00,2072,10287.593910854057
2015-02-04 04:00:00,2149,10939.321638473935
2015-02-04 04:30:00,1974,11143.316995303761
2015-02-04 05:00:00,2298,10972.602601049621
2015-02-04 05:30:00,4213,12347.192694264022
2015-02-04 06:00:00,6618,13388.495278795137
2015-02-04 06:30:00,11949,12966.151665883724
2015-02-04 07:00:00,15264,13319.82711210852
2015-02-04 07:30:00,19088,15552.307334906121
2015-02-04 08:00:00,20012,19035.763319469454
2015-02-04 08:30:00,19976,19769.341577969448
2015-02-04 09:00:00,19179,21110.580340111908
2015-02-04 09:30:00,18121,20628.408478929545
2015-02-04 10:00:00,16667,20660.047785805426
2015-02-04 10:30:00,16246,15034.473749694658
2015-02-04 11:00:00,15916,14630.133195104663
2015-02-04 11:30:00,16932,15099.835382544681
2015-02-04 12:00:00,16922,15615.741512246521
2015-02-04 12:30:00,16280,15960.492540452144
2015-02-04 13:00:00,16056,18209.094359491479
2015-02-04 13:30:00,17189,20847.317355527666
2015-02-04 14:00:00,17031,21005.281225361963
2015-02-04 14:30:00,17789,18317.867639141587
2015-02-04 15:00:00,16909,15435.354859883462
2015-02-04 15:30:00,15447,14509.966949678421
2015-02-04 16:00:00,12778,18233.879887101924
2015-02-04 16:30:00,12053,20136.952509735711
2015-02-04 17:00:00,13897,21620.280315262891
2015-02-04 17:30:00,16828,22814.538066503741
2015-02-04 18:00:00,18800,22831.783780672027
2015-02-04 18:30:00,20308,21853.369799655527
2015-02-04 19:00:00,22265,19757.648469940199
2015-02-04 19:30:00,22347,21076.982987546926
2015-02-04 20:00:00,22024,20737.132917124341
2015-02-04 20:30:00,21468,17940.695240974823
2015-02-04 21:00:00,22140,9219.0689774141247
2015-02-04 21:30:00,21521,5669.0870247025632
2015-02-04 22:00:00,21388,5947.453492145145
2015-02-04 22:30:00,19556,8705.4434756503215
2015-02-04 23:00:00,17416,9238.1798747383109
2015-02-04 23:30:00,13652,7474.5131993867863
2015-02-05 00:00:00,11287,8251.7164976554013
2015-02-05 00:30:00,8615,7341.7602209713559
2015-02-05 01:00:00,6331,5390.7735431507335
2015-02-05 01:30:00,5081,4313.9840567426163
2015-02-05 02:00:00,4022,3837.3938421897728
2015-02-05 02:30:00,3086,5674.6579934815963
2015-02-05 03:00:00,2566,8321.6688469006567
2015-02-05 03:30:00,2112,10910.831289175152
2015-02-05 04:00:00,2311,11096.389932828775
2015-02-05 04:30:00,1972,12500.727635134159
2015-02-05 05:00:00,2422,13531.71789742948
2015-02-05 05:30:00,4446,14896.403242938663
2015-02-05 06:00:00,6599,15825.161325117668
2015-02-05 06:30:00,12152,15695.462681891266
2015-02-05 07:00:00,15334,16321.287566959914
2015-02-05 07:30:00,19370,17860.421133944998
2015-02-05 08:00:00,19942,20150.683053722289
2015-02-05 08:30:00,20325,19784.52544031461
2015-02-05 09:00:00,19327,20895.240866561235
2015-02-05 09:30:00,18445,19780.39927531315
2015-02-05 10:00:00,17086,19745.46068749595
2015-02-05 10:30:00,16932,16539.709483713719
2015-02-05 11:00:00,16191,14261.092124666653
2015-02-05 11:30:00,17753,14656.740628472066
2015-02-05 12:00:00,18293,16593.64365673314
2015-02-05 12:30:00,17010,18012.537483366035
2015-02-05 13:00:00,16797,19567.84748033846
2015-02-05 13:30:00,18076,20352.636782698173
2015-02-05 14:00:00,18194,18778.848392451968
2015-02-05 14:30:00,19196,15171.799363126074
2015-02-05 15:00:00,19835,15614.973418214751
2015-02-05 15:30:00,17045,14688.267843486183
2015-02-05 16:00:00,15406,15977.487765998554
2015-02-05 16:30:00,14001,18244.067862580567
2015-02-05 17:00:00,16771,21935.289321482309
2015-02-05 17:30:00,19785,23088.252213270694
2015-02-05 18:00:00,23356,23510.547454761643
2015-02-05 18:30:00,24428,23487.27614400283
2015-02-05 19:00:00,25017,22039.766300716186
2015-02-05 19:30:00,25680,20473.415662593634
2015-02-05 20:00:00,25528,21366.963754376309
2015-02-05 20:30:00,25509,17803.083831076034
2015-02-05 21:00:00,25952,12534.348541905685
2015-02-05 21:30:00,25560,11290.601197964774
2015-02-05 22:00:00,24372,8332.7943350441619
2015-02-05 22:30:00,22553,10249.05118118897
2015-02-05 23:00:00,21746,11589.89539907357
2015-02-05 23:30:00,18144,8715.9582234405516
2015-02-06 00:00:00,15102,7893.6418689382717
2015-02-06 00:30:00,12064,9386.0566794291535
2015-02-06 01:00:00,9037,7303.4761834270475
2015-02-06 01:30:00,7122,4845.1122606900353
2015-02-06 02:00:00,5789,3801.0763514809514
2015-02-06 02:30:00,4876,5096.3198253239025
2015-02-06 03:00:00,3747,5690.3851448127807
2015-02-06 03:30:00,3203,8965.3817765039203
2015-02-06 04:00:00,3388,10212.952135081901
2015-02-06 04:30:00,2533,11379.535809549185
2015-02-06 05:00:00,2906,14216.219361443693
2015-02-06 05:30:00,4589,17674.471473897749
2015-02-06 06:00:00,7492,20623.759948946743
2015-02-06 06:30:00,11996,19928.52083722283
2015-02-06 07:00:00,15872,19426.653701852429
2015-02-06 07:30:00,19555,19723.520299572076
2015-02-06 08:00:00,20265,20286.4462351244
2015-02-06 08:30:00,20418,21348.198527415174
2015-02-06 09:00:00,19552,21874.302188467209
2015-02-06 09:30:00,18651,20437.31673361217
2015-02-06 10:00:00,17498,19743.929878701092
2015-02-06 10:30:00,17554,15495.179029739953
2015-02-06 11:00:00,16999,14179.873749470044
2015-02-06 11:30:00,18955,14772.413396086025
2015-02-06 12:00:00,18531,17187.219442628062
2015-02-06 12:30:00,17283,18628.488200987522
2015-02-06 13:00:00,17493,19761.128732155597
2015-02-06 13:30:00,18491,20356.141467547128
2015-02-06 14:00:00,18899,19316.691128438026
2015-02-06 14:30:00,19096,17418.256574643889
2015-02-06 15:00:00,18484,16913.625443400906
2015-02-06 15:30:00,16456,14366.544916657414
2015-02-06 16:00:00,14559,16094.275203205525
2015-02-06 16:30:00,14218,20849.607126731775
2015-02-06 17:00:00,17246,23558.151698906277
2015-02-06 17:30:00,20126,24477.471735578696
2015-02-06 18:00:00,23495,24547.136760558715
2015-02-06 18:30:00,24423,24553.606820169469
2015-02-06 19:00:00,25809,21775.805615589619
2015-02-06 19:30:00,25774,21906.013007005655
2015-02-06 20:00:00,25593,22805.76477688603
2015-02-06 20:30:00,24780,21642.332892407132
2015-02-06 21:00:00,24528,17019.751284640242
2015-02-06 21:30:00,24913,13870.141931836497
2015-02-06 22:00:00,24738,8712.3998137146755
2015-02-06 22:30:00,25188,10791.043972899308
2015-02-06 23:00:00,25131,14532.997029067858
2015-02-06 23:30:00,24370,13246.203019605447
2015-02-07 00:00:00,23970,10865.665759166413
2015-02-07 00:30:00,21500,13327.339844389297
2015-02-07 01:00:00,20296,13309.48438681816
2015-02-07 01:30:00,17555,10688.569330583145
2015-02-07 02:00:00,16590,8535.5822116680738
2015-02-07 02:30:00,14397,8165.9578523507989
2015-02-07 03:00:00,12051,5173.165842436938
2015-02-07 03:30:00,10862,7547.4387652132291
2015-02-07 04:00:00,9211,7862.0555156239607
2015-02-07 04:30:00,5302,8795.4188258622744
2015-02-07 05:00:00,3468,11501.56635363464
2015-02-07 05:30:00,3139,15282.301413246885
2015-02-07 06:00:00,3496,16407.010037846449
2015-02-07 06:30:00,4321,19611.977013457501
2015-02-07 07:00:00,4831,19353.500028604711
2015-02-07 07:30:00,6517,18738.282171479295
2015-02-07 08:00:00,7663,18356.650458479406
2015-02-07 08:30:00,11170,17966.068661655328
2015-02-07 09:00:00,12078,20538.373706406121
2015-02-07 09:30:00,15718,21094.176523753998
2015-02-07 10:00:00,15555,21499.391931487495
2015-02-07 10:30:00,18666,18422.732184344764
2015-02-07 11:00:00,19747,16805.607898503167
2015-02-07 11:30:00,22451,13472.097950693909
2015-02-07 12:00:00,21266,15106.126553810638
2015-02-07 12:30:00,21279,15514.849022314327
2015-02-07 13:00:00,21362,18732.481296450704
2015-02-07 13:30:00,21283,19805.008714737385
2015-02-07 14:00:00,19839,20165.43069646609
2015-02-07 14:30:00,19622,18660.212233251306
2015-02-07 15:00:00,19375,16310.939515604794
2015-02-07 15:30:00,19610,14746.99280980094
2015-02-07 16:00:00,18778,15221.595549299764
2015-02-07 16:30:00,18127,18530.595165793995
2015-02-07 17:00:00,19306,22405.098210434826
2015-02-07 17:30:00,22391,22580.713032367144
2015-02-07 18:00:00,24239,24105.924886113291
2015-02-07 18:30:00,25540,22463.263671801837
2015-02-07 19:00:00,26809,23146.186173810282
2015-02-07 19:30:00,25702,20626.246091292123
2015-02-07 20:00:00,23211,23900.575997445947
2015-02-07 20:30:00,21366,24602.190440825347
2015-02-07 21:00:00,21575,24253.851851391672
2015-02-07 21:30:00,22432,22115.209123288318
2015-02-07 22:00:00,24495,17155.37945935272
2015-02-07 22:30:00,25280,15773.571652191962
2015-02-07 23:00:00,26403,16168.130376643587
2015-02-07 23:30:00,27135,18363.745214895222
2015-02-08 00:00:00,25997,17102.651307013861
2015-02-08 00:30:00,24997,17201.750704060574
2015-02-08 01:00:00,23221,14800.607711172621
2015-02-08 01:30:00,22309,10872.411303569115
2015-02-08 02:00:00,20676,8571.7361655810491
2015-02-08 02:30:00,18763,8700.7654315135878
2015-02-08 03:00:00,15926,8181.9668398882777
2015-02-08 03:30:00,14353,8552.7312574176103
2015-02-08 04:00:00,12055,7998.4832998886232
2015-02-08 04:30:00,6825,7999.5552212381717
2015-02-08 05:00:00,4039,8204.3229672000471
2015-02-08 05:30:00,3436,9898.2290879665452
2015-02-08 06:00:00,3348,13219.691588377593
2015-02-08 06:30:00,3792,18166.19894516981
2015-02-08 07:00:00,3479,18416.706408473401
2015-02-08 07:30:00,4513,17062.047801413009
2015-02-08 08:00:00,5347,16281.28150322862
2015-02-08 08:30:00,7537,15072.708584162758
2015-02-08 09:00:00,8870,17391.406686600414
2015-02-08 09:30:00,11727,19140.631424663956
2015-02-08 10:00:00,12710,21781.890293217999
2015-02-08 10:30:00,16129,22289.286101925969
2015-02-08 11:00:00,16400,23308.890119083124
2015-02-08 11:30:00,18266,21759.066585752254
2015-02-08 12:00:00,18663,21563.533227798795
2015-02-08 12:30:00,20408,20621.886459274432
2015-02-08 13:00:00,20326,22264.014362325015
2015-02-08 13:30:00,20681,21731.712770206112
2015-02-08 14:00:00,20202,22291.474566512348
2015-02-08 14:30:00,19854,21718.103528841995
2015-02-08 15:00:00,19313,21103.743244177109
2015-02-08 15:30:00,19630,20251.214132074889
2015-02-08 16:00:00,18563,19159.615959009181
2015-02-08 16:30:00,17838,17988.881624849972
2015-02-08 17:00:00,17748,17196.119871940056
2015-02-08 17:30:00,18891,18750.465003145786
2015-02-08 18:00:00,18921,19933.750904377455
2015-02-08 18:30:00,18601,21511.815134499051
2015-02-08 19:00:00,17041,21402.175120862536
2015-02-08 19:30:00,16227,16962.848270617873
2015-02-08 20:00:00,14742,17678.9794561446
2015-02-08 20:30:00,13498,17386.949568516262
2015-02-08 21:00:00,13613,17801.356023983673
2015-02-08 21:30:00,12467,17690.87569348047
2015-02-08 22:00:00,11478,16971.628587250569
2015-02-08 22:30:00,10063,15013.684709874904
2015-02-08 23:00:00,9325,12651.532532032867
2015-02-08 23:30:00,9023,13794.138109002559
2015-02-09 00:00:00,6772,15319.0423749683
2015-02-09 00:30:00,4985,12226.142176266523
2015-02-09 01:00:00,3673,9482.2226797042731
2015-02-09 01:30:00,2947,9135.3835270244563
2015-02-09 02:00:00,2519,683.86950213792261
2015-02-09 02:30:00,1972,228.44419100697087
2015-02-09 03:00:00,1609,-178.76595717450073
2015-02-09 03:30:00,1464,1991.3770217775964
2015-02-09 04:00:00,1787,4392.807787569398
2015-02-09 04:30:00,1703,7244.3735302368923
2015-02-09 05:00:00,2179,9038.4246673229645
2015-02-09 05:30:00,4022,14458.11290703439
2015-02-09 06:00:00,6752,16300.493158542859
2015-02-09 06:30:00,11271,15468.503125507599
2015-02-09 07:00:00,14197,13797.424664911139
2015-02-09 07:30:00,17095,13285.858583532277
2015-02-09 08:00:00,17471,16174.838808138451
2015-02-09 08:30:00,18281,16928.223593748706
2015-02-09 09:00:00,17334,18094.713909652572
2015-02-09 09:30:00,16004,13915.393555494953
2015-02-09 10:00:00,14862,14652.050001845639
2015-02-09 10:30:00,15391,14627.159329825497
2015-02-09 11:00:00,13130,19641.86748536296
2015-02-09 11:30:00,14485,19250.44241256886
2015-02-09 12:00:00,14915,20678.57496273455
2015-02-09 12:30:00,14520,17522.019667548189
2015-02-09 13:00:00,13847,16114.281306827565
2015-02-09 13:30:00,14982,13938.790793837019
2015-02-09 14:00:00,14638,15871.092538813517
2015-02-09 14:30:00,16302,13443.139455861157
2015-02-09 15:00:00,16751,11547.333239703594
2015-02-09 15:30:00,15611,12463.240757441512
2015-02-09 16:00:00,14764,14626.497270308126
2015-02-09 16:30:00,15098,16753.506972925567
2015-02-09 17:00:00,16811,16762.771266906639
2015-02-09 17:30:00,19132,22548.933298079675
2015-02-09 18:00:00,21882,22017.175539486765
2015-02-09 18:30:00,22340,21091.260767826469
2015-02-09 19:00:00,21728,19023.123224418378
2015-02-09 19:30:00,21521,17912.376944546646
2015-02-09 20:00:00,20816,19902.45331828139
2015-02-09 20:30:00,19850,18058.117837634582
2015-02-09 21:00:00,19823,16268.265731655696
2015-02-09 21:30:00,18275,13899.754075824354
2015-02-09 22:00:00,17377,11480.900941135267
2015-02-09 22:30:00,14094,9733.2900624704889
2015-02-09 23:00:00,12026,8914.4430297877079
2015-02-09 23:30:00,10178,8915.108845390896
2015-02-10 00:00:00,7708,8992.6467325364356
2015-02-10 00:30:00,5740,3491.3164387571469
2015-02-10 01:00:00,4374,2788.5664666701578
2015-02-10 01:30:00,3384,3963.1978668870142
2015-02-10 02:00:00,2782,4184.068486674807
2015-02-10 02:30:00,2188,4507.549822919209
2015-02-10 03:00:00,1756,7822.7133581387943
2015-02-10 03:30:00,1657,7579.5587060171274
2015-02-10 04:00:00,1716,8979.4348662356824
2015-02-10 04:30:00,1827,10383.644317441691
2015-02-10 05:00:00,2414,9625.8902700283907
2015-02-10 05:30:00,4318,12108.327814826647
2015-02-10 06:00:00,6899,13014.46933705845
2015-02-10 06:30:00,11969,14481.650740665777
2015-02-10 07:00:00,15204,13641.748418785552
2015-02-10 07:30:00,18947,14198.606498250154
2015-02-10 08:00:00,19644,15505.006785024161
2015-02-10 08:30:00,20384,16276.874772323026
2015-02-10 09:00:00,19317,21009.358708995504
2015-02-10 09:30:00,17836,18070.632425080021
2015-02-10 10:00:00,16473,18784.79237138699
2015-02-10 10:30:00,16536,14370.104892200185
2015-02-10 11:00:00,15298,11663.774108787435
2015-02-10 11:30:00,16821,11171.013830644832
2015-02-10 12:00:00,16594,11720.008561355637
2015-02-10 12:30:00,15763,13656.628157284107
2015-02-10 13:00:00,15274,20542.285502761111
2015-02-10 13:30:00,16153,22572.187555661301
2015-02-10 14:00:00,16298,22004.419905421379
2015-02-10 14:30:00,17196,17278.753309007221
2015-02-10 15:00:00,17509,15132.699960102325
2015-02-10 15:30:00,16488,14895.796255379904
2015-02-10 16:00:00,14963,18603.685230113744
2015-02-10 16:30:00,14354,20081.496805331513
2015-02-10 17:00:00,16926,20980.87481429438
2015-02-10 17:30:00,20170,21570.12404646667
2015-02-10 18:00:00,23092,21995.19185520443
2015-02-10 18:30:00,23803,22760.955638847448
2015-02-10 19:00:00,23807,23873.441394053778
2015-02-10 19:30:00,23640,22221.920504115493
2015-02-10 20:00:00,23601,18854.067064927207
2015-02-10 20:30:00,22720,14995.088853370558
2015-02-10 21:00:00,23400,9237.5271793995489
2015-02-10 21:30:00,22894,5574.551406106455
2015-02-10 22:00:00,21736,5510.2879981397637
2015-02-10 22:30:00,18707,7835.8096939733568
2015-02-10 23:00:00,16487,8418.3050843086403
2015-02-10 23:30:00,13280,8770.3672576241006
2015-02-11 00:00:00,10502,8414.9561565663826
2015-02-11 00:30:00,7548,6783.9132224199348
2015-02-11 01:00:00,5879,3648.1831221882476
2015-02-11 01:30:00,4177,1888.33105167127
2015-02-11 02:00:00,3639,2305.6084162063744
2015-02-11 02:30:00,2874,2928.0033870837906
2015-02-11 03:00:00,2397,4491.9172764554751
2015-02-11 03:30:00,2176,6823.5987529418053
2015-02-11 04:00:00,2246,7858.1855951431316
2015-02-11 04:30:00,1972,9634.5582019306312
2015-02-11 05:00:00,2566,11222.142846088354
2015-02-11 05:30:00,4481,13263.381976555354
2015-02-11 06:00:00,6897,13901.326394639094
2015-02-11 06:30:00,12279,11664.886992739492
2015-02-11 07:00:00,16073,12399.194796463329
2015-02-11 07:30:00,20139,15453.838800792013
2015-02-11 08:00:00,20495,19781.170592122489
2015-02-11 08:30:00,21238,18542.833414553726
2015-02-11 09:00:00,20392,17308.643688090247
2015-02-11 09:30:00,18652,16133.783477799532
2015-02-11 10:00:00,16998,20128.789950386283
2015-02-11 10:30:00,17139,17753.227144786382
2015-02-11 11:00:00,16334,14276.311518651926
2015-02-11 11:30:00,17653,13661.607168923312
2015-02-11 12:00:00,17951,15016.837468471631
2015-02-11 12:30:00,17504,15478.132829693175
2015-02-11 13:00:00,16150,18354.038257004126
2015-02-11 13:30:00,17311,20087.511364667222
2015-02-11 14:00:00,17994,20816.460529451811
2015-02-11 14:30:00,18737,17078.078213685993
2015-02-11 15:00:00,18597,15667.402054497064
2015-02-11 15:30:00,17014,16123.212118304695
2015-02-11 16:00:00,15023,18664.541589161199
2015-02-11 16:30:00,13919,21126.779760911137
2015-02-11 17:00:00,16661,21120.532278070463
2015-02-11 17:30:00,19338,20440.870313561849
2015-02-11 18:00:00,22282,19589.248858135194
2015-02-11 18:30:00,23370,20017.848987418678
2015-02-11 19:00:00,24757,19922.043946433492
2015-02-11 19:30:00,23874,21407.898819227023
2015-02-11 20:00:00,23763,21352.732609360024
2015-02-11 20:30:00,23955,16847.526402560357
2015-02-11 21:00:00,24045,10709.79227540005
2015-02-11 21:30:00,23796,7172.0004688901572
2015-02-11 22:00:00,22855,6252.603411040318
2015-02-11 22:30:00,21296,8445.4141264731734
2015-02-11 23:00:00,18626,10172.850768418069
2015-02-11 23:30:00,15325,8017.2044036817888
2015-02-12 00:00:00,12195,10122.756001950147
2015-02-12 00:30:00,9120,8762.2697460533072
2015-02-12 01:00:00,7018,5119.6872717190272
2015-02-12 01:30:00,5430,3065.5810124251366
2015-02-12 02:00:00,4559,2981.5212731872834
2015-02-12 02:30:00,3471,5448.4237225575907
2015-02-12 03:00:00,2736,5178.8674621704649
2015-02-12 03:30:00,2436,7599.951568491857
2015-02-12 04:00:00,2516,8436.5978548636685
2015-02-12 04:30:00,2287,12304.05639402011
2015-02-12 05:00:00,2526,13633.708930001643
2015-02-12 05:30:00,4355,16966.184885729952
2015-02-12 06:00:00,6876,18584.688550983177
2015-02-12 06:30:00,12311,17719.459269663963
2015-02-12 07:00:00,15881,17663.211353242063
2015-02-12 07:30:00,20432,18649.684463187157
2015-02-12 08:00:00,21313,20889.73222577705
2015-02-12 08:30:00,21153,19651.09529422161
2015-02-12 09:00:00,19553,20122.129814437525
2015-02-12 09:30:00,18796,17942.42943573778
2015-02-12 10:00:00,16799,19413.75108829594
2015-02-12 10:30:00,17415,18485.178022844619
2015-02-12 11:00:00,16515,16485.091533475999
2015-02-12 11:30:00,18296,15757.554829891938
2015-02-12 12:00:00,18283,17123.199913765216
2015-02-12 12:30:00,17524,17527.045678256873
2015-02-12 13:00:00,16442,19011.823307503291
2015-02-12 13:30:00,17333,19848.047374238282
2015-02-12 14:00:00,18414,19710.187396288649
2015-02-12 14:30:00,19276,16266.000281519266
2015-02-12 15:00:00,19258,15907.221181726733
2015-02-12 15:30:00,16669,16260.22059662677
2015-02-12 16:00:00,14669,18749.978133237426
2015-02-12 16:30:00,14222,22631.914313035551
2015-02-12 17:00:00,17207,23629.51817714428
2015-02-12 17:30:00,19902,22524.220214723704
2015-02-12 18:00:00,21838,21399.690592486131
2015-02-12 18:30:00,23537,21222.069219368921
2015-02-12 19:00:00,24622,19922.421940555461
2015-02-12 19:30:00,25079,20283.490476231837
2015-02-12 20:00:00,24815,20725.341368418744
2015-02-12 20:30:00,24706,19327.127094600204
2015-02-12 21:00:00,25306,13333.400985122455
2015-02-12 21:30:00,25112,10805.187571080753
2015-02-12 22:00:00,24992,8327.587533286729
2015-02-12 22:30:00,24064,10033.450084518125
2015-02-12 23:00:00,23007,12140.661866707544
2015-02-12 23:30:00,21238,9943.6826535965611
2015-02-13 00:00:00,18815,9836.9637828772611
2015-02-13 00:30:00,15101,10370.191744150596
2015-02-13 01:00:00,11735,8132.4840529516741
2015-02-13 01:30:00,9954,4559.120407561606
2015-02-13 02:00:00,7729,3720.8027710889546
2015-02-13 02:30:00,6274,5082.5527207947725
2015-02-13 03:00:00,5468,5040.1771466047558
2015-02-13 03:30:00,4591,7653.885208887471
2015-02-13 04:00:00,4285,8531.2313207879706
2015-02-13 04:30:00,3371,11049.692216670835
2015-02-13 05:00:00,3307,14206.693773818684
2015-02-13 05:30:00,4914,18842.760716946548
2015-02-13 06:00:00,7697,20917.931575790863
2015-02-13 06:30:00,12786,21202.18066669576
2015-02-13 07:00:00,16422,20999.376928126687
2015-02-13 07:30:00,20246,20269.073684229046
2015-02-13 08:00:00,21326,20881.927858770163
2015-02-13 08:30:00,21581,20972.959847355654
2015-02-13 09:00:00,21422,20572.292631551227
2015-02-13 09:30:00,20450,20169.521796313158
2015-02-13 10:00:00,18863,20747.67107345429
2015-02-13 10:30:00,18654,17035.002415135714
2015-02-13 11:00:00,18887,17783.871181209131
2015-02-13 11:30:00,20195,14205.48124166325
2015-02-13 12:00:00,19136,15846.19579362376
2015-02-13 12:30:00,17835,15954.806426484018
2015-02-13 13:00:00,18003,17524.206353913349
2015-02-13 13:30:00,18847,18553.781617978213
2015-02-13 14:00:00,19124,17657.898825914381
2015-02-13 14:30:00,19315,15181.882713183079
2015-02-13 15:00:00,18229,15822.928034422404
2015-02-13 15:30:00,16138,16331.554342738988
2015-02-13 16:00:00,14335,16926.620747594876
2015-02-13 16:30:00,13080,21234.121441489679
2015-02-13 17:00:00,15934,23868.678021268857
2015-02-13 17:30:00,18039,23244.099496824121
2015-02-13 18:00:00,20260,22880.957008419642
2015-02-13 18:30:00,21897,22302.674836285263
2015-02-13 19:00:00,23373,21278.792147355663
2015-02-13 19:30:00,24292,21206.177489291083
2015-02-13 20:00:00,24544,22853.132245730721
2015-02-13 20:30:00,24358,22861.248163039134
2015-02-13 21:00:00,24202,20674.863264046529
2015-02-13 21:30:00,24406,16513.327203957899
2015-02-13 22:00:00,24610,10528.618102589189
2015-02-13 22:30:00,25496,11637.473693532833
2015-02-13 23:00:00,24622,14388.871282494338
2015-02-13 23:30:00,24250,14074.750160121057
2015-02-14 00:00:00,23510,12776.007364764702
2015-02-14 00:30:00,22483,10994.540209200391
2015-02-14 01:00:00,20644,12495.431878857213
2015-02-14 01:30:00,19196,11092.463461082298
2015-02-14 02:00:00,17397,8892.4438743654846
2015-02-14 02:30:00,15309,7616.1561821035275
2015-02-14 03:00:00,13657,5129.6251198567479
2015-02-14 03:30:00,12613,6413.2203496678594
2015-02-14 04:00:00,10881,7002.9227605230853
2015-02-14 04:30:00,6612,7222.3822273191345
2015-02-14 05:00:00,4428,8642.6973748718628
2015-02-14 05:30:00,3758,13958.051752471682
2015-02-14 06:00:00,3936,14033.462137043029
2015-02-14 06:30:00,5217,19098.23876854252
2015-02-14 07:00:00,5483,20238.250225664255
2015-02-14 07:30:00,7685,19858.306990352768
2015-02-14 08:00:00,8652,18867.235158839612
2015-02-14 08:30:00,11796,18292.495034782289
2015-02-14 09:00:00,13103,20789.973926523395
2015-02-14 09:30:00,16525,22882.675802093239
2015-02-14 10:00:00,16375,22826.57711050296
2015-02-14 10:30:00,19110,18418.146989845864
2015-02-14 11:00:00,19385,16637.668868870551
2015-02-14 11:30:00,21858,16460.018408997294
2015-02-14 12:00:00,21652,18830.016099817491
2015-02-14 12:30:00,22251,20495.949072842959
2015-02-14 13:00:00,23132,20119.514121684653
2015-02-14 13:30:00,23317,20664.972550197668
2015-02-14 14:00:00,22482,20864.187377919654
2015-02-14 14:30:00,22950,19212.534135258065
2015-02-14 15:00:00,22585,19354.592848679058
2015-02-14 15:30:00,21587,16142.657064888852
2015-02-14 16:00:00,19517,16414.027842258754
2015-02-14 16:30:00,17894,19499.449982174378
2015-02-14 17:00:00,18793,21038.259217276882
2015-02-14 17:30:00,21289,22225.110479537016
2015-02-14 18:00:00,23336,22454.243598301662
2015-02-14 18:30:00,24718,23170.654111380762
2015-02-14 19:00:00,25807,25021.551711176522
2015-02-14 19:30:00,25611,24630.184677748417
2015-02-14 20:00:00,24156,23791.656402011147
2015-02-14 20:30:00,23537,24800.19019013003
2015-02-14 21:00:00,23476,24307.007051815948
2015-02-14 21:30:00,23475,21888.483173180706
2015-02-14 22:00:00,24637,19129.373214209052
2015-02-14 22:30:00,25027,17777.492635345858
2015-02-14 23:00:00,25649,16969.923493091927
2015-02-14 23:30:00,24271,18101.204214878679
2015-02-15 00:00:00,23346,18791.853072636302
2015-02-15 00:30:00,22188,17691.37743642776
2015-02-15 01:00:00,20708,15955.875568047588
2015-02-15 01:30:00,19230,10724.495035272463
2015-02-15 02:00:00,17778,7262.5392090940504
2015-02-15 02:30:00,16600,7155.1060413826663
2015-02-15 03:00:00,14614,7577.1953021407326
2015-02-15 03:30:00,13088,9227.3231718557108
2015-02-15 04:00:00,10949,8206.0754875499188
2015-02-15 04:30:00,6849,8145.9988704388488
2015-02-15 05:00:00,4700,8478.5783372759433
2015-02-15 05:30:00,3341,10346.707331995305
2015-02-15 06:00:00,3016,12873.499240358606
2015-02-15 06:30:00,3750,16588.14062959512
2015-02-15 07:00:00,3554,18492.470728160319
2015-02-15 07:30:00,4809,17714.673067304979
2015-02-15 08:00:00,6266,16986.375819463279
2015-02-15 08:30:00,8575,14933.607421784767
2015-02-15 09:00:00,9553,16440.315384755249
2015-02-15 09:30:00,12464,19651.593239295951
2015-02-15 10:00:00,13796,24584.302600086397
2015-02-15 10:30:00,17749,23002.86015136537
2015-02-15 11:00:00,18441,23319.301830227043
2015-02-15 11:30:00,21426,23418.668834704324
2015-02-15 12:00:00,22227,23248.318781111466
2015-02-15 12:30:00,22975,22311.288004913768
2015-02-15 13:00:00,22693,25673.595641084004
2015-02-15 13:30:00,23140,24603.331673372835
2015-02-15 14:00:00,22983,23429.666191426255
2015-02-15 14:30:00,22050,22129.379551237354
2015-02-15 15:00:00,21398,20547.71155446046
2015-02-15 15:30:00,21782,21284.888841347209
2015-02-15 16:00:00,20699,20110.390741784373
2015-02-15 16:30:00,19772,19511.215247198834
2015-02-15 17:00:00,20167,18388.694983612786
2015-02-15 17:30:00,21031,20075.594902553901
2015-02-15 18:00:00,22493,20186.884008991674
2015-02-15 18:30:00,23247,19777.761991754644
2015-02-15 19:00:00,22869,20030.827591954534
2015-02-15 19:30:00,22434,18986.755757065195
2015-02-15 20:00:00,20400,19730.201602201836
2015-02-15 20:30:00,18954,19689.079762023128
2015-02-15 21:00:00,18888,19475.451379798829
2015-02-15 21:30:00,19309,17192.290747847474
2015-02-15 22:00:00,18547,17059.064414467084
2015-02-15 22:30:00,17970,16113.0319278605
2015-02-15 23:00:00,17448,14689.821738542632
2015-02-15 23:30:00,16540,14057.457947650886
2015-02-16 00:00:00,13865,14547.31006032277
2015-02-16 00:30:00,11091,9543.1090686678617
2015-02-16 01:00:00,8914,4798.5023345233349
2015-02-16 01:30:00,7673,3793.6362683084335
2015-02-16 02:00:00,6700,1057.6677393467435
2015-02-16 02:30:00,5470,53.848126998662337
2015-02-16 03:00:00,4775,-1200.6380781881144
2015-02-16 03:30:00,4511,1178.4444147887862
2015-02-16 04:00:00,4137,3357.6775182887868
2015-02-16 04:30:00,2978,5441.1207626465039
2015-02-16 05:00:00,2999,4562.5481903881609
2015-02-16 05:30:00,3511,6892.0673572831702
2015-02-16 06:00:00,4433,11276.482545844477
2015-02-16 06:30:00,6027,13718.051593103311
2015-02-16 07:00:00,6507,14385.582960211234
2015-02-16 07:30:00,9693,14922.64401019232
2015-02-16 08:00:00,11866,15639.785837034151
2015-02-16 08:30:00,14836,16805.238345547987
2015-02-16 09:00:00,15164,19969.370683301266
2015-02-16 09:30:00,16472,18505.781137928072
2015-02-16 10:00:00,16472,19648.232558208423
2015-02-16 10:30:00,17835,18231.50301125125
2015-02-16 11:00:00,17151,20396.273679565809
2015-02-16 11:30:00,19362,21514.399715810971
2015-02-16 12:00:00,20956,25284.701003112757
2015-02-16 12:30:00,20307,25349.244256568811
2015-02-16 13:00:00,19644,23626.636750375321
2015-02-16 13:30:00,19990,22452.454118796893
2015-02-16 14:00:00,20050,23560.988075839661
2015-02-16 14:30:00,20756,20611.040997148997
2015-02-16 15:00:00,20649,19816.871637389497
2015-02-16 15:30:00,20100,20426.769391821865
2015-02-16 16:00:00,19206,18921.786710463282
2015-02-16 16:30:00,18491,18896.644979169905
2015-02-16 17:00:00,19781,21799.100048878863
2015-02-16 17:30:00,21590,23710.93652182955
2015-02-16 18:00:00,23408,19948.437287701181
2015-02-16 18:30:00,23893,18303.310450931196
2015-02-16 19:00:00,22878,17739.895076487395
2015-02-16 19:30:00,21563,17494.380094491662
2015-02-16 20:00:00,18818,17241.898150628658
2015-02-16 20:30:00,18668,16682.376415872721
2015-02-16 21:00:00,17745,14702.938521627082
2015-02-16 21:30:00,17617,12687.167322483099
2015-02-16 22:00:00,17364,12966.136516336117
2015-02-16 22:30:00,15350,10762.731399640772
2015-02-16 23:00:00,14475,8938.6823476352238
2015-02-16 23:30:00,11500,6763.599408068103
2015-02-17 00:00:00,9205,6136.7323625910103
2015-02-17 00:30:00,7207,3845.5719119055993
2015-02-17 01:00:00,5616,4330.8078712782972
2015-02-17 01:30:00,4160,1404.9407830997752
2015-02-17 02:00:00,3722,2116.4589274887931
2015-02-17 02:30:00,2798,4158.2518698854237
2015-02-17 03:00:00,2065,5017.3594106643286
2015-02-17 03:30:00,1834,7458.2357350885432
2015-02-17 04:00:00,1876,10988.951971120838
2015-02-17 04:30:00,1659,15592.915756259139
2015-02-17 05:00:00,2187,16175.757125436681
2015-02-17 05:30:00,3280,15584.552312108663
2015-02-17 06:00:00,5048,15019.163564253924
2015-02-17 06:30:00,7918,13616.127938938369
2015-02-17 07:00:00,10196,12096.798026005523
2015-02-17 07:30:00,12089,12891.309433692029
2015-02-17 08:00:00,14024,13318.95249888541
2015-02-17 08:30:00,15679,14664.357383749109
2015-02-17 09:00:00,15946,17875.595009238939
2015-02-17 09:30:00,16168,17133.802716205257
2015-02-17 10:00:00,15713,21573.194624704971
2015-02-17 10:30:00,16685,22330.782475372635
2015-02-17 11:00:00,15858,23480.789001493074
2015-02-17 11:30:00,17020,21198.536293110927
2015-02-17 12:00:00,16860,19802.701549859521
2015-02-17 12:30:00,16973,19741.774856508666
2015-02-17 13:00:00,15825,19485.480572282362
2015-02-17 13:30:00,17667,21122.081944280158
2015-02-17 14:00:00,17290,22229.24884610144
2015-02-17 14:30:00,17685,19976.079547289155
2015-02-17 15:00:00,17619,17135.105740797077
2015-02-17 15:30:00,16641,19245.440321293197
2015-02-17 16:00:00,15479,18277.653362777157
2015-02-17 16:30:00,14752,17768.707666862127
2015-02-17 17:00:00,17058,18449.044934363952
2015-02-17 17:30:00,19073,17903.141367866883
2015-02-17 18:00:00,21545,15040.990536583129
2015-02-17 18:30:00,22855,15305.295994125161
2015-02-17 19:00:00,22988,17567.898523221305
2015-02-17 19:30:00,22293,17868.279889048285
2015-02-17 20:00:00,23133,15472.511301594339
2015-02-17 20:30:00,21847,14233.822374439285
2015-02-17 21:00:00,22085,10738.445713373087
2015-02-17 21:30:00,21662,7641.2613975804534
2015-02-17 22:00:00,20309,6446.7647165009039
2015-02-17 22:30:00,18081,6128.7795985068788
2015-02-17 23:00:00,17578,4818.5034838721349
2015-02-17 23:30:00,13039,4248.2867705170102
2015-02-18 00:00:00,10795,1390.7961223800339
2015-02-18 00:30:00,8248,2879.4996758560228
2015-02-18 01:00:00,6342,6272.157946532805
2015-02-18 01:30:00,4833,5107.1419572984851
2015-02-18 02:00:00,3821,4485.0866389561579
2015-02-18 02:30:00,3418,5999.1270466535079
2015-02-18 03:00:00,2586,6572.5876704941802
2015-02-18 03:30:00,2195,11332.040066263491
2015-02-18 04:00:00,2408,12475.706786725867
2015-02-18 04:30:00,2103,13879.456746713448
2015-02-18 05:00:00,2421,12925.414553668674
2015-02-18 05:30:00,4297,13993.765439222248
2015-02-18 06:00:00,6706,14419.162609815006
2015-02-18 06:30:00,11366,14543.31158534844
2015-02-18 07:00:00,14285,13490.002572004591
2015-02-18 07:30:00,18269,15013.720572594848
2015-02-18 08:00:00,19030,17741.505568989855
2015-02-18 08:30:00,20055,16823.55434930202
2015-02-18 09:00:00,19163,18000.72377831069
2015-02-18 09:30:00,18712,15850.740624805576
2015-02-18 10:00:00,17000,20432.836523957383
2015-02-18 10:30:00,17169,19394.402765195289
2015-02-18 11:00:00,16142,19329.561176012612
2015-02-18 11:30:00,18012,16286.791359969562
2015-02-18 12:00:00,17875,14076.541962240381
2015-02-18 12:30:00,17586,12682.14378237761
2015-02-18 13:00:00,17104,15679.710121339815
2015-02-18 13:30:00,17588,16916.367419172133
2015-02-18 14:00:00,17397,18548.131690820046
2015-02-18 14:30:00,18257,17034.983050442475
2015-02-18 15:00:00,18634,17247.936380108062
2015-02-18 15:30:00,16719,16004.033667300608
2015-02-18 16:00:00,15217,17757.153554211429
2015-02-18 16:30:00,14061,20789.678024714594
2015-02-18 17:00:00,16157,22975.642197445319
2015-02-18 17:30:00,18963,23144.521026886767
2015-02-18 18:00:00,21329,19390.167831843173
2015-02-18 18:30:00,23252,21933.111205406309
2015-02-18 19:00:00,24531,22517.092163317207
2015-02-18 19:30:00,24905,21726.758133793279
2015-02-18 20:00:00,23408,20237.281148266826
2015-02-18 20:30:00,23317,16873.066477026154
2015-02-18 21:00:00,23509,11500.631469732703
2015-02-18 21:30:00,22724,8559.2170966713347
2015-02-18 22:00:00,22899,6370.5207774102564
2015-02-18 22:30:00,20689,6956.0129286788342
2015-02-18 23:00:00,18529,7248.4153416504523
2015-02-18 23:30:00,16350,6694.4086012738735
2015-02-19 00:00:00,12102,5579.7644597641956
2015-02-19 00:30:00,9433,6661.4058398608649
2015-02-19 01:00:00,7296,5055.3439528522613
2015-02-19 01:30:00,5687,3477.1336206930628
2015-02-19 02:00:00,4668,3552.4900014589002
2015-02-19 02:30:00,3593,4246.0826194412657
2015-02-19 03:00:00,2933,6088.2346941706546
2015-02-19 03:30:00,2427,8959.0319037552108
2015-02-19 04:00:00,2503,11877.362239645365
2015-02-19 04:30:00,2040,13645.051222560811
2015-02-19 05:00:00,2545,13934.96642659248
2015-02-19 05:30:00,4309,14211.400432064826
2015-02-19 06:00:00,6320,14938.076805227252
2015-02-19 06:30:00,11757,15675.677629147507
2015-02-19 07:00:00,14706,13295.819198200934
2015-02-19 07:30:00,18790,15223.083991423726
2015-02-19 08:00:00,19979,18849.455250290648
2015-02-19 08:30:00,20989,20141.298050074125
2015-02-19 09:00:00,20110,18765.227337482487
2015-02-19 09:30:00,19267,18155.301698006137
2015-02-19 10:00:00,18196,18563.992728550009
2015-02-19 10:30:00,18377,19696.70311486589
2015-02-19 11:00:00,17508,19397.659112765814
2015-02-19 11:30:00,19363,17253.584698884068
2015-02-19 12:00:00,19588,16854.065168775174
2015-02-19 12:30:00,18823,15389.108509426023
2015-02-19 13:00:00,18280,17157.773836257777
2015-02-19 13:30:00,19448,17795.194939306515
2015-02-19 14:00:00,19336,18413.666839667076
2015-02-19 14:30:00,20072,18535.834620801928
2015-02-19 15:00:00,20516,18209.86279202942
2015-02-19 15:30:00,18300,16348.370883185858
2015-02-19 16:00:00,16542,17264.442995928308
2015-02-19 16:30:00,15140,19990.739564563795
2015-02-19 17:00:00,17952,23276.477448782483
2015-02-19 17:30:00,21048,23306.930017732695
2015-02-19 18:00:00,23213,21779.211524045597
2015-02-19 18:30:00,24573,21507.435578168053
2015-02-19 19:00:00,25170,22787.277309773828
2015-02-19 19:30:00,25919,22684.055574021779
2015-02-19 20:00:00,26582,22916.78539907268
2015-02-19 20:30:00,26129,19844.071450817897
2015-02-19 21:00:00,26473,15881.525767739387
2015-02-19 21:30:00,26065,13380.547420997211
2015-02-19 22:00:00,25568,11221.890089764081
2015-02-19 22:30:00,24120,9970.4844523079337
2015-02-19 23:00:00,22592,9527.9001683863098
2015-02-19 23:30:00,19560,8505.2788533732601
2015-02-20 00:00:00,16482,6280.7618448135854
2015-02-20 00:30:00,12536,9315.083889226682
2015-02-20 01:00:00,9743,6759.5613636856742
2015-02-20 01:30:00,7733,3816.2538152684483
2015-02-20 02:00:00,6061,3235.0740460091074
2015-02-20 02:30:00,4948,4656.1973993218871
2015-02-20 03:00:00,4121,5150.4551797509503
2015-02-20 03:30:00,3509,8614.7819577692735
2015-02-20 04:00:00,3433,9429.1292345932125
2015-02-20 04:30:00,2788,11511.967026793163
2015-02-20 05:00:00,2992,13717.717033996443
2015-02-20 05:30:00,4696,18263.116353616439
2015-02-20 06:00:00,7241,19747.215602244723
2015-02-20 06:30:00,12238,19714.861087422556
2015-02-20 07:00:00,15917,19272.53123571763
2015-02-20 07:30:00,19858,19032.37207055205
2015-02-20 08:00:00,21302,20096.082763297334
2015-02-20 08:30:00,21449,20990.23036099978
2015-02-20 09:00:00,20975,21603.048443845553
2015-02-20 09:30:00,20119,19889.725692618144
2015-02-20 10:00:00,18909,20742.002871711025
2015-02-20 10:30:00,18769,20398.976121147778
2015-02-20 11:00:00,18053,20358.727250790122
2015-02-20 11:30:00,20192,17470.043580084584
2015-02-20 12:00:00,19392,16565.069428769621
2015-02-20 12:30:00,18906,16779.563524152098
2015-02-20 13:00:00,18263,19357.186898752461
2015-02-20 13:30:00,19137,19479.771960247617
2015-02-20 14:00:00,20082,19140.405054383889
2015-02-20 14:30:00,20460,18247.665427300341
2015-02-20 15:00:00,20298,17961.914209771603
2015-02-20 15:30:00,17899,17218.5597391099
2015-02-20 16:00:00,16070,18411.343652695061
2015-02-20 16:30:00,15529,22014.501998741325
2015-02-20 17:00:00,18950,25162.228046941156
2015-02-20 17:30:00,20900,24622.985340037158
2015-02-20 18:00:00,24129,23722.250751152576
2015-02-20 18:30:00,25950,23240.19899404496
2015-02-20 19:00:00,27461,22950.468398691879
2015-02-20 19:30:00,27312,24031.820391513094
2015-02-20 20:00:00,26783,24438.061497386669
2015-02-20 20:30:00,25572,22135.537840136469
2015-02-20 21:00:00,25142,17586.390087601292
2015-02-20 21:30:00,24968,14528.441899864261
2015-02-20 22:00:00,25869,10655.069091826979
2015-02-20 22:30:00,25656,13314.360175571437
2015-02-20 23:00:00,24930,13328.618627431919
2015-02-20 23:30:00,24771,12603.978597794368
2015-02-21 00:00:00,23723,11628.905829325726
2015-02-21 00:30:00,21808,9755.1025265981825
2015-02-21 01:00:00,19335,10583.723302607563
2015-02-21 01:30:00,17613,8112.1368577556132
2015-02-21 02:00:00,16456,7588.4754761237054
2015-02-21 02:30:00,14047,6494.0502256761683
2015-02-21 03:00:00,11816,4737.2079979564769
2015-02-21 03:30:00,10807,7970.6594243229702
2015-02-21 04:00:00,8958,9542.2488465547685
2015-02-21 04:30:00,5252,8633.4885871212773
2015-02-21 05:00:00,3645,11601.346668303167
2015-02-21 05:30:00,3071,15505.487770112126
2015-02-21 06:00:00,3541,15838.367012987344
2015-02-21 06:30:00,4777,18234.762785215898
2015-02-21 07:00:00,4705,18751.747175797973
2015-02-21 07:30:00,6549,19010.873515269144
2015-02-21 08:00:00,7610,18400.161179048973
2015-02-21 08:30:00,11056,16769.646953685176
2015-02-21 09:00:00,12218,18969.215825214262
2015-02-21 09:30:00,15871,22923.327241586772
2015-02-21 10:00:00,15992,23991.336408351941
2015-02-21 10:30:00,18680,22064.299206018535
2015-02-21 11:00:00,18888,18681.928732944114
2015-02-21 11:30:00,21388,18476.769065722707
2015-02-21 12:00:00,21295,19943.312235213023
2015-02-21 12:30:00,21981,18062.031398781604
2015-02-21 13:00:00,22821,19118.118228168638
2015-02-21 13:30:00,24240,20745.599588723446
2015-02-21 14:00:00,22971,21654.054040982919
2015-02-21 14:30:00,20571,21580.76099374039
2015-02-21 15:00:00,18538,18178.058243451385
2015-02-21 15:30:00,16714,16666.902113139513
2015-02-21 16:00:00,15216,18572.425853624911
2015-02-21 16:30:00,14532,22037.260849894381
2015-02-21 17:00:00,15846,24625.774813614014
2015-02-21 17:30:00,18467,23740.189947077291
2015-02-21 18:00:00,20811,22534.262517978197
2015-02-21 18:30:00,22739,22367.453977383979
2015-02-21 19:00:00,23075,23697.55435966517
2015-02-21 19:30:00,21271,22133.333761779337
2015-02-21 20:00:00,19839,22834.549994658748
2015-02-21 20:30:00,19001,25366.935360528754
2015-02-21 21:00:00,20027,25178.978381476649
2015-02-21 21:30:00,20798,23845.108696233969
2015-02-21 22:00:00,21421,21248.933957412588
2015-02-21 22:30:00,22556,17487.85746051863
2015-02-21 23:00:00,22576,17760.762507527688
2015-02-21 23:30:00,22736,17779.60021760836
2015-02-22 00:00:00,21358,13964.193241519604
2015-02-22 00:30:00,19975,14070.774472312954
2015-02-22 01:00:00,18611,13694.185087565875
2015-02-22 01:30:00,17703,8353.6089655688666
2015-02-22 02:00:00,16750,7885.1561123325901
2015-02-22 02:30:00,15300,8356.4863681483366
2015-02-22 03:00:00,13278,7342.7974586964128
2015-02-22 03:30:00,11678,7093.9948400811036
2015-02-22 04:00:00,9588,7523.4031241909779
2015-02-22 04:30:00,5552,7285.630414478841
2015-02-22 05:00:00,3582,4947.9073154569778
2015-02-22 05:30:00,2954,7845.8605757168689
2015-02-22 06:00:00,3166,13771.010856843453
2015-02-22 06:30:00,3602,15768.546888597124
2015-02-22 07:00:00,3909,15727.29487664845
2015-02-22 07:30:00,4962,17017.496074243638
2015-02-22 08:00:00,6050,17028.810084179993
2015-02-22 08:30:00,8902,16476.314535968701
2015-02-22 09:00:00,10039,17957.273472637462
2015-02-22 09:30:00,12550,21233.079434379277
2015-02-22 10:00:00,14239,24422.994253394332
2015-02-22 10:30:00,17278,22913.861965863514
2015-02-22 11:00:00,18463,22349.583401389475
2015-02-22 11:30:00,19778,21870.282075510575
2015-02-22 12:00:00,19798,21386.613261961433
2015-02-22 12:30:00,20076,20308.405896338678
2015-02-22 13:00:00,19680,21784.875050917944
2015-02-22 13:30:00,19415,19064.347147515207
2015-02-22 14:00:00,19992,18714.904068404954
2015-02-22 14:30:00,19042,19479.688203870242
2015-02-22 15:00:00,17988,20618.557129281944
2015-02-22 15:30:00,17993,20306.737844573756
2015-02-22 16:00:00,16961,19390.469691257669
2015-02-22 16:30:00,16962,19016.111008187097
2015-02-22 17:00:00,18041,18902.720180442357
2015-02-22 17:30:00,19193,19801.344469304095
2015-02-22 18:00:00,20155,19623.265256197228
2015-02-22 18:30:00,21007,19926.574199663475
2015-02-22 19:00:00,20028,19518.069198859586
2015-02-22 19:30:00,17481,18699.340727953604
2015-02-22 20:00:00,15269,19589.364738303066
2015-02-22 20:30:00,12920,21774.446416607319
2015-02-22 21:00:00,12419,22356.154878329107
2015-02-22 21:30:00,12562,18771.098612335198
2015-02-22 22:00:00,13336,18643.978281731201
2015-02-22 22:30:00,13023,16455.612818869515
2015-02-22 23:00:00,10543,10840.589360329381
2015-02-22 23:30:00,9093,13134.55137917195
2015-02-23 00:00:00,13653,15357.106653275094
2015-02-23 00:30:00,9213,12651.61104950391
2015-02-23 01:00:00,4826,7909.3374942950468
2015-02-23 01:30:00,3349,7459.4338151290003
2015-02-23 02:00:00,2780,3538.624833136897
2015-02-23 02:30:00,2276,1328.5740907387935
2015-02-23 03:00:00,1870,-503.35173571200176
2015-02-23 03:30:00,1758,2883.3129316323793
2015-02-23 04:00:00,1917,5170.7202874481882
2015-02-23 04:30:00,1888,9299.635636123061
2015-02-23 05:00:00,2718,8095.1603879348277
2015-02-23 05:30:00,4556,14271.631491570341
2015-02-23 06:00:00,6935,14167.189687689786
2015-02-23 06:30:00,11670,16032.505468601896
2015-02-23 07:00:00,14973,13281.417041290233
2015-02-23 07:30:00,18004,12863.631255632001
2015-02-23 08:00:00,19363,13462.561428036743
2015-02-23 08:30:00,19612,14727.783985552222
2015-02-23 09:00:00,19171,13533.039826504097
2015-02-23 09:30:00,17195,16801.11337381633
2015-02-23 10:00:00,15904,17717.544357467239
2015-02-23 10:30:00,16044,16459.851066560725
2015-02-23 11:00:00,15560,24202.101022968593
2015-02-23 11:30:00,16580,22418.211268493258
2015-02-23 12:00:00,17357,23536.683731386333
2015-02-23 12:30:00,16374,21117.231760305578
2015-02-23 13:00:00,15702,18823.439618922555
2015-02-23 13:30:00,17251,18003.191054675764
2015-02-23 14:00:00,17237,16287.910876240083
2015-02-23 14:30:00,18840,12583.411822801965
2015-02-23 15:00:00,19291,14294.052408534761
2015-02-23 15:30:00,18651,16512.851283838711
2015-02-23 16:00:00,17539,17249.602985809262
2015-02-23 16:30:00,17009,21820.569011796688
2015-02-23 17:00:00,19105,22286.859821270406
2015-02-23 17:30:00,21850,21239.599768593398
2015-02-23 18:00:00,23708,19995.260627291929
2015-02-23 18:30:00,24840,18945.055208684837
2015-02-23 19:00:00,24711,19325.665768333485
2015-02-23 19:30:00,24129,20500.205295486376
2015-02-23 20:00:00,23350,20599.100105423549
2015-02-23 20:30:00,22974,17472.934949567145
2015-02-23 21:00:00,22373,17634.026712975778
2015-02-23 21:30:00,21665,14207.732117422436
2015-02-23 22:00:00,20738,9093.8428764404744
2015-02-23 22:30:00,17862,5757.0100139899023
2015-02-23 23:00:00,14081,4469.1972578996538
2015-02-23 23:30:00,11541,4126.3053603285553
2015-02-24 00:00:00,9618,3576.7005167008138
2015-02-24 00:30:00,6997,1445.9332189327688
2015-02-24 01:00:00,5045,4935.4412474581823
2015-02-24 01:30:00,3869,5157.0868020650523
2015-02-24 02:00:00,3085,3845.4282817018684
2015-02-24 02:30:00,2340,2720.8286058328613
2015-02-24 03:00:00,1959,5523.949632667036
2015-02-24 03:30:00,1811,9963.0258737527438
2015-02-24 04:00:00,1860,10994.088437184182
2015-02-24 04:30:00,1722,16661.691145488454
2015-02-24 05:00:00,2283,17267.519712667952
2015-02-24 05:30:00,4280,16700.770669093155
2015-02-24 06:00:00,7171,16477.955290049238
2015-02-24 06:30:00,12967,17996.327846776083
2015-02-24 07:00:00,16575,17036.572904360422
2015-02-24 07:30:00,20412,16825.01486108849
2015-02-24 08:00:00,21376,17865.448141392626
2015-02-24 08:30:00,21157,17216.241868641271
2015-02-24 09:00:00,20551,18035.878699753634
2015-02-24 09:30:00,19516,20155.424753375955
2015-02-24 10:00:00,17496,19485.589111149304
2015-02-24 10:30:00,17658,19004.533375348925
2015-02-24 11:00:00,16549,16688.26251275582
2015-02-24 11:30:00,18124,15038.398455147384
2015-02-24 12:00:00,18551,12865.776111754663
2015-02-24 12:30:00,17611,16025.507570240105
2015-02-24 13:00:00,16218,20368.646335562102
2015-02-24 13:30:00,17938,20753.541354860787
2015-02-24 14:00:00,18407,18787.595506334241
2015-02-24 14:30:00,19464,18673.923885375363
2015-02-24 15:00:00,19569,17515.378560320227
2015-02-24 15:30:00,17603,14195.911441971562
2015-02-24 16:00:00,16143,18735.41239427933
2015-02-24 16:30:00,14982,22031.170981013518
2015-02-24 17:00:00,17712,20402.998622574767
2015-02-24 17:30:00,20209,19321.342908565573
2015-02-24 18:00:00,23112,20258.121599770398
2015-02-24 18:30:00,24090,22023.824124302129
2015-02-24 19:00:00,23852,25728.139963428875
2015-02-24 19:30:00,23661,26899.333808271087
2015-02-24 20:00:00,23514,25785.208022380488
2015-02-24 20:30:00,23610,17200.533759992915
2015-02-24 21:00:00,24092,10119.85899904828
2015-02-24 21:30:00,23228,11847.208846318099
2015-02-24 22:00:00,22315,9955.8636939631888
2015-02-24 22:30:00,19708,7613.5934306578411
2015-02-24 23:00:00,17612,6778.6662776899993
2015-02-24 23:30:00,13833,7420.5714877245409
2015-02-25 00:00:00,11151,7235.3305095152964
2015-02-25 00:30:00,8141,8804.5330418934645
2015-02-25 01:00:00,6048,5433.8646724620903
2015-02-25 01:30:00,4352,3458.8455142331004
2015-02-25 02:00:00,3780,4779.5451121634142
2015-02-25 02:30:00,2902,7757.204073625373
2015-02-25 03:00:00,2336,11129.624048879261
2015-02-25 03:30:00,2121,12813.652713213971
2015-02-25 04:00:00,2142,12810.233372589622
2015-02-25 04:30:00,1933,13814.808880868919
2015-02-25 05:00:00,2380,14059.553450649091
2015-02-25 05:30:00,4367,14625.096819964116
2015-02-25 06:00:00,7135,15176.164309421602
2015-02-25 06:30:00,12684,15225.214143803687
2015-02-25 07:00:00,16293,15817.383023370037
2015-02-25 07:30:00,19990,18502.890813859791
2015-02-25 08:00:00,20847,22004.476516798044
2015-02-25 08:30:00,21048,19362.161716100643
2015-02-25 09:00:00,19891,19455.295177324817
2015-02-25 09:30:00,18998,19802.437865725056
2015-02-25 10:00:00,17558,22887.016288932111
2015-02-25 10:30:00,17208,23058.208041735976
2015-02-25 11:00:00,16101,20158.200473803354
2015-02-25 11:30:00,18047,17018.792834971329
2015-02-25 12:00:00,17721,16348.854565074684
2015-02-25 12:30:00,17251,17846.521643144391
2015-02-25 13:00:00,16857,19759.905747315719
2015-02-25 13:30:00,17898,20042.092256372965
2015-02-25 14:00:00,18046,18371.824827136839
2015-02-25 14:30:00,19005,16515.06816445478
2015-02-25 15:00:00,18906,16857.717722923036
2015-02-25 15:30:00,16522,17402.768529371595
2015-02-25 16:00:00,14807,20194.562193367423
2015-02-25 16:30:00,13918,23946.954058010451
2015-02-25 17:00:00,16265,23202.951457017036
2015-02-25 17:30:00,19219,21441.647640496583
2015-02-25 18:00:00,21786,19520.551926514087
2015-02-25 18:30:00,22972,21999.258367613988
2015-02-25 19:00:00,23999,21740.33697275649
2015-02-25 19:30:00,23748,23723.631505420795
2015-02-25 20:00:00,23071,23448.817543241552
2015-02-25 20:30:00,23181,18518.56770847139
2015-02-25 21:00:00,23603,10857.494905945368
2015-02-25 21:30:00,23235,9458.4898060901323
2015-02-25 22:00:00,22585,9858.9775555245797
2015-02-25 22:30:00,21076,9965.825006409872
2015-02-25 23:00:00,19091,9328.5375674750067
2015-02-25 23:30:00,15492,6697.2124338005979
2015-02-26 00:00:00,12757,6508.1753491942036
2015-02-26 00:30:00,9397,8601.6142350125574
2015-02-26 01:00:00,7175,5468.3984616325088
2015-02-26 01:30:00,5598,3022.0968717387477
2015-02-26 02:00:00,4264,3399.9427253259728
2015-02-26 02:30:00,3475,6602.4117086290789
2015-02-26 03:00:00,2820,6946.1451717409263
2015-02-26 03:30:00,2479,9551.1639445838246
2015-02-26 04:00:00,2425,9672.7894097204189
2015-02-26 04:30:00,2158,13773.716332789714
2015-02-26 05:00:00,2586,15321.695134308076
2015-02-26 05:30:00,4419,16543.900376116268
2015-02-26 06:00:00,6967,17195.00343363412
2015-02-26 06:30:00,12870,19022.67709464885
2015-02-26 07:00:00,16521,18229.592976539603
2015-02-26 07:30:00,20644,18789.431733691727
2015-02-26 08:00:00,21340,20368.906536922063
2015-02-26 08:30:00,21062,19541.80513664267
2015-02-26 09:00:00,20739,19857.540257740613
2015-02-26 09:30:00,18990,19561.507661502401
2015-02-26 10:00:00,17767,21699.065943240195
2015-02-26 10:30:00,17339,22908.88865446757
2015-02-26 11:00:00,16410,18807.284055060089
2015-02-26 11:30:00,18292,16671.675092330577
2015-02-26 12:00:00,18919,16648.761638175805
2015-02-26 12:30:00,17436,16051.499883084723
2015-02-26 13:00:00,17755,18233.75389542586
2015-02-26 13:30:00,19245,19142.526219322717
2015-02-26 14:00:00,19000,17961.571529798606
2015-02-26 14:30:00,19474,17372.938190937915
2015-02-26 15:00:00,19466,17709.834508191423
2015-02-26 15:30:00,17289,18124.551749355356
2015-02-26 16:00:00,15247,19391.470422579911
2015-02-26 16:30:00,14213,22576.767243779035
2015-02-26 17:00:00,17182,24337.230590152263
2015-02-26 17:30:00,20065,23309.70570265875
2015-02-26 18:00:00,22224,21514.94130507722
2015-02-26 18:30:00,24076,22717.135975698387
2015-02-26 19:00:00,24958,22892.086530931283
2015-02-26 19:30:00,24811,23292.744066265856
2015-02-26 20:00:00,25362,23218.031567898044
2015-02-26 20:30:00,24699,18469.369271560245
2015-02-26 21:00:00,25036,12438.727124005381
2015-02-26 21:30:00,24944,10883.271385264845
2015-02-26 22:00:00,23855,8290.5928566116199
2015-02-26 22:30:00,23542,8484.5743364754126
2015-02-26 23:00:00,22669,9309.256147713284
2015-02-26 23:30:00,19750,7591.8368258175969
2015-02-27 00:00:00,16087,5666.7091717648964
2015-02-27 00:30:00,12947,8744.2761994419307
2015-02-27 01:00:00,10315,6951.7630205041369
2015-02-27 01:30:00,8207,3325.6754562620699
2015-02-27 02:00:00,6779,2045.8338350616032
2015-02-27 02:30:00,5035,3795.3440105819845
2015-02-27 03:00:00,4403,4076.3100022697581
2015-02-27 03:30:00,3693,7207.5621045359367
2015-02-27 04:00:00,3627,8060.4815981855154
2015-02-27 04:30:00,2847,12600.704368118357
2015-02-27 05:00:00,3191,14897.67837162103
2015-02-27 05:30:00,5026,17299.864357893279
2015-02-27 06:00:00,7391,18575.020772389482
2015-02-27 06:30:00,12176,19307.134579257647
2015-02-27 07:00:00,15511,19626.811640903736
2015-02-27 07:30:00,19601,18585.667425809072
2015-02-27 08:00:00,20585,18562.506027321477
2015-02-27 08:30:00,20628,18889.285568833406
2015-02-27 09:00:00,20373,19016.518931481947
2015-02-27 09:30:00,19223,18785.438098351999
2015-02-27 10:00:00,17265,20366.660476471916
2015-02-27 10:30:00,17054,20360.535879937837
2015-02-27 11:00:00,16505,18652.461229242377
2015-02-27 11:30:00,18469,16244.175407000857
2015-02-27 12:00:00,18670,16382.301171379961
2015-02-27 12:30:00,17562,16151.552310853649
2015-02-27 13:00:00,17376,18663.818277978975
2015-02-27 13:30:00,18175,19101.448329067745
2015-02-27 14:00:00,18922,18832.869377445353
2015-02-27 14:30:00,19049,16742.78894695541
2015-02-27 15:00:00,18797,17263.766675647006
2015-02-27 15:30:00,16748,18739.448159466381
2015-02-27 16:00:00,14944,19676.716705387596
2015-02-27 16:30:00,14278,22110.80053483534
2015-02-27 17:00:00,17116,24584.332603400962
2015-02-27 17:30:00,20470,24017.256259572299
2015-02-27 18:00:00,22925,22692.769033452692
2015-02-27 18:30:00,24004,23080.369939563519
2015-02-27 19:00:00,26713,22541.961129106206
2015-02-27 19:30:00,27120,23180.669473782942
2015-02-27 20:00:00,25950,24662.15216322265
2015-02-27 20:30:00,25870,21015.347384375422
2015-02-27 21:00:00,25709,16785.667224665649
2015-02-27 21:30:00,25944,14966.475345329258
2015-02-27 22:00:00,26911,10419.548915417554
2015-02-27 22:30:00,26744,11684.248472286465
2015-02-27 23:00:00,26440,11720.3549016094
2015-02-27 23:30:00,25940,12613.668798587938
2015-02-28 00:00:00,24051,9752.4830410403483
2015-02-28 00:30:00,23335,8939.9115960267554
2015-02-28 01:00:00,20919,12392.18286638855
2015-02-28 01:30:00,18929,9404.2672806832597
2015-02-28 02:00:00,17078,7775.1609330372212
2015-02-28 02:30:00,14984,5898.524309284503
2015-02-28 03:00:00,12519,4139.5671497800613
2015-02-28 03:30:00,11450,6817.2726710542975
2015-02-28 04:00:00,9830,8694.1561995913526
2015-02-28 04:30:00,5470,6767.0065222395588
2015-02-28 05:00:00,3985,9758.770214535296
2015-02-28 05:30:00,3456,14061.233332887005
2015-02-28 06:00:00,3833,14360.344875017077
2015-02-28 06:30:00,4714,17853.459801204164
2015-02-28 07:00:00,4955,17606.872727898663
2015-02-28 07:30:00,6790,17692.482158052866
2015-02-28 08:00:00,7911,16906.735255412983
2015-02-28 08:30:00,11446,15225.658284336028
2015-02-28 09:00:00,12519,17603.484672538816
2015-02-28 09:30:00,15959,21239.596086048234
2015-02-28 10:00:00,16313,21837.815099191666
2015-02-28 10:30:00,18382,18459.659533775277
2015-02-28 11:00:00,18797,13542.717829140356
2015-02-28 11:30:00,21412,13888.012376680403
2015-02-28 12:00:00,21087,16702.991339647739
2015-02-28 12:30:00,21968,16441.653825739795
2015-02-28 13:00:00,21769,18579.061633446294
2015-02-28 13:30:00,21571,20560.304468148235
2015-02-28 14:00:00,20973,20449.51971828895
2015-02-28 14:30:00,20960,20002.319860279295
2015-02-28 15:00:00,20611,18867.15491353202
2015-02-28 15:30:00,20421,17596.867642061115
2015-02-28 16:00:00,18867,18929.93504634302
2015-02-28 16:30:00,17770,21194.66985035839
2015-02-28 17:00:00,19299,22686.282702131844
2015-02-28 17:30:00,21908,24678.891464797081
2015-02-28 18:00:00,24503,23880.671235273716
2015-02-28 18:30:00,26931,23366.219795970745
2015-02-28 19:00:00,27953,23822.574671573253
2015-02-28 19:30:00,26435,22649.94386038489
2015-02-28 20:00:00,24362,24718.149759092339
2015-02-28 20:30:00,23066,26530.926472408384
2015-02-28 21:00:00,23346,25623.025843925425
2015-02-28 21:30:00,23913,23595.098914130365
2015-02-28 22:00:00,25609,20458.133340553039
2015-02-28 22:30:00,26844,18292.897176965413
2015-02-28 23:00:00,26775,16600.958616433629
2015-02-28 23:30:00,27612,16729.178393134545
2015-03-01 00:00:00,26208,14287.24417979606
2015-03-01 00:30:00,24830,15687.255670048664
2015-03-01 01:00:00,23059,15497.707299032501
2015-03-01 01:30:00,21589,10028.584305926273
2015-03-01 02:00:00,20350,9650.3686507771727
2015-03-01 02:30:00,18105,8997.8023849227393
2015-03-01 03:00:00,15246,8467.9033892646657
2015-03-01 03:30:00,13830,7619.9722529561323
2015-03-01 04:00:00,11827,8733.8980102458518
2015-03-01 04:30:00,6848,8269.3134372399145
2015-03-01 05:00:00,4331,6518.8299842675315
2015-03-01 05:30:00,3563,7313.4137395404532
2015-03-01 06:00:00,3440,11235.49330837774
2015-03-01 06:30:00,4119,16640.424694007324
2015-03-01 07:00:00,4002,18362.888653774069
2015-03-01 07:30:00,4791,17912.552637812631
2015-03-01 08:00:00,5856,17851.323936647892
2015-03-01 08:30:00,8385,16465.241122227759
2015-03-01 09:00:00,9972,16607.130454851627
2015-03-01 09:30:00,13099,18833.728797016276
2015-03-01 10:00:00,13903,23961.151819187737
2015-03-01 10:30:00,17508,24233.766960739507
2015-03-01 11:00:00,17364,23427.395057553797
2015-03-01 11:30:00,19946,22372.787380065627
2015-03-01 12:00:00,20598,20153.1319851015
2015-03-01 12:30:00,21977,17745.573829551115
2015-03-01 13:00:00,23164,20598.419735957792
2015-03-01 13:30:00,21780,20293.920101114709
2015-03-01 14:00:00,19973,21467.039481673608
2015-03-01 14:30:00,17963,22160.072111058838
2015-03-01 15:00:00,15142,24525.548297503567
2015-03-01 15:30:00,13634,23673.421232084009
2015-03-01 16:00:00,12007,20751.965384704436
2015-03-01 16:30:00,11576,20581.105981832225
2015-03-01 17:00:00,12750,19507.273142598115
2015-03-01 17:30:00,13192,19379.246584909124
2015-03-01 18:00:00,14550,19769.132095919602
2015-03-01 18:30:00,15368,21194.264399528525
2015-03-01 19:00:00,14843,20883.228999238901
2015-03-01 19:30:00,13766,19315.596595593779
2015-03-01 20:00:00,12760,21108.861489957664
2015-03-01 20:30:00,12491,19697.312126806526
2015-03-01 21:00:00,12029,16583.48770228041
2015-03-01 21:30:00,11421,16947.833371210523
2015-03-01 22:00:00,10799,16551.421114439112
2015-03-01 22:30:00,10021,16769.341718330867
2015-03-01 23:00:00,8766,15612.708935463215
2015-03-01 23:30:00,7488,16571.819790165075
2015-03-02 00:00:00,6626,15551.491648042695
2015-03-02 00:30:00,5378,12139.352138400829
2015-03-02 01:00:00,4138,9663.9596813222706
2015-03-02 01:30:00,3193,5697.5227116121696
2015-03-02 02:00:00,2583,2694.7101569380466
2015-03-02 02:30:00,2191,3537.9864586780823
2015-03-02 03:00:00,1684,6633.7714629453203
2015-03-02 03:30:00,1582,8518.3621060913974
2015-03-02 04:00:00,1737,10580.219419138344
2015-03-02 04:30:00,2108,15037.755987017732
2015-03-02 05:00:00,2692,15752.765062182218
2015-03-02 05:30:00,4501,19282.044485813887
2015-03-02 06:00:00,6679,20933.495596688746
2015-03-02 06:30:00,10910,21347.333087790445
2015-03-02 07:00:00,13075,19985.405906052361
2015-03-02 07:30:00,16146,18370.469869535722
2015-03-02 08:00:00,16782,21617.348927689614
2015-03-02 08:30:00,16814,18506.698402667189
2015-03-02 09:00:00,16867,17483.850673777906
2015-03-02 09:30:00,15643,16782.815600042934
2015-03-02 10:00:00,15919,19197.759792182638
2015-03-02 10:30:00,15665,19227.378549050853
2015-03-02 11:00:00,16303,21639.02611090093
2015-03-02 11:30:00,16335,21863.212765294113
2015-03-02 12:00:00,15509,23760.03987824306
2015-03-02 12:30:00,14733,19009.881262910851
2015-03-02 13:00:00,14378,16472.777880854297
2015-03-02 13:30:00,14763,11487.534686692674
2015-03-02 14:00:00,15189,12333.58953636745
2015-03-02 14:30:00,16227,10462.084053551218
2015-03-02 15:00:00,17163,12492.918676051893
2015-03-02 15:30:00,15828,15269.020887606026
2015-03-02 16:00:00,14981,16697.381746601786
2015-03-02 16:30:00,14689,20197.338997325485
2015-03-02 17:00:00,17090,22033.864618062133
2015-03-02 17:30:00,19505,24920.445630421076
2015-03-02 18:00:00,21640,21311.009565364584
2015-03-02 18:30:00,22548,21351.409943912287
2015-03-02 19:00:00,22072,21529.530422243806
2015-03-02 19:30:00,21222,20833.515195133747
2015-03-02 20:00:00,20685,19899.273198511939
2015-03-02 20:30:00,20068,18691.943603201828
2015-03-02 21:00:00,20542,17088.611146613057
2015-03-02 21:30:00,19362,14945.17110233488
2015-03-02 22:00:00,18291,10285.471712285125
2015-03-02 22:30:00,15998,6654.0663626845526
2015-03-02 23:00:00,13677,7411.9715816109783
2015-03-02 23:30:00,10535,4005.2238507857928
2015-03-03 00:00:00,8847,5368.8707495079379
2015-03-03 00:30:00,6151,137.15621395073867
2015-03-03 01:00:00,4811,4747.1588208399789
2015-03-03 01:30:00,3622,9380.3546277230234
2015-03-03 02:00:00,3039,11981.444061962353
2015-03-03 02:30:00,2393,11466.615507085626
2015-03-03 03:00:00,1816,9715.5671702655636
2015-03-03 03:30:00,1595,9217.1414861867379
2015-03-03 04:00:00,1754,10554.854625712975
2015-03-03 04:30:00,1607,10444.888565589717
2015-03-03 05:00:00,2051,11264.47299629404
2015-03-03 05:30:00,4046,9581.3796201155092
2015-03-03 06:00:00,6403,8791.3642454446053
2015-03-03 06:30:00,11793,10497.595161349902
2015-03-03 07:00:00,14796,9877.2668962671778
2015-03-03 07:30:00,18732,11265.773608242434
2015-03-03 08:00:00,19704,15483.866268639615
2015-03-03 08:30:00,19550,17412.972573031591
2015-03-03 09:00:00,18446,19762.1701653249
2015-03-03 09:30:00,17383,15359.756523760461
2015-03-03 10:00:00,15850,16191.627503824207
2015-03-03 10:30:00,15947,15325.168652939525
2015-03-03 11:00:00,15402,13673.778371755348
2015-03-03 11:30:00,16819,12942.850037077291
2015-03-03 12:00:00,17318,11827.437634591206
2015-03-03 12:30:00,16494,13682.72431192259
2015-03-03 13:00:00,15965,16925.613806782607
2015-03-03 13:30:00,16890,21713.039139179982
2015-03-03 14:00:00,17712,21195.916141177979
2015-03-03 14:30:00,18762,17546.520859510852
2015-03-03 15:00:00,18563,13153.713905141445
2015-03-03 15:30:00,16239,11158.81722725794
2015-03-03 16:00:00,13680,17778.902777008952
2015-03-03 16:30:00,12558,20129.522030213295
2015-03-03 17:00:00,13665,20525.722029605968
2015-03-03 17:30:00,15067,22367.298194499079
2015-03-03 18:00:00,16460,21372.741826548965
2015-03-03 18:30:00,17723,21372.562411836676
2015-03-03 19:00:00,18518,21382.990669305527
2015-03-03 19:30:00,18804,23117.098239319705
2015-03-03 20:00:00,20532,20858.950301238328
2015-03-03 20:30:00,20701,18030.020828853172
2015-03-03 21:00:00,20936,11668.677358894611
2015-03-03 21:30:00,20365,7993.1215661443239
2015-03-03 22:00:00,19466,4812.977987731354
2015-03-03 22:30:00,18232,6353.5320099331475
2015-03-03 23:00:00,16000,5511.7606151974232
2015-03-03 23:30:00,12867,7321.9694433384157
2015-03-04 00:00:00,10093,8174.4557226894431
2015-03-04 00:30:00,7202,7644.4328689458562
2015-03-04 01:00:00,5458,5387.6962021118943
2015-03-04 01:30:00,3979,3764.7587184647418
2015-03-04 02:00:00,3180,3957.685892121599
2015-03-04 02:30:00,2598,5133.0396309728148
2015-03-04 03:00:00,2051,5449.6280996063197
2015-03-04 03:30:00,1745,6705.3225996840847
2015-03-04 04:00:00,1949,8172.2090111046209
2015-03-04 04:30:00,1885,9767.1897817656791
2015-03-04 05:00:00,2447,10818.478887966579
2015-03-04 05:30:00,4398,12044.516250491859
2015-03-04 06:00:00,7270,13597.017905798657
2015-03-04 06:30:00,12437,12124.199945028859
2015-03-04 07:00:00,15831,11663.506986147524
2015-03-04 07:30:00,19609,16981.038591400094
2015-03-04 08:00:00,20796,20822.5617232931
2015-03-04 08:30:00,20246,19190.288680698235
2015-03-04 09:00:00,19369,19001.286631047082
2015-03-04 09:30:00,19858,18945.794149133919
2015-03-04 10:00:00,17972,21636.882018235017
2015-03-04 10:30:00,16423,19709.890576933209
2015-03-04 11:00:00,15624,16428.221390566385
2015-03-04 11:30:00,16807,14303.862046051769
2015-03-04 12:00:00,16467,13805.634935759015
2015-03-04 12:30:00,16946,13693.418206242084
2015-03-04 13:00:00,15895,18005.17156667501
2015-03-04 13:30:00,17009,19457.712045778881
2015-03-04 14:00:00,17783,18524.358091020487
2015-03-04 14:30:00,18136,16058.455275317698
2015-03-04 15:00:00,17643,15707.325315489643
2015-03-04 15:30:00,15751,17291.445934952877
2015-03-04 16:00:00,13668,17452.020393348303
2015-03-04 16:30:00,13011,19298.044335325849
2015-03-04 17:00:00,15557,22932.423669124229
2015-03-04 17:30:00,18274,21660.8333508996
2015-03-04 18:00:00,21428,20297.481460195519
2015-03-04 18:30:00,22597,20083.607271854227
2015-03-04 19:00:00,23580,21184.07125379159
2015-03-04 19:30:00,23535,22851.405965004098
2015-03-04 20:00:00,24110,21300.273992018792
2015-03-04 20:30:00,25579,16042.385585310132
2015-03-04 21:00:00,25414,10444.032793785365
2015-03-04 21:30:00,23037,7996.3980405714046
2015-03-04 22:00:00,22549,4334.8007623897265
2015-03-04 22:30:00,21105,6821.4409709198771
2015-03-04 23:00:00,18602,7418.1058262857296
2015-03-04 23:30:00,15295,6920.0750157230341
2015-03-05 00:00:00,12551,8523.4262100935684
2015-03-05 00:30:00,9019,8881.4967684157436
2015-03-05 01:00:00,7220,5418.3455101296568
2015-03-05 01:30:00,5340,3429.2182199239523
2015-03-05 02:00:00,4477,3461.8090184370722
2015-03-05 02:30:00,3475,4888.9275936194626
2015-03-05 03:00:00,2756,5268.0909638656321
2015-03-05 03:30:00,2342,8490.0749272519824
2015-03-05 04:00:00,2391,9759.3018100213649
2015-03-05 04:30:00,2129,11289.113805532828
2015-03-05 05:00:00,2428,13529.179783564819
2015-03-05 05:30:00,4043,14444.112371117042
2015-03-05 06:00:00,6125,15229.6944295708
2015-03-05 06:30:00,11645,17524.635884082174
2015-03-05 07:00:00,14823,18312.077618537893
2015-03-05 07:30:00,17911,18525.794855342749
2015-03-05 08:00:00,18197,19648.967113624392
2015-03-05 08:30:00,17555,19944.964548579239
2015-03-05 09:00:00,16368,20917.03651465704
2015-03-05 09:30:00,15864,19269.424591130999
2015-03-05 10:00:00,14467,19054.364555898625
2015-03-05 10:30:00,14270,16124.08594902713
2015-03-05 11:00:00,13271,15979.769069010445
2015-03-05 11:30:00,14539,14551.31833490365
2015-03-05 12:00:00,15107,14586.07487271064
2015-03-05 12:30:00,13541,14914.496835697575
2015-03-05 13:00:00,12441,18535.958908016208
2015-03-05 13:30:00,12848,18464.599007839955
2015-03-05 14:00:00,13200,17853.446825210576
2015-03-05 14:30:00,14143,16030.370411136902
2015-03-05 15:00:00,14893,17205.894191714684
2015-03-05 15:30:00,13899,17862.402849244067
2015-03-05 16:00:00,11847,20879.925196967499
2015-03-05 16:30:00,10614,22754.602706020603
2015-03-05 17:00:00,12540,22730.04813152317
2015-03-05 17:30:00,14379,21630.951073834993
2015-03-05 18:00:00,16731,19909.520814950847
2015-03-05 18:30:00,18489,19476.863242931489
2015-03-05 19:00:00,19522,18869.221622200272
2015-03-05 19:30:00,18977,20967.048768499229
2015-03-05 20:00:00,18912,21118.203091736588
2015-03-05 20:30:00,18494,19967.518626045821
2015-03-05 21:00:00,18419,12625.321509850102
2015-03-05 21:30:00,17684,8893.3510156172779
2015-03-05 22:00:00,17456,6703.7213257400526
2015-03-05 22:30:00,17213,7174.2340845204935
2015-03-05 23:00:00,16598,8552.6885666347771
2015-03-05 23:30:00,15313,7359.8575709234874
2015-03-06 00:00:00,13654,8608.4774574646017
2015-03-06 00:30:00,11213,6413.6036412177673
2015-03-06 01:00:00,8825,6606.9670480044661
2015-03-06 01:30:00,7096,5923.0998645546406
2015-03-06 02:00:00,6207,3916.761987703152
2015-03-06 02:30:00,4973,5554.2763462836647
2015-03-06 03:00:00,3984,7887.3670885320735
2015-03-06 03:30:00,3411,9394.7551171957894
2015-03-06 04:00:00,3465,9384.1964316188241
2015-03-06 04:30:00,2907,10655.66941755735
2015-03-06 05:00:00,3175,12511.955579483607
2015-03-06 05:30:00,4792,14656.530270662028
2015-03-06 06:00:00,7150,16591.622287561491
2015-03-06 06:30:00,10873,17250.571903413609
2015-03-06 07:00:00,13611,16082.707686943495
2015-03-06 07:30:00,16302,16097.664219132817
2015-03-06 08:00:00,17760,17691.373512326038
2015-03-06 08:30:00,18196,16457.451913543104
2015-03-06 09:00:00,18076,14323.49088423453
2015-03-06 09:30:00,18073,14122.202534016045
2015-03-06 10:00:00,17040,16388.767266731462
2015-03-06 10:30:00,17645,14463.696452420398
2015-03-06 11:00:00,16942,12366.140707063669
2015-03-06 11:30:00,17734,10821.665124133659
2015-03-06 12:00:00,17068,12125.631480293943
2015-03-06 12:30:00,16067,11372.288559671157
2015-03-06 13:00:00,15715,12792.304735206544
2015-03-06 13:30:00,17059,12456.944838009136
2015-03-06 14:00:00,17624,13047.78135821366
2015-03-06 14:30:00,17576,13470.577277605429
2015-03-06 15:00:00,16837,14672.8852937804
2015-03-06 15:30:00,14668,17145.613406971228
2015-03-06 16:00:00,13049,17985.227354454255
2015-03-06 16:30:00,11569,19670.728088062409
2015-03-06 17:00:00,14126,23872.454614440365
2015-03-06 17:30:00,17005,23724.175427415285
2015-03-06 18:00:00,19213,22795.226540737123
2015-03-06 18:30:00,21997,20793.418250237908
2015-03-06 19:00:00,23956,19451.941402025717
2015-03-06 19:30:00,25109,18970.641858716666
2015-03-06 20:00:00,25534,21007.511236968392
2015-03-06 20:30:00,25159,20808.796902005084
2015-03-06 21:00:00,25299,16643.83057473486
2015-03-06 21:30:00,25446,13526.421785342278
2015-03-06 22:00:00,26082,10260.648764138652
2015-03-06 22:30:00,26103,10024.68734890915
2015-03-06 23:00:00,26090,11757.635711891244
2015-03-06 23:30:00,25219,12785.068540150391
2015-03-07 00:00:00,24428,12839.636602705183
2015-03-07 00:30:00,22771,13112.258864513355
2015-03-07 01:00:00,20707,13523.616742420281
2015-03-07 01:30:00,18819,10106.210170446084
2015-03-07 02:00:00,17387,8146.5193600344674
2015-03-07 02:30:00,14956,7471.3315381773973
2015-03-07 03:00:00,13284,6288.0040614936006
2015-03-07 03:30:00,11692,6283.0387798772081
2015-03-07 04:00:00,10190,6421.9700301807316
2015-03-07 04:30:00,5961,6862.4852230181823
2015-03-07 05:00:00,4102,8482.0323570029759
2015-03-07 05:30:00,3518,12868.78935042099
2015-03-07 06:00:00,4072,13616.331420579663
2015-03-07 06:30:00,5090,16149.097452400227
2015-03-07 07:00:00,5251,16812.202363575623
2015-03-07 07:30:00,7454,16741.328350242369
2015-03-07 08:00:00,8525,16413.546918344146
2015-03-07 08:30:00,12413,14115.521581836301
2015-03-07 09:00:00,13411,17308.678850985601
2015-03-07 09:30:00,16672,17892.950299965822
2015-03-07 10:00:00,16822,18376.767349233487
2015-03-07 10:30:00,19952,15951.591815045444
2015-03-07 11:00:00,19954,15426.375011154307
2015-03-07 11:30:00,21062,14885.702293205162
2015-03-07 12:00:00,21409,13250.328134587617
2015-03-07 12:30:00,22089,12950.780445828535
2015-03-07 13:00:00,22362,13594.272847012508
2015-03-07 13:30:00,22840,12531.745868066679
2015-03-07 14:00:00,22012,12043.783163289847
2015-03-07 14:30:00,21628,12164.502453456415
2015-03-07 15:00:00,21199,14888.865688666101
2015-03-07 15:30:00,21094,16923.307354887045
2015-03-07 16:00:00,19443,18586.47915558254
2015-03-07 16:30:00,18037,18561.1819002921
2015-03-07 17:00:00,19670,18179.278520354736
2015-03-07 17:30:00,22207,19141.683258136622
2015-03-07 18:00:00,24687,20224.77877335604
2015-03-07 18:30:00,26844,19909.550620033748
2015-03-07 19:00:00,27950,20782.269400974841
2015-03-07 19:30:00,26775,21422.897869291719
2015-03-07 20:00:00,24436,24009.327904164842
2015-03-07 20:30:00,22804,23843.874823879654
2015-03-07 21:00:00,22237,23277.261618566074
2015-03-07 21:30:00,23017,22714.2031699861
2015-03-07 22:00:00,24816,20314.318406207083
2015-03-07 22:30:00,25253,18060.69169141688
2015-03-07 23:00:00,26451,15592.728310422441
2015-03-07 23:30:00,26507,16743.600641506284
2015-03-08 00:00:00,25749,14701.630681329476
2015-03-08 00:30:00,23619,12489.166353423345
2015-03-08 01:00:00,22711,12921.391843930798
2015-03-08 01:30:00,20975,11724.670539006594
2015-03-08 02:00:00,128,8935.1379938364571
2015-03-08 02:30:00,123,6099.9350674750622
2015-03-08 03:00:00,20794,5847.1524797669863
2015-03-08 03:30:00,18056,7660.1096371849253
2015-03-08 04:00:00,15898,9359.8783084088027
2015-03-08 04:30:00,12003,15580.514688196494
2015-03-08 05:00:00,7987,14147.506633837815
2015-03-08 05:30:00,5192,12962.320064044532
2015-03-08 06:00:00,4139,12875.636288761869
2015-03-08 06:30:00,4310,18957.399065242149
2015-03-08 07:00:00,4444,20702.608843030452
2015-03-08 07:30:00,5604,19121.13348938297
2015-03-08 08:00:00,6010,13723.281761779243
2015-03-08 08:30:00,8339,16485.43868073144
2015-03-08 09:00:00,9500,18191.896469457868
2015-03-08 09:30:00,12605,16348.526216755314
2015-03-08 10:00:00,13765,24701.593146816711
2015-03-08 10:30:00,16968,20641.315522367742
2015-03-08 11:00:00,17466,17896.223446559528
2015-03-08 11:30:00,18812,19718.958075663348
2015-03-08 12:00:00,19496,14513.837937635568
2015-03-08 12:30:00,20293,15694.08651709508
2015-03-08 13:00:00,20004,22681.028511937875
2015-03-08 13:30:00,20756,19323.916139738663
2015-03-08 14:00:00,20539,16554.55969368717
2015-03-08 14:30:00,19849,17895.666524616096
2015-03-08 15:00:00,18335,20909.736403718041
2015-03-08 15:30:00,18140,28000.505007424115
2015-03-08 16:00:00,16770,26334.834645772458
2015-03-08 16:30:00,16215,23738.442012288993
2015-03-08 17:00:00,17156,15012.532591352836
2015-03-08 17:30:00,18450,15148.271486141402
2015-03-08 18:00:00,19001,14797.18057556585
2015-03-08 18:30:00,18830,19194.940012069252
2015-03-08 19:00:00,19312,20516.738977837151
2015-03-08 19:30:00,17737,19892.801464410793
2015-03-08 20:00:00,16678,18745.837075124418
2015-03-08 20:30:00,15914,17931.169183342841
2015-03-08 21:00:00,15244,19519.057033484511
2015-03-08 21:30:00,15373,17422.808035776954
2015-03-08 22:00:00,14115,16582.56347638982
2015-03-08 22:30:00,13417,12852.834995511539
2015-03-08 23:00:00,11511,11233.223597679062
2015-03-08 23:30:00,9854,12160.217177577715
2015-03-09 00:00:00,7840,7088.1977894467573
2015-03-09 00:30:00,6171,11461.489055769751
2015-03-09 01:00:00,4831,12790.941608909352
2015-03-09 01:30:00,3623,8057.3917876183268
2015-03-09 02:00:00,3073,2456.9721826510286
2015-03-09 02:30:00,2282,11481.586417280156
2015-03-09 03:00:00,1919,7647.8068344620351
2015-03-09 03:30:00,1771,4883.5861550828358
2015-03-09 04:00:00,2210,3033.4604980463082
2015-03-09 04:30:00,2251,520.43738310043591
2015-03-09 05:00:00,2667,6467.864701472412
2015-03-09 05:30:00,4705,11280.150654173049
2015-03-09 06:00:00,6765,13455.338136048133
2015-03-09 06:30:00,11290,14566.787000724076
2015-03-09 07:00:00,13706,15552.696621539322
2015-03-09 07:30:00,17424,16567.382334376092
2015-03-09 08:00:00,19200,18735.604727246693
2015-03-09 08:30:00,18770,13051.239259325017
2015-03-09 09:00:00,18304,16579.844045721733
2015-03-09 09:30:00,17185,19990.810012079281
2015-03-09 10:00:00,15523,14453.166172284882
2015-03-09 10:30:00,15295,17624.35024230116
2015-03-09 11:00:00,15006,23723.733674997005
2015-03-09 11:30:00,15142,18384.180900842959
2015-03-09 12:00:00,15811,24079.679736431281
2015-03-09 12:30:00,15622,23708.136098934527
2015-03-09 13:00:00,15107,22978.378028857624
2015-03-09 13:30:00,15447,21731.164182075929
2015-03-09 14:00:00,15735,21518.676867681261
2015-03-09 14:30:00,16793,12350.881537606752
2015-03-09 15:00:00,17217,13120.623247400241
2015-03-09 15:30:00,16228,14220.804973747096
2015-03-09 16:00:00,14774,19886.608376782591
2015-03-09 16:30:00,14249,23396.693481882714
2015-03-09 17:00:00,16073,17113.841497069887
2015-03-09 17:30:00,18230,24154.022271024987
2015-03-09 18:00:00,20728,19396.45231322496
2015-03-09 18:30:00,21607,17054.889083188675
2015-03-09 19:00:00,21700,21136.284394802307
2015-03-09 19:30:00,21095,18251.478958481322
2015-03-09 20:00:00,20628,20249.352413912635
2015-03-09 20:30:00,19621,17076.989795152684
2015-03-09 21:00:00,20064,19007.533825614151
2015-03-09 21:30:00,18745,15423.432652231602
2015-03-09 22:00:00,17437,11119.696468735665
2015-03-09 22:30:00,15424,13511.242101821896
2015-03-09 23:00:00,15445,11638.478065858671
2015-03-09 23:30:00,12684,4879.3559337397892
2015-03-10 00:00:00,9023,4972.4303250856101
2015-03-10 00:30:00,6919,777.3159417494935
2015-03-10 01:00:00,5560,7197.2413301321703
2015-03-10 01:30:00,4185,9621.2535916647321
2015-03-10 02:00:00,3201,6745.8198697826956
2015-03-10 02:30:00,2643,6959.4347336760175
2015-03-10 03:00:00,2237,7412.0453204428659
2015-03-10 03:30:00,1862,13174.613304180773
2015-03-10 04:00:00,1911,13042.951397981265
2015-03-10 04:30:00,1867,12137.654542542808
2015-03-10 05:00:00,2289,12033.774402632198
2015-03-10 05:30:00,4097,12741.748678105241
2015-03-10 06:00:00,6195,12920.875708459913
2015-03-10 06:30:00,11195,13969.856075977339
2015-03-10 07:00:00,14181,14404.781139311395
2015-03-10 07:30:00,18505,15046.748241607029
2015-03-10 08:00:00,19372,17483.110250748956
2015-03-10 08:30:00,19672,18306.799674159451
2015-03-10 09:00:00,18826,20070.0314521459
2015-03-10 09:30:00,17988,17833.614108952959
2015-03-10 10:00:00,16763,19605.993763323775
2015-03-10 10:30:00,16323,16801.340983102797
2015-03-10 11:00:00,15161,15667.755512290134
2015-03-10 11:30:00,16514,14053.092728041014
2015-03-10 12:00:00,16919,13579.551694685633
2015-03-10 12:30:00,16368,13843.641971258305
2015-03-10 13:00:00,15272,16679.647502395204
2015-03-10 13:30:00,16096,18497.969548263965
2015-03-10 14:00:00,17410,18122.51212677651
2015-03-10 14:30:00,17922,16528.071725900521
2015-03-10 15:00:00,17432,15735.569655236402
2015-03-10 15:30:00,15729,14558.452001551828
2015-03-10 16:00:00,13996,16273.350928026379
2015-03-10 16:30:00,12686,17301.108319106424
2015-03-10 17:00:00,14691,18870.206172637398
2015-03-10 17:30:00,17513,20419.317417943144
2015-03-10 18:00:00,20055,19877.974283565694
2015-03-10 18:30:00,20641,20160.613455352839
2015-03-10 19:00:00,21182,21369.159918110578
2015-03-10 19:30:00,22358,23553.423016514073
2015-03-10 20:00:00,23115,21408.055830751815
2015-03-10 20:30:00,22692,16976.992270113435
2015-03-10 21:00:00,23551,10928.75060799538
2015-03-10 21:30:00,22124,7560.5352206149337
2015-03-10 22:00:00,20998,6891.7884076413447
2015-03-10 22:30:00,20144,7793.6209596847348
2015-03-10 23:00:00,17414,7100.4497022415881
2015-03-10 23:30:00,13850,6915.5037786103439
2015-03-11 00:00:00,11172,9309.9764739046732
2015-03-11 00:30:00,8013,7732.9443094682847
2015-03-11 01:00:00,6200,5579.1885257314334
2015-03-11 01:30:00,4445,4126.9143437830862
2015-03-11 02:00:00,3538,3714.5180776855032
2015-03-11 02:30:00,2854,4918.6845979613827
2015-03-11 03:00:00,2347,5185.7362618940169
2015-03-11 03:30:00,2068,6748.7855306197234
2015-03-11 04:00:00,2287,8752.0747275475806
2015-03-11 04:30:00,2117,10318.976147623838
2015-03-11 05:00:00,2195,11584.386495947239
2015-03-11 05:30:00,4454,13083.818289214694
2015-03-11 06:00:00,6319,14213.755333852947
2015-03-11 06:30:00,11590,15029.149771842773
2015-03-11 07:00:00,14980,15635.907139183169
2015-03-11 07:30:00,19068,17109.070306797323
2015-03-11 08:00:00,19869,20009.489699891354
2015-03-11 08:30:00,19816,19708.596568548484
2015-03-11 09:00:00,19003,18095.206879838082
2015-03-11 09:30:00,18761,17281.08819626693
2015-03-11 10:00:00,16137,18834.381555979206
2015-03-11 10:30:00,16669,16905.086426093578
2015-03-11 11:00:00,15456,16364.55406754071
2015-03-11 11:30:00,17249,15504.775249002703
2015-03-11 12:00:00,16908,15788.682522108109
2015-03-11 12:30:00,16335,15434.93867661804
2015-03-11 13:00:00,16021,17878.510341797984
2015-03-11 13:30:00,16408,17879.706251494339
2015-03-11 14:00:00,17027,17425.64062234803
2015-03-11 14:30:00,17382,15705.484817090202
2015-03-11 15:00:00,17652,14892.46408044027
2015-03-11 15:30:00,15717,15365.107589016285
2015-03-11 16:00:00,13942,16825.936375400146
2015-03-11 16:30:00,13492,18643.391909461498
2015-03-11 17:00:00,15956,21745.764573777371
2015-03-11 17:30:00,18601,21337.426245027
2015-03-11 18:00:00,19906,19621.628831081856
2015-03-11 18:30:00,21126,20810.724159710087
2015-03-11 19:00:00,22396,21862.069016456939
2015-03-11 19:30:00,22952,22943.352268635121
2015-03-11 20:00:00,23117,22753.089319271974
2015-03-11 20:30:00,23030,19829.736647756283
2015-03-11 21:00:00,23191,12296.391887027754
2015-03-11 21:30:00,22946,9544.380588637101
2015-03-11 22:00:00,22173,7594.778491273687
2015-03-11 22:30:00,21653,8141.3051401091179
2015-03-11 23:00:00,19619,9373.7267170255182
2015-03-11 23:30:00,16332,7793.6919345409815
2015-03-12 00:00:00,13950,7455.5445993711992
2015-03-12 00:30:00,10488,7196.9938382308292
2015-03-12 01:00:00,7812,5466.4978048734429
2015-03-12 01:30:00,6086,3889.8315434835185
2015-03-12 02:00:00,4889,3390.1420705749788
2015-03-12 02:30:00,3927,5406.0485274924267
2015-03-12 03:00:00,3126,5673.5319169814848
2015-03-12 03:30:00,2671,7825.8119471236614
2015-03-12 04:00:00,2723,7327.6913474658322
2015-03-12 04:30:00,2568,10964.845541606255
2015-03-12 05:00:00,2608,13275.518529753212
2015-03-12 05:30:00,4555,14950.695931513685
2015-03-12 06:00:00,6578,17231.061366835573
2015-03-12 06:30:00,11527,18134.207854218628
2015-03-12 07:00:00,15455,18693.461648862565
2015-03-12 07:30:00,19216,19063.611287007046
2015-03-12 08:00:00,20459,20679.576577781383
2015-03-12 08:30:00,20172,20564.005835116412
2015-03-12 09:00:00,19537,18934.972661154607
2015-03-12 09:30:00,18345,18263.956791001005
2015-03-12 10:00:00,17344,19400.083325347667
2015-03-12 10:30:00,17829,17203.683248367015
2015-03-12 11:00:00,16887,14976.851260454356
2015-03-12 11:30:00,18313,15481.677312997272
2015-03-12 12:00:00,19132,16195.869398207549
2015-03-12 12:30:00,18239,16060.213609416011
2015-03-12 13:00:00,17295,17473.878051846445
2015-03-12 13:30:00,18228,17905.026455066964
2015-03-12 14:00:00,18248,17214.272141767953
2015-03-12 14:30:00,19012,16121.82081908615
2015-03-12 15:00:00,18025,15993.793716737164
2015-03-12 15:30:00,16274,16236.140044357568
2015-03-12 16:00:00,14264,17546.13837023357
2015-03-12 16:30:00,13155,20541.4514223488
2015-03-12 17:00:00,15556,23094.528544153003
2015-03-12 17:30:00,18682,22978.672894276518
2015-03-12 18:00:00,21793,22181.436704792548
2015-03-12 18:30:00,23613,22086.552336173452
2015-03-12 19:00:00,24345,21904.893024589586
2015-03-12 19:30:00,24967,22255.536401275665
2015-03-12 20:00:00,25072,23970.226423548302
2015-03-12 20:30:00,24299,20115.796269830866
2015-03-12 21:00:00,24957,12353.177311252777
2015-03-12 21:30:00,24576,11562.157928075319
2015-03-12 22:00:00,24088,9311.2430957230827
2015-03-12 22:30:00,24056,10580.808493533652
2015-03-12 23:00:00,22263,12096.762222100311
2015-03-12 23:30:00,21117,9494.6659192377774
2015-03-13 00:00:00,18043,8529.9409441230691
2015-03-13 00:30:00,14258,9448.7359859765274
2015-03-13 01:00:00,10848,7613.5966889851397
2015-03-13 01:30:00,9184,5650.8393752702996
2015-03-13 02:00:00,7399,4301.1438891873277
2015-03-13 02:30:00,5960,5792.2852445738608
2015-03-13 03:00:00,5108,4894.639257262068
2015-03-13 03:30:00,4314,5817.8248877062233
2015-03-13 04:00:00,4037,6570.7229771287311
2015-03-13 04:30:00,3017,9408.4446115579467
2015-03-13 05:00:00,3276,13301.064764050458
2015-03-13 05:30:00,5239,17585.078007622422
2015-03-13 06:00:00,7245,19666.159827161173
2015-03-13 06:30:00,11361,21065.207587901568
2015-03-13 07:00:00,14769,20782.879659549151
2015-03-13 07:30:00,18761,19311.692423409448
2015-03-13 08:00:00,19877,20138.511943076966
2015-03-13 08:30:00,19851,20596.823137961328
2015-03-13 09:00:00,18885,19542.553288556319
2015-03-13 09:30:00,18050,19394.603567441402
2015-03-13 10:00:00,16837,19255.39543992309
2015-03-13 10:30:00,16945,16840.249623473857
2015-03-13 11:00:00,16497,18161.139842586614
2015-03-13 11:30:00,18292,17292.824613423934
2015-03-13 12:00:00,18632,16722.985133307386
2015-03-13 12:30:00,17239,15949.164738977801
2015-03-13 13:00:00,16592,17270.355151587421
2015-03-13 13:30:00,16852,18174.184236964793
2015-03-13 14:00:00,18186,18236.160488103564
2015-03-13 14:30:00,18820,16597.310029084241
2015-03-13 15:00:00,17794,17515.465234344072
2015-03-13 15:30:00,16501,17954.308894634654
2015-03-13 16:00:00,14694,18343.487833098909
2015-03-13 16:30:00,13356,20416.756009801826
2015-03-13 17:00:00,16717,23764.593344128254
2015-03-13 17:30:00,20207,24110.703839540558
2015-03-13 18:00:00,23128,23569.273780215637
2015-03-13 18:30:00,24522,22267.665682308994
2015-03-13 19:00:00,25724,21675.989841903669
2015-03-13 19:30:00,26385,22521.790508355691
2015-03-13 20:00:00,25774,23918.195970028359
2015-03-13 20:30:00,25019,22301.044053390484
2015-03-13 21:00:00,25226,17977.754126632757
2015-03-13 21:30:00,25132,15606.783119707748
2015-03-13 22:00:00,25216,10811.238082307329
2015-03-13 22:30:00,25910,10889.242670204276
2015-03-13 23:00:00,25192,12642.257299735786
2015-03-13 23:30:00,24955,12597.798424299557
2015-03-14 00:00:00,24226,11925.020190382989
2015-03-14 00:30:00,22326,11330.51592749623
2015-03-14 01:00:00,20741,13166.022280406374
2015-03-14 01:30:00,18998,11916.861646036929
2015-03-14 02:00:00,17467,10372.290174067395
2015-03-14 02:30:00,15291,8747.6313038105654
2015-03-14 03:00:00,13431,7624.4860331993768
2015-03-14 03:30:00,12112,7646.3867309301477
2015-03-14 04:00:00,10420,8448.8949611419266
2015-03-14 04:30:00,6021,8083.2052623883801
2015-03-14 05:00:00,4109,9603.7641580685377
2015-03-14 05:30:00,3525,14600.113193361864
2015-03-14 06:00:00,3747,16040.527380019284
2015-03-14 06:30:00,4801,18740.024530975712
2015-03-14 07:00:00,5623,19403.056959833906
2015-03-14 07:30:00,7342,19779.618648416039
2015-03-14 08:00:00,8345,18662.165759682022
2015-03-14 08:30:00,12325,17752.511433453175
2015-03-14 09:00:00,13800,19526.04010534181
2015-03-14 09:30:00,16547,21035.066016397039
2015-03-14 10:00:00,16871,20282.615405049983
2015-03-14 10:30:00,19227,18324.091033738972
2015-03-14 11:00:00,19670,15213.844956246938
2015-03-14 11:30:00,21109,14601.625494160709
2015-03-14 12:00:00,22019,16777.455291381164
2015-03-14 12:30:00,23106,18804.232977516916
2015-03-14 13:00:00,21780,18840.53842948316
2015-03-14 13:30:00,21143,18900.953390947248
2015-03-14 14:00:00,20433,20182.662865819337
2015-03-14 14:30:00,19761,19813.281772015915
2015-03-14 15:00:00,19594,18574.092361734944
2015-03-14 15:30:00,19134,18395.392092272959
2015-03-14 16:00:00,18761,18868.593520856062
2015-03-14 16:30:00,17865,20696.107717872357
2015-03-14 17:00:00,19437,22147.472790674987
2015-03-14 17:30:00,22003,24076.022946600107
2015-03-14 18:00:00,23358,24611.910814259201
2015-03-14 18:30:00,24297,22953.547953853518
2015-03-14 19:00:00,25851,22704.385882782684
2015-03-14 19:30:00,26836,21562.755782568158
2015-03-14 20:00:00,24806,21980.48312565175
2015-03-14 20:30:00,24742,23400.55740129956
2015-03-14 21:00:00,24558,23333.336496692747
2015-03-14 21:30:00,24179,20582.623605324156
2015-03-14 22:00:00,24470,18757.914727366475
2015-03-14 22:30:00,25253,18414.050052920738
2015-03-14 23:00:00,24819,16334.040704314113
2015-03-14 23:30:00,24723,16082.860503292972
2015-03-15 00:00:00,24686,15479.795585766529
2015-03-15 00:30:00,23461,14091.699588359166
2015-03-15 01:00:00,21891,14172.454908502641
2015-03-15 01:30:00,20526,10208.697237577499
2015-03-15 02:00:00,19181,9286.634783013491
2015-03-15 02:30:00,16824,8814.8158538042444
2015-03-15 03:00:00,14432,8041.42699582368
2015-03-15 03:30:00,12861,8133.459557227332
2015-03-15 04:00:00,11149,8836.2168875638745
2015-03-15 04:30:00,6710,9102.955861958304
2015-03-15 05:00:00,4473,9429.6122208445413
2015-03-15 05:30:00,3679,10267.861142411781
2015-03-15 06:00:00,4388,14197.818971339702
2015-03-15 06:30:00,5553,18181.454127748952
2015-03-15 07:00:00,5270,18238.385096010337
2015-03-15 07:30:00,5384,17561.291158160515
2015-03-15 08:00:00,5967,16868.135814054403
2015-03-15 08:30:00,7799,15361.529035358539
2015-03-15 09:00:00,9113,15973.493660887929
2015-03-15 09:30:00,11910,18322.816363860326
2015-03-15 10:00:00,12656,21718.022628144692
2015-03-15 10:30:00,15703,21062.078420170132
2015-03-15 11:00:00,16875,20782.687722132767
2015-03-15 11:30:00,18617,20709.00840576474
2015-03-15 12:00:00,19598,20841.272071809537
2015-03-15 12:30:00,20443,20417.636683477271
2015-03-15 13:00:00,20570,23728.933470095591
2015-03-15 13:30:00,20563,23220.432572399764
2015-03-15 14:00:00,20245,20986.253727862859
2015-03-15 14:30:00,20254,20087.809183192861
2015-03-15 15:00:00,19345,19860.398770623658
2015-03-15 15:30:00,19244,20581.458882765397
2015-03-15 16:00:00,18597,20472.125800757902
2015-03-15 16:30:00,17929,20390.619598585508
2015-03-15 17:00:00,18356,19824.580249511957
2015-03-15 17:30:00,19573,20239.876764656517
2015-03-15 18:00:00,19237,21079.166467222636
2015-03-15 18:30:00,19341,20967.749766195309
2015-03-15 19:00:00,18562,21031.591121152604
2015-03-15 19:30:00,18282,19377.785212415867
2015-03-15 20:00:00,17539,18789.128821754937
2015-03-15 20:30:00,16426,17189.125705303846
2015-03-15 21:00:00,15146,17341.041729357705
2015-03-15 21:30:00,15117,16336.314856015139
2015-03-15 22:00:00,13708,16933.824165288574
2015-03-15 22:30:00,12706,15904.018552333358
2015-03-15 23:00:00,10950,14543.29452206612
2015-03-15 23:30:00,9223,12420.311066010276
2015-03-16 00:00:00,7971,17650.20458915893
2015-03-16 00:30:00,6673,12858.475591763963
2015-03-16 01:00:00,5007,6586.4342120842084
2015-03-16 01:30:00,3762,6425.2351523927391
2015-03-16 02:00:00,3341,2879.3931278187174
2015-03-16 02:30:00,2813,3929.1408898198188
2015-03-16 03:00:00,2514,3758.304466106656
2015-03-16 03:30:00,2092,4313.5145246238844
2015-03-16 04:00:00,2425,2786.3771276116677
2015-03-16 04:30:00,2354,7131.9253596609406
2015-03-16 05:00:00,2691,7888.8587854097377
2015-03-16 05:30:00,4356,12561.928815473728
2015-03-16 06:00:00,6409,14979.152709440563
2015-03-16 06:30:00,10751,15697.48156159115
2015-03-16 07:00:00,12810,16333.676196456167
2015-03-16 07:30:00,15918,15269.01335479941
2015-03-16 08:00:00,16849,16118.282783523016
2015-03-16 08:30:00,18035,16809.794293895025
2015-03-16 09:00:00,17654,14845.976647048179
2015-03-16 09:30:00,16568,14724.467823105721
2015-03-16 10:00:00,15039,18298.287960986308
2015-03-16 10:30:00,14639,17589.741538121991
2015-03-16 11:00:00,14477,19644.610542729504
2015-03-16 11:30:00,14944,20720.133248534326
2015-03-16 12:00:00,15165,23513.543570158981
2015-03-16 12:30:00,14723,20686.816699755134
2015-03-16 13:00:00,13995,19873.735050676947
2015-03-16 13:30:00,15230,17757.85908716367
2015-03-16 14:00:00,15603,17676.903007000994
2015-03-16 14:30:00,15470,17033.304623974611
2015-03-16 15:00:00,15197,15498.334855241261
2015-03-16 15:30:00,14888,16498.889978444618
2015-03-16 16:00:00,13847,16845.272471825905
2015-03-16 16:30:00,13928,18435.598283277395
2015-03-16 17:00:00,15674,18827.399906600906
2015-03-16 17:30:00,17183,21276.542250618466
2015-03-16 18:00:00,19956,21941.854396335246
2015-03-16 18:30:00,20369,22691.865776685976
2015-03-16 19:00:00,20505,20479.326567207529
2015-03-16 19:30:00,20526,19708.589270058848
2015-03-16 20:00:00,20129,20686.870030883067
2015-03-16 20:30:00,19552,18811.110184630168
2015-03-16 21:00:00,19096,17993.095730386845
2015-03-16 21:30:00,17661,15662.331100635327
2015-03-16 22:00:00,17126,13403.744611472108
2015-03-16 22:30:00,14643,10873.620318887111
2015-03-16 23:00:00,13595,9200.486654129425
2015-03-16 23:30:00,10722,8919.9999754398232
2015-03-17 00:00:00,8831,8524.7692636546399
2015-03-17 00:30:00,6495,5090.5757248808986
2015-03-17 01:00:00,5237,1925.7282991104948
2015-03-17 01:30:00,3930,2839.1349553327436
2015-03-17 02:00:00,3063,2931.8934035298498
2015-03-17 02:30:00,2431,3809.6018427251765
2015-03-17 03:00:00,2007,6810.8555477237205
2015-03-17 03:30:00,1579,8593.8469960766961
2015-03-17 04:00:00,1916,11101.900503715575
2015-03-17 04:30:00,1799,13442.066032977986
2015-03-17 05:00:00,2150,13220.987788350889
2015-03-17 05:30:00,3988,14057.650796848953
2015-03-17 06:00:00,6083,14118.401428883573
2015-03-17 06:30:00,10636,12327.263295480676
2015-03-17 07:00:00,13476,11914.113597538697
2015-03-17 07:30:00,16781,13420.575971402581
2015-03-17 08:00:00,18193,15270.96736552067
2015-03-17 08:30:00,18254,14673.785033899798
2015-03-17 09:00:00,17172,18130.055179676849
2015-03-17 09:30:00,16183,17059.276801412991
2015-03-17 10:00:00,14362,20462.847622057998
2015-03-17 10:30:00,13824,14906.227679837899
2015-03-17 11:00:00,13204,13507.217605535847
2015-03-17 11:30:00,13666,11937.706182329552
2015-03-17 12:00:00,13619,11552.482416643204
2015-03-17 12:30:00,14136,13123.824211418745
2015-03-17 13:00:00,13898,16276.692429439951
2015-03-17 13:30:00,14875,19394.976270137595
2015-03-17 14:00:00,15366,19991.661267053038
2015-03-17 14:30:00,15861,18236.596983094165
2015-03-17 15:00:00,15771,17330.526878295466
2015-03-17 15:30:00,15248,14649.784592006528
2015-03-17 16:00:00,13444,17142.75954289734
2015-03-17 16:30:00,13744,19887.720742341597
2015-03-17 17:00:00,16526,22030.088277892552
2015-03-17 17:30:00,20497,22800.626576712511
2015-03-17 18:00:00,23221,22630.22527359812
2015-03-17 18:30:00,24247,23023.944795899137
2015-03-17 19:00:00,24831,25083.452895495211
2015-03-17 19:30:00,25495,24628.979205984113
2015-03-17 20:00:00,25747,20323.58561808947
2015-03-17 20:30:00,25339,17034.692047175322
2015-03-17 21:00:00,25426,11504.356946229967
2015-03-17 21:30:00,24686,8927.4519294160782
2015-03-17 22:00:00,24384,5152.9256705551943
2015-03-17 22:30:00,23130,8260.1830642007499
2015-03-17 23:00:00,21121,7273.8483635167586
2015-03-17 23:30:00,18175,5884.7615524505763
2015-03-18 00:00:00,14773,8794.2749697124418
2015-03-18 00:30:00,11494,8794.9563749954723
2015-03-18 01:00:00,8726,6294.8182236829907
2015-03-18 01:30:00,6616,2412.1076630237239
2015-03-18 02:00:00,5692,2060.3377248299712
2015-03-18 02:30:00,4266,3631.7056383289564
2015-03-18 03:00:00,3915,2866.4771987834974
2015-03-18 03:30:00,3175,4628.6873800263093
2015-03-18 04:00:00,3123,6800.0468632720604
2015-03-18 04:30:00,2574,8959.3511985789701
2015-03-18 05:00:00,2690,11568.579708882899
2015-03-18 05:30:00,4475,12370.558999340612
2015-03-18 06:00:00,6716,13907.279645019622
2015-03-18 06:30:00,11393,14251.266639535776
2015-03-18 07:00:00,14755,12167.053855034324
2015-03-18 07:30:00,18235,13107.631844304753
2015-03-18 08:00:00,19618,15898.410903211181
2015-03-18 08:30:00,20816,18125.404147675672
2015-03-18 09:00:00,19938,18156.685656468799
2015-03-18 09:30:00,19006,14990.609128500573
2015-03-18 10:00:00,17308,15515.464579284826
2015-03-18 10:30:00,18006,11882.696801820162
2015-03-18 11:00:00,16525,12707.697069200625
2015-03-18 11:30:00,18387,11766.765808580958
2015-03-18 12:00:00,17973,10271.128787249674
2015-03-18 12:30:00,17745,11173.254905770913
2015-03-18 13:00:00,17018,14671.025597101236
2015-03-18 13:30:00,17982,15923.211419244602
2015-03-18 14:00:00,17591,17503.958834332676
2015-03-18 14:30:00,17954,16534.64686498385
2015-03-18 15:00:00,17270,17015.581759029803
2015-03-18 15:30:00,16022,16595.603293612516
2015-03-18 16:00:00,14319,20480.368952985857
2015-03-18 16:30:00,13883,21349.316848187162
2015-03-18 17:00:00,16275,22972.283547723637
2015-03-18 17:30:00,19520,21500.784635006494
2015-03-18 18:00:00,22044,19823.787842635815
2015-03-18 18:30:00,23377,20155.289467154049
2015-03-18 19:00:00,24693,22642.910417336381
2015-03-18 19:30:00,24810,23957.453480386266
2015-03-18 20:00:00,24542,24041.223558127476
2015-03-18 20:30:00,23537,21983.47902824972
2015-03-18 21:00:00,23812,14887.625987196992
2015-03-18 21:30:00,23388,10339.610937640224
2015-03-18 22:00:00,22605,8502.8129695319694
2015-03-18 22:30:00,21466,10174.03839912337
2015-03-18 23:00:00,19037,11498.819931418871
2015-03-18 23:30:00,15949,9545.1612066581765
2015-03-19 00:00:00,12518,9257.3941330753041
2015-03-19 00:30:00,9177,8599.097651910557
2015-03-19 01:00:00,7102,3962.6138076980696
2015-03-19 01:30:00,5459,3217.3893869677995
2015-03-19 02:00:00,4307,2654.5800161706975
2015-03-19 02:30:00,3267,4134.8496749654896
2015-03-19 03:00:00,2485,4639.8025310000176
2015-03-19 03:30:00,2239,5653.8699059830906
2015-03-19 04:00:00,2467,7231.6272445976683
2015-03-19 04:30:00,2131,10545.194758150363
2015-03-19 05:00:00,2559,13021.458671129427
2015-03-19 05:30:00,4389,16214.125082980958
2015-03-19 06:00:00,6422,18797.023471605793
2015-03-19 06:30:00,11587,19145.891757966743
2015-03-19 07:00:00,14685,15691.819553956371
2015-03-19 07:30:00,17388,15603.362452104178
2015-03-19 08:00:00,19069,18436.839234184914
2015-03-19 08:30:00,19822,17991.13036340299
2015-03-19 09:00:00,19095,17253.636245338577
2015-03-19 09:30:00,18335,17002.782743392258
2015-03-19 10:00:00,17281,16477.130570310092
2015-03-19 10:30:00,17860,15509.454314645076
2015-03-19 11:00:00,17044,16175.237371785694
2015-03-19 11:30:00,18831,17544.459568818245
2015-03-19 12:00:00,18621,17855.226135354398
2015-03-19 12:30:00,17816,14729.861495358842
2015-03-19 13:00:00,17861,17086.708883732637
2015-03-19 13:30:00,18446,17736.127534371295
2015-03-19 14:00:00,18508,17822.161744367568
2015-03-19 14:30:00,18501,17335.566945485283
2015-03-19 15:00:00,18083,17634.202459418811
2015-03-19 15:30:00,16212,17646.3277148903
2015-03-19 16:00:00,14527,18989.097342588993
2015-03-19 16:30:00,13124,22312.584569196075
2015-03-19 17:00:00,16321,24834.523421614103
2015-03-19 17:30:00,19579,23736.985658165791
2015-03-19 18:00:00,21958,21439.460141295807
2015-03-19 18:30:00,23247,19862.576934601915
2015-03-19 19:00:00,24199,20481.110338679311
2015-03-19 19:30:00,24176,20152.834879522066
2015-03-19 20:00:00,24398,20575.040570569603
2015-03-19 20:30:00,24021,18176.932945047552
2015-03-19 21:00:00,24377,14914.574895406055
2015-03-19 21:30:00,24611,13514.384111527281
2015-03-19 22:00:00,23851,8578.0399453076861
2015-03-19 22:30:00,22849,11140.211792940883
2015-03-19 23:00:00,21810,13928.228448107537
2015-03-19 23:30:00,19864,11256.027038917475
2015-03-20 00:00:00,16241,9319.9238223515913
2015-03-20 00:30:00,13379,7114.5639348871209
2015-03-20 01:00:00,10554,4699.1152304589523
2015-03-20 01:30:00,7721,4864.2298060716748
2015-03-20 02:00:00,6639,4911.2162776166515
2015-03-20 02:30:00,5333,6907.9628972256978
2015-03-20 03:00:00,4482,6638.6868973263663
2015-03-20 03:30:00,3720,8552.6377520260685
2015-03-20 04:00:00,3914,8623.5729332082119
2015-03-20 04:30:00,2937,11284.604087714764
2015-03-20 05:00:00,2960,14024.465263504066
2015-03-20 05:30:00,4666,18194.93089626839
2015-03-20 06:00:00,6738,20474.559258538844
2015-03-20 06:30:00,11057,21173.660703271511
2015-03-20 07:00:00,13680,19989.355482933839
2015-03-20 07:30:00,17238,18614.777927501786
2015-03-20 08:00:00,18622,19985.144398265147
2015-03-20 08:30:00,19793,19981.675298222337
2015-03-20 09:00:00,18965,20931.025680848827
2015-03-20 09:30:00,18078,20505.475812228928
2015-03-20 10:00:00,16783,19874.730651028571
2015-03-20 10:30:00,16717,17861.596749690962
2015-03-20 11:00:00,15955,18280.50776542116
2015-03-20 11:30:00,17358,17937.809996218712
2015-03-20 12:00:00,18110,17788.169635408893
2015-03-20 12:30:00,18040,15153.722589681831
2015-03-20 13:00:00,17317,17349.058818385427
2015-03-20 13:30:00,18343,18677.216845866253
2015-03-20 14:00:00,18165,19643.000217347795
2015-03-20 14:30:00,19076,17343.038575214192
2015-03-20 15:00:00,17831,17877.391475267734
2015-03-20 15:30:00,16226,17511.519369778238
2015-03-20 16:00:00,14511,18217.391166381993
2015-03-20 16:30:00,13742,21042.700870315603
2015-03-20 17:00:00,16795,24106.965890114538
2015-03-20 17:30:00,19746,23851.290464886901
2015-03-20 18:00:00,22611,21976.371950377565
2015-03-20 18:30:00,24194,20808.929301478329
2015-03-20 19:00:00,25236,20870.896456945396
2015-03-20 19:30:00,25175,21358.652301765898
2015-03-20 20:00:00,23650,22800.716396470405
2015-03-20 20:30:00,22347,21733.525047727093
2015-03-20 21:00:00,22786,18303.799680038701
2015-03-20 21:30:00,22894,13999.463506920245
2015-03-20 22:00:00,22835,7921.0421040565197
2015-03-20 22:30:00,23979,9691.8376555958348
2015-03-20 23:00:00,23921,12346.336303146822
2015-03-20 23:30:00,22798,11247.937366388711
2015-03-21 00:00:00,21527,10719.860321981541
2015-03-21 00:30:00,19571,8243.3574555443738
2015-03-21 01:00:00,17790,9008.4963053254651
2015-03-21 01:30:00,15922,8112.6471621369465
2015-03-21 02:00:00,14641,6997.9736525697454
2015-03-21 02:30:00,12530,7645.9889094697974
2015-03-21 03:00:00,10522,7208.1198372530389
2015-03-21 03:30:00,9211,8387.2542527146434
2015-03-21 04:00:00,8369,9157.9748849454045
2015-03-21 04:30:00,5006,8924.7107357545901
2015-03-21 05:00:00,3498,10451.508903715752
2015-03-21 05:30:00,3504,14830.418007408469
2015-03-21 06:00:00,3607,16083.493622806813
2015-03-21 06:30:00,4772,18629.709115273203
2015-03-21 07:00:00,5195,19395.355850549415
2015-03-21 07:30:00,6811,18058.372939421977
2015-03-21 08:00:00,8266,15636.786174294002
2015-03-21 08:30:00,11437,15439.380857388756
2015-03-21 09:00:00,12206,17942.125837840438
2015-03-21 09:30:00,15179,21087.646231971357
2015-03-21 10:00:00,14901,22079.706772764202
2015-03-21 10:30:00,17052,20079.81750062705
2015-03-21 11:00:00,17113,17761.015952728107
2015-03-21 11:30:00,19005,16555.134358202529
2015-03-21 12:00:00,19414,18804.662790151451
2015-03-21 12:30:00,20673,16797.848847773079
2015-03-21 13:00:00,20342,16893.722733729755
2015-03-21 13:30:00,19968,18036.171458833865
2015-03-21 14:00:00,19295,19998.270163070323
2015-03-21 14:30:00,20194,19697.40248663726
2015-03-21 15:00:00,19752,18703.951941959465
2015-03-21 15:30:00,19813,18347.594161789602
2015-03-21 16:00:00,18566,18328.764351395432
2015-03-21 16:30:00,17910,20073.770698745873
2015-03-21 17:00:00,19439,22500.856797873021
2015-03-21 17:30:00,21881,23964.539826851884
2015-03-21 18:00:00,23274,24403.626748812349
2015-03-21 18:30:00,24761,21998.699874122885
2015-03-21 19:00:00,26342,21740.995745695665
2015-03-21 19:30:00,26425,21757.183237626195
2015-03-21 20:00:00,24279,23307.609562130099
2015-03-21 20:30:00,22507,24048.580336776642
2015-03-21 21:00:00,21410,23960.054756248632
2015-03-21 21:30:00,23284,20839.282529522236
2015-03-21 22:00:00,24270,19801.636047801741
2015-03-21 22:30:00,26128,16997.844260616628
2015-03-21 23:00:00,26879,14225.401234872877
2015-03-21 23:30:00,25948,14817.342285043707
2015-03-22 00:00:00,24751,11789.292373907581
2015-03-22 00:30:00,24482,10201.709913337992
2015-03-22 01:00:00,23031,9952.7149785220099
2015-03-22 01:30:00,22104,8834.1643656193119
2015-03-22 02:00:00,20423,7326.355495961845
2015-03-22 02:30:00,18411,7143.6291825179023
2015-03-22 03:00:00,16048,6584.436934747775
2015-03-22 03:30:00,14201,7083.5000465107205
2015-03-22 04:00:00,12103,7306.3515722879602
2015-03-22 04:30:00,6827,7080.3108687658005
2015-03-22 05:00:00,4549,6396.4735201611875
2015-03-22 05:30:00,3619,6927.5511801097646
2015-03-22 06:00:00,3572,10804.289859573662
2015-03-22 06:30:00,4209,16369.233017935352
2015-03-22 07:00:00,3966,18266.625585155802
2015-03-22 07:30:00,5340,16793.23547313075
2015-03-22 08:00:00,6400,15535.600459451858
2015-03-22 08:30:00,8476,14793.869257199653
2015-03-22 09:00:00,9956,16405.524960934657
2015-03-22 09:30:00,12371,18303.953632736262
2015-03-22 10:00:00,13640,22211.888259102889
2015-03-22 10:30:00,17004,23657.600673638284
2015-03-22 11:00:00,16991,23210.645378004716
2015-03-22 11:30:00,19175,21519.310411151746
2015-03-22 12:00:00,19031,18980.769297802872
2015-03-22 12:30:00,20070,17693.657744186596
2015-03-22 13:00:00,19301,21370.403214515929
2015-03-22 13:30:00,19656,21551.38921084709
2015-03-22 14:00:00,19602,22340.20891874034
2015-03-22 14:30:00,19445,20404.31476163202
2015-03-22 15:00:00,18921,19339.259671174827
2015-03-22 15:30:00,19080,19999.930571824476
2015-03-22 16:00:00,17941,19165.475347243126
2015-03-22 16:30:00,17614,17172.213386016392
2015-03-22 17:00:00,17844,17649.628984758889
2015-03-22 17:30:00,19094,18765.742505523856
2015-03-22 18:00:00,19695,20164.510280056107
2015-03-22 18:30:00,19747,20436.157016929315
2015-03-22 19:00:00,19092,20881.99123784812
2015-03-22 19:30:00,18746,19098.372989300227
2015-03-22 20:00:00,17616,19907.648504249883
2015-03-22 20:30:00,17506,19477.567562660352
2015-03-22 21:00:00,16947,17657.081459844925
2015-03-22 21:30:00,16122,16673.527149922258
2015-03-22 22:00:00,15749,17917.265734183402
2015-03-22 22:30:00,14203,17034.704969149341
2015-03-22 23:00:00,12131,16453.241602816051
2015-03-22 23:30:00,9954,15208.249200626993
2015-03-23 00:00:00,8047,17045.214509302568
2015-03-23 00:30:00,6085,11676.017314585733
2015-03-23 01:00:00,4615,8168.9523497887094
2015-03-23 01:30:00,3869,5620.3755311255773
2015-03-23 02:00:00,3095,809.18643691698526
2015-03-23 02:30:00,2347,2587.2549683446668
2015-03-23 03:00:00,1743,2315.2888234990241
2015-03-23 03:30:00,1617,1494.2942097731266
2015-03-23 04:00:00,2278,4520.0551480869399
2015-03-23 04:30:00,2097,9430.1630794193516
2015-03-23 05:00:00,2895,11681.988268092091
2015-03-23 05:30:00,4428,13892.137792756037
2015-03-23 06:00:00,6579,16106.081907836851
2015-03-23 06:30:00,11052,16634.499587205381
2015-03-23 07:00:00,13798,15490.03241034776
2015-03-23 07:30:00,17086,15405.505672830423
2015-03-23 08:00:00,17914,17272.139143072218
2015-03-23 08:30:00,18727,17362.380717853826
2015-03-23 09:00:00,18116,16672.689993253192
2015-03-23 09:30:00,16298,12834.923602428073
2015-03-23 10:00:00,15248,15789.214453062543
2015-03-23 10:30:00,14777,13510.649943632508
2015-03-23 11:00:00,14339,20252.732193793774
2015-03-23 11:30:00,15690,19503.493925788825
2015-03-23 12:00:00,15748,23993.300890504041
2015-03-23 12:30:00,15387,19704.774764661226
2015-03-23 13:00:00,14886,17065.889489196881
2015-03-23 13:30:00,16078,15069.905393377185
2015-03-23 14:00:00,15654,17420.858933693013
2015-03-23 14:30:00,16293,15974.116590315896
2015-03-23 15:00:00,15898,16484.786554667702
2015-03-23 15:30:00,15703,16353.867195270348
2015-03-23 16:00:00,14671,17084.270166480797
2015-03-23 16:30:00,14246,20224.011878209069
2015-03-23 17:00:00,16667,21956.888682887689
2015-03-23 17:30:00,18644,26218.752076555313
2015-03-23 18:00:00,20898,24883.02756086622
2015-03-23 18:30:00,21698,23501.379353017706
2015-03-23 19:00:00,22095,19743.329380370211
2015-03-23 19:30:00,20964,18806.483758884209
2015-03-23 20:00:00,21044,19959.88261957316
2015-03-23 20:30:00,20104,16890.224562339921
2015-03-23 21:00:00,20994,16549.699312573743
2015-03-23 21:30:00,19896,15545.460502275222
2015-03-23 22:00:00,18811,14189.239422179249
2015-03-23 22:30:00,16844,12342.797911886017
2015-03-23 23:00:00,13776,11145.44710059671
2015-03-23 23:30:00,11102,9596.3981557152329
2015-03-24 00:00:00,9165,5718.9267245196552
2015-03-24 00:30:00,7306,3487.4492696204561
2015-03-24 01:00:00,5143,3005.9080433616564
2015-03-24 01:30:00,3937,2595.0759955620306
2015-03-24 02:00:00,3321,3622.9013783309983
2015-03-24 02:30:00,2604,3374.130222955233
2015-03-24 03:00:00,2122,7628.4376627555666
2015-03-24 03:30:00,1821,9078.0055884284411
2015-03-24 04:00:00,1900,11237.621572062586
2015-03-24 04:30:00,1776,11505.09662137978
2015-03-24 05:00:00,2182,11974.859046075046
2015-03-24 05:30:00,4085,12419.982900857438
2015-03-24 06:00:00,6398,14906.210087439391
2015-03-24 06:30:00,11072,10962.771755675922
2015-03-24 07:00:00,13927,10415.445552414636
2015-03-24 07:30:00,17652,12632.414558104752
2015-03-24 08:00:00,18844,15594.575265248368
2015-03-24 08:30:00,20765,14436.051638703415
2015-03-24 09:00:00,18958,17284.547984208806
2015-03-24 09:30:00,17534,18229.303495334007
2015-03-24 10:00:00,16127,23414.866232409775
2015-03-24 10:30:00,16180,18427.081599652221
2015-03-24 11:00:00,15095,15231.836969039601
2015-03-24 11:30:00,16172,12284.070673831315
2015-03-24 12:00:00,16774,11868.49177548682
2015-03-24 12:30:00,16256,13741.648063588551
2015-03-24 13:00:00,15410,19377.254693094474
2015-03-24 13:30:00,16444,21185.832847554047
2015-03-24 14:00:00,16173,21676.257031244302
2015-03-24 14:30:00,16989,18122.575018602613
2015-03-24 15:00:00,15929,15632.83510968189
2015-03-24 15:30:00,15402,14014.928708522808
2015-03-24 16:00:00,13954,16447.019269498342
2015-03-24 16:30:00,13575,18176.545290218928
2015-03-24 17:00:00,15995,20665.99703693956
2015-03-24 17:30:00,18120,20801.618537512433
2015-03-24 18:00:00,20763,20882.612031250548
2015-03-24 18:30:00,21941,21578.291979568694
2015-03-24 19:00:00,22062,20967.063951635813
2015-03-24 19:30:00,21885,21294.130404423104
2015-03-24 20:00:00,22472,19128.266396078652
2015-03-24 20:30:00,21928,15961.69699796723
2015-03-24 21:00:00,22276,10025.918246795245
2015-03-24 21:30:00,22319,8036.2057658972481
2015-03-24 22:00:00,21507,6815.4757848758309
2015-03-24 22:30:00,19808,8299.3754015666946
2015-03-24 23:00:00,17250,9022.9710415046393
2015-03-24 23:30:00,14115,6756.7954080425498
2015-03-25 00:00:00,11104,9120.1368277602451
2015-03-25 00:30:00,8340,7743.7867578103906
2015-03-25 01:00:00,6484,4401.9156607103141
2015-03-25 01:30:00,4604,2400.8634152509076
2015-03-25 02:00:00,3949,3168.6051058580506
2015-03-25 02:30:00,2947,5174.3018235195541
2015-03-25 03:00:00,2605,5139.4598323062255
2015-03-25 03:30:00,2192,6421.231229807272
2015-03-25 04:00:00,2363,8606.9508120480969
2015-03-25 04:30:00,1932,10250.219397136772
2015-03-25 05:00:00,2379,11199.7122753734
2015-03-25 05:30:00,4164,13795.154144489192
2015-03-25 06:00:00,6470,16130.629466877566
2015-03-25 06:30:00,10946,14719.679130719536
2015-03-25 07:00:00,14305,12430.07781222429
2015-03-25 07:30:00,17349,14380.571870140424
2015-03-25 08:00:00,18261,17623.324886570892
2015-03-25 08:30:00,19723,18614.441980779407
2015-03-25 09:00:00,18510,17157.415261059112
2015-03-25 09:30:00,17170,16090.458502336955
2015-03-25 10:00:00,15688,18305.748057518624
2015-03-25 10:30:00,15869,18863.006280944508
2015-03-25 11:00:00,15092,17177.063974325069
2015-03-25 11:30:00,16455,14660.214337110163
2015-03-25 12:00:00,16683,15081.81198285794
2015-03-25 12:30:00,16136,14801.929207376208
2015-03-25 13:00:00,16128,18175.57395401851
2015-03-25 13:30:00,17286,18048.466997744206
2015-03-25 14:00:00,17514,19142.476658743173
2015-03-25 14:30:00,19559,18429.174798902201
2015-03-25 15:00:00,19811,17409.629170407963
2015-03-25 15:30:00,16978,18245.450431739908
2015-03-25 16:00:00,14657,18442.391567707124
2015-03-25 16:30:00,13543,20082.340011613731
2015-03-25 17:00:00,15658,22019.013586675741
2015-03-25 17:30:00,18349,19780.458402359014
2015-03-25 18:00:00,20703,18717.313031174399
2015-03-25 18:30:00,21924,20646.737883151716
2015-03-25 19:00:00,23548,20829.823433764086
2015-03-25 19:30:00,24652,20860.909468362835
2015-03-25 20:00:00,24214,21640.59681689322
2015-03-25 20:30:00,22488,19680.797806792223
2015-03-25 21:00:00,22992,10520.271274107075
2015-03-25 21:30:00,22379,7659.2187809484449
2015-03-25 22:00:00,22022,6508.6391817649019
2015-03-25 22:30:00,20650,6898.3809842990349
2015-03-25 23:00:00,17919,8097.9299172899555
2015-03-25 23:30:00,15005,6553.3108697562093
2015-03-26 00:00:00,12022,8419.4157561029024
2015-03-26 00:30:00,9433,8595.7790211637657
2015-03-26 01:00:00,6981,6514.2329211467804
2015-03-26 01:30:00,5190,3314.3385326148527
2015-03-26 02:00:00,4267,2780.0868571164228
2015-03-26 02:30:00,3565,3670.3818943762508
2015-03-26 03:00:00,2758,4957.02929941609
2015-03-26 03:30:00,2255,7593.3359740177439
2015-03-26 04:00:00,2351,8257.7854812241094
2015-03-26 04:30:00,2262,10448.367368157476
2015-03-26 05:00:00,2419,12050.097186043873
2015-03-26 05:30:00,4158,15157.483204204324
2015-03-26 06:00:00,6421,18420.172548644547
2015-03-26 06:30:00,10954,19599.453107573725
2015-03-26 07:00:00,13997,18894.445022822096
2015-03-26 07:30:00,17550,17302.730212563118
2015-03-26 08:00:00,18805,18353.130223184064
2015-03-26 08:30:00,19962,17352.139288370716
2015-03-26 09:00:00,18800,17388.932969691698
2015-03-26 09:30:00,18454,16632.493297159355
2015-03-26 10:00:00,16511,16231.747504284864
2015-03-26 10:30:00,16359,16960.633695231667
2015-03-26 11:00:00,16238,16968.25568419167
2015-03-26 11:30:00,17550,17027.581898805998
2015-03-26 12:00:00,18193,17880.66556273977
2015-03-26 12:30:00,17408,15560.397499780971
2015-03-26 13:00:00,16038,16690.730000559204
2015-03-26 13:30:00,17097,16987.311506165439
2015-03-26 14:00:00,18252,16567.870307761172
2015-03-26 14:30:00,16819,16167.710229897611
2015-03-26 15:00:00,16469,16443.066643219408
2015-03-26 15:30:00,14756,17919.431661228053
2015-03-26 16:00:00,12879,19928.140162984579
2015-03-26 16:30:00,11901,22624.185447212971
2015-03-26 17:00:00,14566,24703.674074498289
2015-03-26 17:30:00,17852,22787.796939528107
2015-03-26 18:00:00,20504,20997.506982992883
2015-03-26 18:30:00,21239,20520.525984440785
2015-03-26 19:00:00,21544,20341.052393258917
2015-03-26 19:30:00,21927,20969.367463406536
2015-03-26 20:00:00,21863,20986.280926336192
2015-03-26 20:30:00,21124,19548.858270732191
2015-03-26 21:00:00,21771,14538.937188735927
2015-03-26 21:30:00,23658,11402.638424667763
2015-03-26 22:00:00,23718,9735.8703628207913
2015-03-26 22:30:00,22945,11735.922784392045
2015-03-26 23:00:00,21441,12376.763492435981
2015-03-26 23:30:00,19279,10248.790544096773
2015-03-27 00:00:00,17611,9465.5557088072019
2015-03-27 00:30:00,14694,6251.509335735087
2015-03-27 01:00:00,11449,5036.2739989531565
2015-03-27 01:30:00,9009,3002.9199135620638
2015-03-27 02:00:00,7452,2364.8385057852138
2015-03-27 02:30:00,5635,3151.4490067950865
2015-03-27 03:00:00,4880,6457.4028904749375
2015-03-27 03:30:00,4182,8734.1002825389369
2015-03-27 04:00:00,3981,7819.6532843886307
2015-03-27 04:30:00,2902,9268.1944128010509
2015-03-27 05:00:00,3074,12506.226172089195
2015-03-27 05:30:00,4708,15366.203179931343
2015-03-27 06:00:00,7099,18538.736971201226
2015-03-27 06:30:00,11277,20122.289491981974
2015-03-27 07:00:00,14410,18348.033092635542
2015-03-27 07:30:00,17326,16078.463318028511
2015-03-27 08:00:00,18322,17027.093304343918
2015-03-27 08:30:00,19359,17434.098340731893
2015-03-27 09:00:00,18319,16216.81182350732
2015-03-27 09:30:00,17948,16823.147676529956
2015-03-27 10:00:00,16657,17394.082536661106
2015-03-27 10:30:00,16421,16293.651341633884
2015-03-27 11:00:00,15866,16234.507671058769
2015-03-27 11:30:00,17524,14466.495629855654
2015-03-27 12:00:00,17550,15483.759390451871
2015-03-27 12:30:00,17417,15062.735668494666
2015-03-27 13:00:00,16196,15752.119295045295
2015-03-27 13:30:00,17164,16674.267493675721
2015-03-27 14:00:00,18059,17113.401673887947
2015-03-27 14:30:00,18459,16500.723688573489
2015-03-27 15:00:00,17521,16207.521848774715
2015-03-27 15:30:00,15932,17713.485179686522
2015-03-27 16:00:00,14327,18300.321195002551
2015-03-27 16:30:00,13403,19264.983743032109
2015-03-27 17:00:00,15762,23573.21004021445
2015-03-27 17:30:00,19195,23361.452471587767
2015-03-27 18:00:00,21738,21214.975939295447
2015-03-27 18:30:00,24076,21145.56980337057
2015-03-27 19:00:00,25117,21021.835796544103
2015-03-27 19:30:00,25238,21096.343808934154
2015-03-27 20:00:00,24721,23143.830468600972
2015-03-27 20:30:00,23300,22035.929379895169
2015-03-27 21:00:00,24004,18176.171779320244
2015-03-27 21:30:00,24040,13357.779723799707
2015-03-27 22:00:00,24953,10630.728078664613
2015-03-27 22:30:00,25006,11027.339184127635
2015-03-27 23:00:00,25744,13213.221661511012
2015-03-27 23:30:00,24851,11418.02556913923
2015-03-28 00:00:00,24379,9456.6550612907413
2015-03-28 00:30:00,23361,8162.0012096271084
2015-03-28 01:00:00,20925,12963.005675519325
2015-03-28 01:30:00,19193,10089.514138500721
2015-03-28 02:00:00,18168,7142.8660396674641
2015-03-28 02:30:00,15616,6030.4757194592949
2015-03-28 03:00:00,13694,4741.9376461979864
2015-03-28 03:30:00,11917,5957.7621385641705
2015-03-28 04:00:00,10476,6514.5649033990103
2015-03-28 04:30:00,6112,6123.6676156172634
2015-03-28 05:00:00,4012,6679.1769229353213
2015-03-28 05:30:00,3288,11140.822880041838
2015-03-28 06:00:00,3543,13378.922970385225
2015-03-28 06:30:00,4885,17293.676148003447
2015-03-28 07:00:00,5193,18205.958578449601
2015-03-28 07:30:00,7119,18547.754036670907
2015-03-28 08:00:00,8147,17090.139649403871
2015-03-28 08:30:00,11016,13546.37267010012
2015-03-28 09:00:00,12156,16911.221193891295
2015-03-28 09:30:00,15794,20181.781997685492
2015-03-28 10:00:00,15874,22117.008193583108
2015-03-28 10:30:00,18297,18081.310828844929
2015-03-28 11:00:00,19434,15871.730935118008
2015-03-28 11:30:00,21440,14895.169222212995
2015-03-28 12:00:00,21831,17188.192504308859
2015-03-28 12:30:00,22825,17518.652996163964
2015-03-28 13:00:00,22292,17112.318865533958
2015-03-28 13:30:00,21900,16854.315694161545
2015-03-28 14:00:00,20624,16982.175398956086
2015-03-28 14:30:00,20506,15639.655080724071
2015-03-28 15:00:00,20356,18173.194337365429
2015-03-28 15:30:00,20591,18158.290070768282
2015-03-28 16:00:00,19127,18617.15040495573
2015-03-28 16:30:00,18221,20531.670591617338
2015-03-28 17:00:00,19867,21827.842508603895
2015-03-28 17:30:00,23255,23025.054446189431
2015-03-28 18:00:00,24826,23834.826201543867
2015-03-28 18:30:00,26515,21917.890233122707
2015-03-28 19:00:00,27826,22516.3719320288
2015-03-28 19:30:00,27529,22771.611216142574
2015-03-28 20:00:00,25806,25108.625110709152
2015-03-28 20:30:00,25745,25464.023225030003
2015-03-28 21:00:00,24792,24255.51786315161
2015-03-28 21:30:00,25485,22506.338218313838
2015-03-28 22:00:00,27189,22473.665811020583
2015-03-28 22:30:00,26662,19822.462534388018
2015-03-28 23:00:00,29458,17580.27621478129
2015-03-28 23:30:00,28204,18807.34777540488
2015-03-29 00:00:00,26225,16183.741493260191
2015-03-29 00:30:00,24783,16727.315706544636
2015-03-29 01:00:00,22868,15272.494340715746
2015-03-29 01:30:00,21457,9890.7931593255726
2015-03-29 02:00:00,19637,9722.7558861975813
2015-03-29 02:30:00,17996,8923.7389347016542
2015-03-29 03:00:00,15927,7708.4383380269128
2015-03-29 03:30:00,14071,7661.8317886873438
2015-03-29 04:00:00,12191,7584.6267245870185
2015-03-29 04:30:00,7101,7651.8613705228909
2015-03-29 05:00:00,4585,8570.4528348498534
2015-03-29 05:30:00,3279,9156.2760526156071
2015-03-29 06:00:00,3254,11046.066088067477
2015-03-29 06:30:00,3946,18271.378705757848
2015-03-29 07:00:00,4033,21081.865093158471
2015-03-29 07:30:00,5497,19939.877250406396
2015-03-29 08:00:00,6647,18827.870814564754
2015-03-29 08:30:00,8586,17976.372379805656
2015-03-29 09:00:00,10038,19493.402536795867
2015-03-29 09:30:00,13216,21516.495363736878
2015-03-29 10:00:00,14647,25964.324921817293
2015-03-29 10:30:00,17796,21875.258903822792
2015-03-29 11:00:00,18465,22059.222978684502
2015-03-29 11:30:00,19816,22026.016068690693
2015-03-29 12:00:00,20226,20083.828856514163
2015-03-29 12:30:00,20264,18106.698228172656
2015-03-29 13:00:00,19644,22024.989220036754
2015-03-29 13:30:00,19823,23644.502448728796
2015-03-29 14:00:00,20198,23723.229560715401
2015-03-29 14:30:00,18974,22557.725268877162
2015-03-29 15:00:00,18117,21351.81489193927
2015-03-29 15:30:00,17536,21220.546966225105
2015-03-29 16:00:00,17255,20901.918380692878
2015-03-29 16:30:00,16475,18826.767174474739
2015-03-29 17:00:00,17674,17095.665351559106
2015-03-29 17:30:00,18830,17999.922647022453
2015-03-29 18:00:00,19415,20295.948661800518
2015-03-29 18:30:00,18783,20656.550878558028
2015-03-29 19:00:00,19015,20359.148168459902
2015-03-29 19:30:00,18079,18968.102564421442
2015-03-29 20:00:00,17358,18877.389690140033
2015-03-29 20:30:00,16546,17314.514938908524
2015-03-29 21:00:00,16158,14744.882444137444
2015-03-29 21:30:00,15379,12886.687577113149
2015-03-29 22:00:00,14602,14869.467876725001
2015-03-29 22:30:00,13310,15352.902458199706
2015-03-29 23:00:00,11563,14738.570327971163
2015-03-29 23:30:00,9961,14226.323280815459
2015-03-30 00:00:00,7455,13066.384576773455
2015-03-30 00:30:00,5582,9524.1643238378456
2015-03-30 01:00:00,4514,7388.1072586450609
2015-03-30 01:30:00,3689,7693.7341652688465
2015-03-30 02:00:00,2977,2695.4038554857925
2015-03-30 02:30:00,2257,6697.379240592938
2015-03-30 03:00:00,1948,6690.4338805499247
2015-03-30 03:30:00,1763,8254.1445032133179
2015-03-30 04:00:00,1980,10312.840321304251
2015-03-30 04:30:00,2116,11202.563260693623
2015-03-30 05:00:00,2576,13248.791784654886
2015-03-30 05:30:00,4358,14935.363903204177
2015-03-30 06:00:00,6428,17101.606482734187
2015-03-30 06:30:00,11429,16316.748343467658
2015-03-30 07:00:00,14014,17804.066736782654
2015-03-30 07:30:00,17558,17168.569125486607
2015-03-30 08:00:00,18074,19699.881902291345
2015-03-30 08:30:00,18475,18470.968692024926
2015-03-30 09:00:00,17877,19418.378052622862
2015-03-30 09:30:00,17145,15864.45789759515
2015-03-30 10:00:00,15819,19700.872352684055
2015-03-30 10:30:00,15639,18262.0853246226
2015-03-30 11:00:00,15328,23872.969990080495
2015-03-30 11:30:00,16174,23664.936196559935
2015-03-30 12:00:00,15976,25226.545936727511
2015-03-30 12:30:00,15004,20475.256223185927
2015-03-30 13:00:00,15122,16764.170072817269
2015-03-30 13:30:00,15479,15596.291880164701
2015-03-30 14:00:00,15658,16288.802351849348
2015-03-30 14:30:00,16934,17363.25886962864
2015-03-30 15:00:00,17517,17260.851049485158
2015-03-30 15:30:00,15942,17889.953061335706
2015-03-30 16:00:00,14964,19785.772209250943
2015-03-30 16:30:00,14635,20629.754594910646
2015-03-30 17:00:00,16965,21466.179017073355
2015-03-30 17:30:00,18752,26735.608948986803
2015-03-30 18:00:00,20648,24529.895628877464
2015-03-30 18:30:00,20965,22557.674385854763
2015-03-30 19:00:00,20737,19998.738487621955
2015-03-30 19:30:00,20634,19207.346144171228
2015-03-30 20:00:00,21306,20116.75794980759
2015-03-30 20:30:00,19902,18580.76216969833
2015-03-30 21:00:00,20275,18463.826103035699
2015-03-30 21:30:00,18683,16443.038051685777
2015-03-30 22:00:00,17731,13272.806099637073
2015-03-30 22:30:00,16890,10152.483567444942
2015-03-30 23:00:00,14749,9025.8437154110106
2015-03-30 23:30:00,11960,11677.352430609337
2015-03-31 00:00:00,10141,9989.4425658282489
2015-03-31 00:30:00,7142,4383.1892416038354
2015-03-31 01:00:00,5366,2843.5411401322108
2015-03-31 01:30:00,4102,3033.3590879088661
2015-03-31 02:00:00,3456,4641.4793602792124
2015-03-31 02:30:00,2534,5538.6654234794132
2015-03-31 03:00:00,2175,9272.0636023971165
2015-03-31 03:30:00,1884,9771.5684640297841
2015-03-31 04:00:00,1816,10981.583563375341
2015-03-31 04:30:00,1868,13453.746834141306
2015-03-31 05:00:00,2357,11506.906991137092
2015-03-31 05:30:00,3971,11850.010246423131
2015-03-31 06:00:00,6356,12545.020271707472
2015-03-31 06:30:00,11643,10084.824949829195
2015-03-31 07:00:00,14881,8723.2461416814331
2015-03-31 07:30:00,18602,11800.978718444749
2015-03-31 08:00:00,19340,16159.973999979962
2015-03-31 08:30:00,19358,17697.862994685223
2015-03-31 09:00:00,18521,18837.493003403601
2015-03-31 09:30:00,17560,17920.501070132283
2015-03-31 10:00:00,16338,20396.93781295107
2015-03-31 10:30:00,16615,15677.235871072111
2015-03-31 11:00:00,15876,13293.354017851982
2015-03-31 11:30:00,16738,12731.855061934808
2015-03-31 12:00:00,17433,13169.396699441499
2015-03-31 12:30:00,16615,14733.265871360525
2015-03-31 13:00:00,18032,19397.592349982802
2015-03-31 13:30:00,19020,22941.685174800841
2015-03-31 14:00:00,19453,21676.945541806621
2015-03-31 14:30:00,20041,18109.986197969556
2015-03-31 15:00:00,20651,16773.726408306466
2015-03-31 15:30:00,17386,14651.106929299724
2015-03-31 16:00:00,15126,15709.374102407599
2015-03-31 16:30:00,13786,18270.010154059139
2015-03-31 17:00:00,16354,19440.224815522899
2015-03-31 17:30:00,19109,20889.908928867124
2015-03-31 18:00:00,22054,21022.055692478447
2015-03-31 18:30:00,22609,21600.07420954074
2015-03-31 19:00:00,23151,20969.942167624868
2015-03-31 19:30:00,23156,22004.688422078492
2015-03-31 20:00:00,24376,19603.556477132413
2015-03-31 20:30:00,22732,16167.495798939201
2015-03-31 21:00:00,22348,9245.3171080505144
2015-03-31 21:30:00,22187,2679.3996622754548
2015-03-31 22:00:00,21176,2857.0382115772099
2015-03-31 22:30:00,19637,8424.0693382360878
2015-03-31 23:00:00,17381,9596.2815553146174
2015-03-31 23:30:00,14420,10463.201352880431
2015-04-01 00:00:00,11660,10007.746864953941
2015-04-01 00:30:00,8699,8998.5741275751388
2015-04-01 01:00:00,6695,4806.9232699787426
2015-04-01 01:30:00,5280,1840.1940023135721
2015-04-01 02:00:00,4091,1627.300507294869
2015-04-01 02:30:00,3167,905.98959462307175
2015-04-01 03:00:00,2620,1921.6362382890547
2015-04-01 03:30:00,2197,6073.0436886631924
2015-04-01 04:00:00,2405,6466.4763416663063
2015-04-01 04:30:00,2181,10224.828968116644
2015-04-01 05:00:00,2573,11576.425500234907
2015-04-01 05:30:00,4593,14025.653611914242
2015-04-01 06:00:00,7187,16110.003920219697
2015-04-01 06:30:00,12367,15422.45322432206
2015-04-01 07:00:00,15641,14886.115083733011
2015-04-01 07:30:00,19811,15837.627359178179
2015-04-01 08:00:00,20849,19022.741126215369
2015-04-01 08:30:00,20901,19443.745994041445
2015-04-01 09:00:00,19841,17501.434617324641
2015-04-01 09:30:00,18287,17346.42821510803
2015-04-01 10:00:00,16937,19334.603957267478
2015-04-01 10:30:00,17059,19184.554039355873
2015-04-01 11:00:00,16405,16900.819744820183
2015-04-01 11:30:00,17400,16744.510631615798
2015-04-01 12:00:00,18087,18098.291756189556
2015-04-01 12:30:00,17044,17100.759393600914
2015-04-01 13:00:00,16908,18080.08273564087
2015-04-01 13:30:00,17637,20688.910650724203
2015-04-01 14:00:00,18320,19524.303138025814
2015-04-01 14:30:00,18401,17098.548640368273
2015-04-01 15:00:00,18293,15218.382099028846
2015-04-01 15:30:00,16251,16268.913829954441
2015-04-01 16:00:00,14613,18573.790990060432
2015-04-01 16:30:00,13408,21905.119470507227
2015-04-01 17:00:00,15780,22667.78234938037
2015-04-01 17:30:00,19205,22296.280927733533
2015-04-01 18:00:00,21454,20617.963459102179
2015-04-01 18:30:00,22703,20541.539225812496
2015-04-01 19:00:00,23721,20014.735239963942
2015-04-01 19:30:00,23725,20282.137704058146
2015-04-01 20:00:00,23567,21231.604624826625
2015-04-01 20:30:00,23882,17371.602274819394
2015-04-01 21:00:00,23454,10824.529997191503
2015-04-01 21:30:00,23006,9096.7817137251604
2015-04-01 22:00:00,22438,7992.6040513268745
2015-04-01 22:30:00,21352,9819.5504183120502
2015-04-01 23:00:00,19035,10503.207801955446
2015-04-01 23:30:00,16423,8523.318133124958
2015-04-02 00:00:00,13647,6924.8271669303158
2015-04-02 00:30:00,10409,8516.5593397197317
2015-04-02 01:00:00,7840,4536.3278023149542
2015-04-02 01:30:00,5984,2296.5683898653388
2015-04-02 02:00:00,5084,1974.5702064102225
2015-04-02 02:30:00,3776,5205.8113269350433
2015-04-02 03:00:00,2987,5532.9035475048277
2015-04-02 03:30:00,2643,9253.3200607209656
2015-04-02 04:00:00,2823,8985.7138499772445
2015-04-02 04:30:00,2394,12110.905986819753
2015-04-02 05:00:00,2649,14553.959023132677
2015-04-02 05:30:00,4322,16324.219403194458
2015-04-02 06:00:00,6527,18206.335158275455
2015-04-02 06:30:00,11665,18036.765420192918
2015-04-02 07:00:00,15488,17398.438023596173
2015-04-02 07:30:00,19331,18076.242979135142
2015-04-02 08:00:00,20506,19817.814348032378
2015-04-02 08:30:00,20268,21587.801293582896
2015-04-02 09:00:00,18876,19451.13528569819
2015-04-02 09:30:00,18117,18898.56908809557
2015-04-02 10:00:00,17126,18100.199774826884
2015-04-02 10:30:00,16613,19758.163043458273
2015-04-02 11:00:00,16187,17270.837055479249
2015-04-02 11:30:00,18710,14459.443906946934
2015-04-02 12:00:00,18037,15172.507528098846
2015-04-02 12:30:00,17677,16319.537520989077
2015-04-02 13:00:00,17269,17285.437433075313
2015-04-02 13:30:00,17933,18308.894197382611
2015-04-02 14:00:00,18699,17180.795193296028
2015-04-02 14:30:00,19217,16934.180174803198
2015-04-02 15:00:00,18324,16639.117264294084
2015-04-02 15:30:00,16272,17417.137199705721
2015-04-02 16:00:00,14422,17947.964096472468
2015-04-02 16:30:00,13241,21617.83762859548
2015-04-02 17:00:00,15571,24867.297485855845
2015-04-02 17:30:00,18619,23210.009053455145
2015-04-02 18:00:00,21324,21789.384151511236
2015-04-02 18:30:00,22556,21313.506330135802
2015-04-02 19:00:00,22701,19085.702611832785
2015-04-02 19:30:00,23021,19374.579709776488
2015-04-02 20:00:00,23451,21319.199109377674
2015-04-02 20:30:00,22994,18780.173145285953
2015-04-02 21:00:00,22844,13553.971874197208
2015-04-02 21:30:00,23126,11175.588292453003
2015-04-02 22:00:00,22626,9716.5779766353589
2015-04-02 22:30:00,22267,11283.405822903029
2015-04-02 23:00:00,21789,13173.332776477242
2015-04-02 23:30:00,20825,11202.483094522984
2015-04-03 00:00:00,18876,9865.1036295789308
2015-04-03 00:30:00,17008,9075.5566384452868
2015-04-03 01:00:00,14523,9685.7293967586011
2015-04-03 01:30:00,11155,5751.8506062407159
2015-04-03 02:00:00,9576,4213.1661534974937
2015-04-03 02:30:00,7961,5697.6975037335487
2015-04-03 03:00:00,6463,5459.5352724614622
2015-04-03 03:30:00,5775,7703.2377591314144
2015-04-03 04:00:00,5068,7212.1369875816945
2015-04-03 04:30:00,3812,8622.9347221635035
2015-04-03 05:00:00,3365,12514.005184281878
2015-04-03 05:30:00,4027,16831.873275557311
2015-04-03 06:00:00,5235,19935.35017785765
2015-04-03 06:30:00,7691,20633.509168510001
2015-04-03 07:00:00,8680,19390.773864140821
2015-04-03 07:30:00,11387,17167.929333400396
2015-04-03 08:00:00,12703,15842.4150737416
2015-04-03 08:30:00,15754,16091.282777039745
2015-04-03 09:00:00,17006,18187.613154319042
2015-04-03 09:30:00,17553,18898.708270228472
2015-04-03 10:00:00,18913,19563.789750816086
2015-04-03 10:30:00,18599,16772.641071347054
2015-04-03 11:00:00,18468,16332.470437182754
2015-04-03 11:30:00,19382,15643.469379284928
2015-04-03 12:00:00,20660,16520.348934791033
2015-04-03 12:30:00,19798,16475.0591397713
2015-04-03 13:00:00,19588,16716.930409142304
2015-04-03 13:30:00,19318,17844.889728580802
2015-04-03 14:00:00,19031,18063.639787606076
2015-04-03 14:30:00,19283,16299.189947271461
2015-04-03 15:00:00,18736,15977.494492114067
2015-04-03 15:30:00,17215,17678.431321309468
2015-04-03 16:00:00,15598,18805.891092836675
2015-04-03 16:30:00,14812,20566.312153704934
2015-04-03 17:00:00,17438,23405.849217624007
2015-04-03 17:30:00,20703,23093.834072724108
2015-04-03 18:00:00,22580,20856.112807080266
2015-04-03 18:30:00,22533,20430.936217256341
2015-04-03 19:00:00,22642,20014.914247991066
2015-04-03 19:30:00,21140,20053.888405457372
2015-04-03 20:00:00,20159,22423.362077969854
2015-04-03 20:30:00,19136,22971.00561738449
2015-04-03 21:00:00,19865,22073.744419855415
2015-04-03 21:30:00,20108,17084.114439453591
2015-04-03 22:00:00,21024,12665.169230883392
2015-04-03 22:30:00,23372,12542.165735696282
2015-04-03 23:00:00,22582,13060.815707524525
2015-04-03 23:30:00,21977,12482.625772468455
2015-04-04 00:00:00,20851,10050.970948894705
2015-04-04 00:30:00,19089,7376.3261527826207
2015-04-04 01:00:00,17788,8534.4416151865207
2015-04-04 01:30:00,16197,7184.99496675723
2015-04-04 02:00:00,15000,6301.1429348295733
2015-04-04 02:30:00,12966,6272.7273776922066
2015-04-04 03:00:00,11471,5323.2916848300756
2015-04-04 03:30:00,10376,6237.8963074281255
2015-04-04 04:00:00,9000,6306.7951982807554
2015-04-04 04:30:00,5806,7480.5433601350805
2015-04-04 05:00:00,3805,6560.0217165030281
2015-04-04 05:30:00,3081,13258.477945230481
2015-04-04 06:00:00,3384,14981.06389765822
2015-04-04 06:30:00,4511,16553.258692553551
2015-04-04 07:00:00,4971,17348.930843009453
2015-04-04 07:30:00,6182,16757.456682851698
2015-04-04 08:00:00,6478,16019.854462922154
2015-04-04 08:30:00,8948,15587.024514504181
2015-04-04 09:00:00,10225,18124.137733725438
2015-04-04 09:30:00,13842,20858.582428259462
2015-04-04 10:00:00,14541,23718.51313256233
2015-04-04 10:30:00,16689,22368.216551591919
2015-04-04 11:00:00,17225,20617.014884466145
2015-04-04 11:30:00,18664,18901.532877436173
2015-04-04 12:00:00,19010,19947.379063382661
2015-04-04 12:30:00,20019,19558.634999411544
2015-04-04 13:00:00,19900,17878.259899954464
2015-04-04 13:30:00,19942,18802.670835861965
2015-04-04 14:00:00,19069,19500.536235755084
2015-04-04 14:30:00,19587,18950.86418256964
2015-04-04 15:00:00,19608,19719.361958442434
2015-04-04 15:30:00,19630,19266.191659758417
2015-04-04 16:00:00,18292,17164.570678966287
2015-04-04 16:30:00,17908,17355.833872832256
2015-04-04 17:00:00,19573,18371.144561578927
2015-04-04 17:30:00,22396,20047.771524041895
2015-04-04 18:00:00,23263,20306.217593490572
2015-04-04 18:30:00,22712,20078.675770982129
2015-04-04 19:00:00,23932,18921.159764955522
2015-04-04 19:30:00,22565,19734.825625436184
2015-04-04 20:00:00,20972,20135.947831081601
2015-04-04 20:30:00,21246,20018.063767947726
2015-04-04 21:00:00,20013,21108.266989929063
2015-04-04 21:30:00,21404,19353.884070857705
2015-04-04 22:00:00,22103,19381.369457017678
2015-04-04 22:30:00,22728,19226.871328326422
2015-04-04 23:00:00,24037,17503.003623875677
2015-04-04 23:30:00,24254,17275.001892110078
2015-04-05 00:00:00,21632,14906.879460242242
2015-04-05 00:30:00,18932,14014.318936503259
2015-04-05 01:00:00,18211,9122.6602324236519
2015-04-05 01:30:00,16229,5475.9928353858904
2015-04-05 02:00:00,15162,4444.7540742826732
2015-04-05 02:30:00,13298,3369.0179173812285
2015-04-05 03:00:00,11800,2292.911925922821
2015-04-05 03:30:00,10439,4100.6910500363811
2015-04-05 04:00:00,9669,3541.1298579202266
2015-04-05 04:30:00,5688,4058.7433894533351
2015-04-05 05:00:00,3767,3548.5537519852005
2015-04-05 05:30:00,3057,2354.4803628178088
2015-04-05 06:00:00,3054,7024.1731344309628
2015-04-05 06:30:00,3704,12543.11183205296
2015-04-05 07:00:00,3748,13706.687492255774
2015-04-05 07:30:00,5084,12913.279184440544
2015-04-05 08:00:00,6057,14686.392521562269
2015-04-05 08:30:00,8298,14639.880529552753
2015-04-05 09:00:00,9215,17197.889536863295
2015-04-05 09:30:00,12012,21041.69272310051
2015-04-05 10:00:00,13779,22312.158244663588
2015-04-05 10:30:00,16702,20446.727059782057
2015-04-05 11:00:00,16514,21057.409455386234
2015-04-05 11:30:00,17433,21356.66271930049
2015-04-05 12:00:00,17645,20938.36670329453
2015-04-05 12:30:00,18760,18725.289228554429
2015-04-05 13:00:00,18440,20723.093940744271
2015-04-05 13:30:00,19702,21515.529825098412
2015-04-05 14:00:00,19467,20388.232866307499
2015-04-05 14:30:00,17935,20665.508581206599
2015-04-05 15:00:00,18053,20351.85809558542
2015-04-05 15:30:00,17928,21632.962828016742
2015-04-05 16:00:00,16639,21010.406446532983
2015-04-05 16:30:00,16325,20088.854735637593
2015-04-05 17:00:00,16699,18767.392321653078
2015-04-05 17:30:00,17062,18954.650047763756
2015-04-05 18:00:00,17616,18614.796427453075
2015-04-05 18:30:00,17884,18039.96942893519
2015-04-05 19:00:00,16650,18540.3520873946
2015-04-05 19:30:00,16572,18235.003555150081
2015-04-05 20:00:00,16449,19038.774159170298
2015-04-05 20:30:00,15854,19408.783589713996
2015-04-05 21:00:00,16056,17145.047362315432
2015-04-05 21:30:00,15201,15491.536004024107
2015-04-05 22:00:00,14760,16331.237943304492
2015-04-05 22:30:00,13440,15382.497371769465
2015-04-05 23:00:00,11601,13161.398855060012
2015-04-05 23:30:00,10054,10625.715710335095
2015-04-06 00:00:00,7708,10218.571527158914
2015-04-06 00:30:00,6154,6993.8657642223661
2015-04-06 01:00:00,4399,6392.5897205780948
2015-04-06 01:30:00,3419,6735.0259155768617
2015-04-06 02:00:00,2879,3271.9218127287513
2015-04-06 02:30:00,2149,4457.5423377789903
2015-04-06 03:00:00,1850,2358.5779954741047
2015-04-06 03:30:00,1722,2500.7415819590678
2015-04-06 04:00:00,2072,5346.8253139673634
2015-04-06 04:30:00,1955,11383.882120334885
2015-04-06 05:00:00,2450,11987.82255558191
2015-04-06 05:30:00,4223,15305.946031161831
2015-04-06 06:00:00,5751,16541.815488562803
2015-04-06 06:30:00,10115,13241.107785080494
2015-04-06 07:00:00,12386,12633.121350211157
2015-04-06 07:30:00,15336,12988.997032125442
2015-04-06 08:00:00,15931,16450.020690513345
2015-04-06 08:30:00,17496,16301.499782320785
2015-04-06 09:00:00,16926,19873.064024498333
2015-04-06 09:30:00,16364,15883.71451208926
2015-04-06 10:00:00,14841,17482.474501674882
2015-04-06 10:30:00,15300,16289.075357464593
2015-04-06 11:00:00,14957,21703.198893616591
2015-04-06 11:30:00,15767,21693.022420805646
2015-04-06 12:00:00,15348,24645.424211965998
2015-04-06 12:30:00,15683,22264.9189698677
2015-04-06 13:00:00,15321,19541.260726974499
2015-04-06 13:30:00,16140,17420.407267811919
2015-04-06 14:00:00,16422,17728.193615866883
2015-04-06 14:30:00,16688,14725.926031127536
2015-04-06 15:00:00,16556,13342.465727640309
2015-04-06 15:30:00,16711,15809.651747459729
2015-04-06 16:00:00,15124,16967.101621831138
2015-04-06 16:30:00,14746,17937.917020848596
2015-04-06 17:00:00,16472,18032.282554147067
2015-04-06 17:30:00,17823,21449.962128021903
2015-04-06 18:00:00,19959,17555.27575147654
2015-04-06 18:30:00,20759,17734.672501298279
2015-04-06 19:00:00,20326,15232.797309671156
2015-04-06 19:30:00,20137,15106.274326710309
2015-04-06 20:00:00,20176,16034.2781035102
2015-04-06 20:30:00,19373,13832.854122938503
2015-04-06 21:00:00,19870,15301.641941400216
2015-04-06 21:30:00,17711,14107.918188184502
2015-04-06 22:00:00,17494,13054.923624283832
2015-04-06 22:30:00,14706,10844.52553610518
2015-04-06 23:00:00,13453,9459.8546921169782
2015-04-06 23:30:00,15794,10186.327458059453
2015-04-07 00:00:00,10119,5576.4157406580671
2015-04-07 00:30:00,7026,-63.102048293163534
2015-04-07 01:00:00,5741,-629.71848612241956
2015-04-07 01:30:00,4260,1347.8384754260042
2015-04-07 02:00:00,3500,846.13440396987608
2015-04-07 02:30:00,2583,2771.0819541514993
2015-04-07 03:00:00,2260,7131.0722210436033
2015-04-07 03:30:00,1918,9412.5971316122177
2015-04-07 04:00:00,2068,11410.352183899071
2015-04-07 04:30:00,1854,13839.938424316171
2015-04-07 05:00:00,2212,13449.306231123155
2015-04-07 05:30:00,3936,16937.931045330453
2015-04-07 06:00:00,5923,14380.612372598767
2015-04-07 06:30:00,10680,13370.141599208273
2015-04-07 07:00:00,13832,12604.886211924902
2015-04-07 07:30:00,17620,12424.50384358689
2015-04-07 08:00:00,18506,14749.315951396948
2015-04-07 08:30:00,18842,15195.103166757364
2015-04-07 09:00:00,18472,16833.881123615836
2015-04-07 09:30:00,17481,17839.896963043058
2015-04-07 10:00:00,15634,20540.743281976116
2015-04-07 10:30:00,16602,16482.170698253467
2015-04-07 11:00:00,15536,14232.949643688158
2015-04-07 11:30:00,16767,13069.167392960233
2015-04-07 12:00:00,17779,13236.496057883061
2015-04-07 12:30:00,17205,14306.876352589748
2015-04-07 13:00:00,16999,17490.580540934327
2015-04-07 13:30:00,18273,18609.357989540014
2015-04-07 14:00:00,18252,20656.212427418759
2015-04-07 14:30:00,18598,17862.335430239098
2015-04-07 15:00:00,18407,16298.316162626015
2015-04-07 15:30:00,17049,15488.109371744229
2015-04-07 16:00:00,15353,18495.166474515434
2015-04-07 16:30:00,14644,18756.514142269931
2015-04-07 17:00:00,17544,18547.794673314889
2015-04-07 17:30:00,20050,21680.007146964814
2015-04-07 18:00:00,22634,21912.94642645261
2015-04-07 18:30:00,24954,18526.041182925965
2015-04-07 19:00:00,27165,21880.31449731152
2015-04-07 19:30:00,24920,20125.285125413659
2015-04-07 20:00:00,23728,18135.471345236176
2015-04-07 20:30:00,21961,15909.854717893655
2015-04-07 21:00:00,22283,9531.1845900750268
2015-04-07 21:30:00,21867,4252.8967781573901
2015-04-07 22:00:00,21271,4488.7625448589351
2015-04-07 22:30:00,20633,7586.0647095052354
2015-04-07 23:00:00,17390,8878.4684741453548
2015-04-07 23:30:00,13273,8697.2797242795532
2015-04-08 00:00:00,10427,6969.1872635089903
2015-04-08 00:30:00,8191,6818.463786016875
2015-04-08 01:00:00,6215,3416.4585183659547
2015-04-08 01:30:00,4586,1213.9891879465395
2015-04-08 02:00:00,3745,1953.2945141013206
2015-04-08 02:30:00,3016,2058.8165918483428
2015-04-08 03:00:00,2506,3842.416693569603
2015-04-08 03:30:00,2207,6385.05846239532
2015-04-08 04:00:00,2240,7984.6296065068973
2015-04-08 04:30:00,1970,12971.832519185564
2015-04-08 05:00:00,2353,12470.842213738279
2015-04-08 05:30:00,4188,14771.065151053141
2015-04-08 06:00:00,6090,15134.520205151397
2015-04-08 06:30:00,11103,13634.644242290073
2015-04-08 07:00:00,13971,12309.654723718762
2015-04-08 07:30:00,17477,13580.614045749024
2015-04-08 08:00:00,18877,15539.987245342318
2015-04-08 08:30:00,20014,17739.675776389184
2015-04-08 09:00:00,19055,17081.52371751556
2015-04-08 09:30:00,18231,14609.247468862728
2015-04-08 10:00:00,17517,17624.385065652161
2015-04-08 10:30:00,17624,19845.767100813871
2015-04-08 11:00:00,16738,18503.369318003992
2015-04-08 11:30:00,18551,17711.639662881389
2015-04-08 12:00:00,18565,17370.268577779909
2015-04-08 12:30:00,18362,12811.140304700142
2015-04-08 13:00:00,17976,15430.990928171102
2015-04-08 13:30:00,18045,17488.043994560314
2015-04-08 14:00:00,18835,20316.602009201968
2015-04-08 14:30:00,18987,18880.178792590985
2015-04-08 15:00:00,18898,17377.658067948647
2015-04-08 15:30:00,17203,19228.620278981587
2015-04-08 16:00:00,15599,20339.584139492799
2015-04-08 16:30:00,15087,22486.027197040203
2015-04-08 17:00:00,16840,22528.08908623669
2015-04-08 17:30:00,19593,21531.131546136137
2015-04-08 18:00:00,21811,21496.815446981494
2015-04-08 18:30:00,22879,21418.869528781503
2015-04-08 19:00:00,24536,22330.189566938385
2015-04-08 19:30:00,23641,21991.416506676625
2015-04-08 20:00:00,24817,21004.523965937129
2015-04-08 20:30:00,24500,15941.723750124786
2015-04-08 21:00:00,24164,13121.812028639848
2015-04-08 21:30:00,24043,10933.591070625353
2015-04-08 22:00:00,23524,8976.8896311699282
2015-04-08 22:30:00,22774,10233.886638123258
2015-04-08 23:00:00,20647,9915.5593117762874
2015-04-08 23:30:00,17472,8919.0037355648365
2015-04-09 00:00:00,13679,7887.9881696617149
2015-04-09 00:30:00,10765,7085.1283787126886
2015-04-09 01:00:00,7772,5689.3115907777665
2015-04-09 01:30:00,5603,2576.1342805927798
2015-04-09 02:00:00,4579,2167.6786309011404
2015-04-09 02:30:00,3695,5754.2058192073237
2015-04-09 03:00:00,2854,5273.7003944723529
2015-04-09 03:30:00,2643,7728.8171353768439
2015-04-09 04:00:00,2701,9071.5729243103378
2015-04-09 04:30:00,2334,12886.012046796739
2015-04-09 05:00:00,2570,14227.950826059649
2015-04-09 05:30:00,4507,16837.741665268015
2015-04-09 06:00:00,6442,18312.923512400215
2015-04-09 06:30:00,11227,17588.945650032376
2015-04-09 07:00:00,14026,15859.877519794542
2015-04-09 07:30:00,17920,16434.353595429409
2015-04-09 08:00:00,19493,19218.805360625131
2015-04-09 08:30:00,20619,19515.194665041807
2015-04-09 09:00:00,20329,17961.783982032393
2015-04-09 09:30:00,19413,17312.153832502379
2015-04-09 10:00:00,17975,17667.535827109223
2015-04-09 10:30:00,18250,18809.819820574212
2015-04-09 11:00:00,17316,20859.459194899639
2015-04-09 11:30:00,18554,17558.711132501958
2015-04-09 12:00:00,19342,15415.521096867036
2015-04-09 12:30:00,19099,15054.960711512789
2015-04-09 13:00:00,18432,16336.785888882017
2015-04-09 13:30:00,19225,16594.901756097381
2015-04-09 14:00:00,19117,18547.100889418747
2015-04-09 14:30:00,19626,17727.01112771043
2015-04-09 15:00:00,19406,18325.576129354296
2015-04-09 15:30:00,17661,16434.944237608754
2015-04-09 16:00:00,15653,17933.551657776123
2015-04-09 16:30:00,14442,21683.621632105809
2015-04-09 17:00:00,17373,24291.138941531215
2015-04-09 17:30:00,20058,23117.030900137677
2015-04-09 18:00:00,22519,21051.121797037042
2015-04-09 18:30:00,24023,21024.78878125206
2015-04-09 19:00:00,24957,21598.19216414469
2015-04-09 19:30:00,24685,21616.777263762131
2015-04-09 20:00:00,24487,22236.889791568388
2015-04-09 20:30:00,24022,19694.196398934349
2015-04-09 21:00:00,24344,14465.825167877634
2015-04-09 21:30:00,24517,11025.173509408007
2015-04-09 22:00:00,23574,8221.6501631722822
2015-04-09 22:30:00,22718,10941.488574396637
2015-04-09 23:00:00,21592,12281.737631635704
2015-04-09 23:30:00,20042,10392.104698984789
2015-04-10 00:00:00,17580,7016.8282318668125
2015-04-10 00:30:00,13861,7392.0567994171843
2015-04-10 01:00:00,11022,7203.7125732278291
2015-04-10 01:30:00,8339,4665.9362405256452
2015-04-10 02:00:00,6917,2497.8608556460076
2015-04-10 02:30:00,5536,4279.4160857741754
2015-04-10 03:00:00,4587,4567.9620479745154
2015-04-10 03:30:00,3840,7674.0005085053435
2015-04-10 04:00:00,3904,8127.6400161497158
2015-04-10 04:30:00,3046,12184.690179166122
2015-04-10 05:00:00,2936,15534.920710453654
2015-04-10 05:30:00,4674,18318.580106232628
2015-04-10 06:00:00,7100,20345.439920365599
2015-04-10 06:30:00,11140,20091.927018698261
2015-04-10 07:00:00,13433,19698.233624030181
2015-04-10 07:30:00,17856,19217.804614448822
2015-04-10 08:00:00,18825,18981.305008049148
2015-04-10 08:30:00,20158,19390.057620442276
2015-04-10 09:00:00,19466,20257.701641074276
2015-04-10 09:30:00,18777,20486.596297883785
2015-04-10 10:00:00,18046,20896.987501602162
2015-04-10 10:30:00,16942,19950.924183617026
2015-04-10 11:00:00,17086,20978.51700223588
2015-04-10 11:30:00,17940,18470.083831213309
2015-04-10 12:00:00,18772,17434.605496895638
2015-04-10 12:30:00,17482,15647.493148585361
2015-04-10 13:00:00,16569,17126.843330440723
2015-04-10 13:30:00,18233,18278.225062854333
2015-04-10 14:00:00,19135,18824.141267067964
2015-04-10 14:30:00,19091,17416.066111707114
2015-04-10 15:00:00,18617,18307.525944649042
2015-04-10 15:30:00,17164,19253.646860676534
2015-04-10 16:00:00,16051,19737.04736703356
2015-04-10 16:30:00,15234,22086.026770335906
2015-04-10 17:00:00,17458,25063.125028502349
2015-04-10 17:30:00,20701,24277.386625106708
2015-04-10 18:00:00,22952,22746.550605240398
2015-04-10 18:30:00,24343,21360.029802287536
2015-04-10 19:00:00,25500,21416.054148801562
2015-04-10 19:30:00,24778,21590.115300089095
2015-04-10 20:00:00,23798,22372.379603879705
2015-04-10 20:30:00,23245,21603.662035069494
2015-04-10 21:00:00,23412,18613.278550355262
2015-04-10 21:30:00,23284,15623.593667729612
2015-04-10 22:00:00,24149,11476.666708192199
2015-04-10 22:30:00,24012,11378.345658982815
2015-04-10 23:00:00,24821,13987.782247553037
2015-04-10 23:30:00,24084,14744.089220483742
2015-04-11 00:00:00,23820,11076.452827902907
2015-04-11 00:30:00,22072,9576.9666529270289
2015-04-11 01:00:00,20639,11767.898754890939
2015-04-11 01:30:00,18427,10306.514879716757
2015-04-11 02:00:00,17375,8226.7148523517244
2015-04-11 02:30:00,15243,8049.2559541886394
2015-04-11 03:00:00,12879,5326.3249124836639
2015-04-11 03:30:00,11113,6784.1723656965751
2015-04-11 04:00:00,9690,7599.5125311484035
2015-04-11 04:30:00,5705,6388.361441548388
2015-04-11 05:00:00,3845,8991.3718876669263
2015-04-11 05:30:00,3253,13545.141340606668
2015-04-11 06:00:00,3661,15460.463388191387
2015-04-11 06:30:00,4911,19036.715361442773
2015-04-11 07:00:00,5008,18835.28735261604
2015-04-11 07:30:00,6935,18376.970488657989
2015-04-11 08:00:00,8307,17590.440339770568
2015-04-11 08:30:00,11551,16276.537431046676
2015-04-11 09:00:00,12067,17810.120985462705
2015-04-11 09:30:00,15378,20134.301822256588
2015-04-11 10:00:00,15928,21407.896879437667
2015-04-11 10:30:00,17514,17988.421606609001
2015-04-11 11:00:00,18042,15292.167206378623
2015-04-11 11:30:00,19327,15087.088499749441
2015-04-11 12:00:00,20013,18386.789266107182
2015-04-11 12:30:00,20306,18845.924372097186
2015-04-11 13:00:00,20357,18226.616151218321
2015-04-11 13:30:00,20276,18940.904570570536
2015-04-11 14:00:00,19237,18343.371429026192
2015-04-11 14:30:00,19373,18222.69107483633
2015-04-11 15:00:00,18922,17823.914088182766
2015-04-11 15:30:00,18666,16442.303293256686
2015-04-11 16:00:00,17265,17594.727104929847
2015-04-11 16:30:00,16050,19999.653820907115
2015-04-11 17:00:00,17772,23584.376585711332
2015-04-11 17:30:00,20783,25028.256272655428
2015-04-11 18:00:00,22805,25188.449567098542
2015-04-11 18:30:00,24171,23130.305320516884
2015-04-11 19:00:00,24832,24009.424248954543
2015-04-11 19:30:00,24204,24825.369954410555
2015-04-11 20:00:00,24161,24938.160220545215
2015-04-11 20:30:00,23640,25512.58095796837
2015-04-11 21:00:00,23904,24926.746836703544
2015-04-11 21:30:00,24349,22231.172145471639
2015-04-11 22:00:00,25072,19886.450350231215
2015-04-11 22:30:00,25638,18021.472606511277
2015-04-11 23:00:00,26258,15189.667696920877
2015-04-11 23:30:00,26818,16650.198975115829
2015-04-12 00:00:00,25488,13540.010710637269
2015-04-12 00:30:00,24139,14327.274630639207
2015-04-12 01:00:00,22558,13116.169822656271
2015-04-12 01:30:00,21056,10057.071062743516
2015-04-12 02:00:00,19937,8338.1514698983301
2015-04-12 02:30:00,17898,9154.21368875589
2015-04-12 03:00:00,15412,7686.8883034478331
2015-04-12 03:30:00,13266,6649.9477898633413
2015-04-12 04:00:00,11091,6824.9472228904651
2015-04-12 04:30:00,6597,6663.1651915681032
2015-04-12 05:00:00,3983,5249.6219842569863
2015-04-12 05:30:00,3432,6010.9269805823606
2015-04-12 06:00:00,3458,11526.982862176046
2015-04-12 06:30:00,4028,17135.428798426663
2015-04-12 07:00:00,4021,18796.167815778623
2015-04-12 07:30:00,5865,17356.095208128587
2015-04-12 08:00:00,6288,16729.153211987763
2015-04-12 08:30:00,8257,15393.318823399804
2015-04-12 09:00:00,9888,16862.928909582464
2015-04-12 09:30:00,12662,18805.224224457928
2015-04-12 10:00:00,13431,22248.993684627232
2015-04-12 10:30:00,16287,21782.859818996727
2015-04-12 11:00:00,16563,21187.319807771673
2015-04-12 11:30:00,18252,20881.311937222225
2015-04-12 12:00:00,18852,18488.810272144048
2015-04-12 12:30:00,19904,17269.114015352403
2015-04-12 13:00:00,18579,20904.027569639802
2015-04-12 13:30:00,18606,22327.191516871157
2015-04-12 14:00:00,18943,20611.159736231108
2015-04-12 14:30:00,18334,20112.647553006056
2015-04-12 15:00:00,17888,18812.292637716717
2015-04-12 15:30:00,18029,20213.693249338143
2015-04-12 16:00:00,17235,19829.428324969162
2015-04-12 16:30:00,16345,17824.052379007528
2015-04-12 17:00:00,17037,16762.24099917748
2015-04-12 17:30:00,17834,17866.949224744705
2015-04-12 18:00:00,18481,20648.774171485398
2015-04-12 18:30:00,18232,21990.69736080381
2015-04-12 19:00:00,18435,23000.093836872256
2015-04-12 19:30:00,16987,20652.64740669333
2015-04-12 20:00:00,17105,20257.293740434579
2015-04-12 20:30:00,16161,19269.789043856683
2015-04-12 21:00:00,14736,17823.509902781545
2015-04-12 21:30:00,13930,15957.218295424716
2015-04-12 22:00:00,13668,17076.988456323401
2015-04-12 22:30:00,12633,17052.012795309249
2015-04-12 23:00:00,11384,15434.589290181711
2015-04-12 23:30:00,9871,14815.936068976709
2015-04-13 00:00:00,8265,16562.242769441626
2015-04-13 00:30:00,6300,13350.113851030907
2015-04-13 01:00:00,4618,8229.5694618412126
2015-04-13 01:30:00,3516,7267.0485902709752
2015-04-13 02:00:00,2775,3036.1966943815223
2015-04-13 02:30:00,2337,2520.8900249172148
2015-04-13 03:00:00,1813,2945.4104282732624
2015-04-13 03:30:00,1671,5497.459191612259
2015-04-13 04:00:00,2096,6679.5181341306379
2015-04-13 04:30:00,1913,9620.1325405508414
2015-04-13 05:00:00,2559,9402.6627854890467
2015-04-13 05:30:00,4328,14644.376138074365
2015-04-13 06:00:00,6774,18407.085950319826
2015-04-13 06:30:00,11057,18663.8653687593
2015-04-13 07:00:00,13661,17014.890964363083
2015-04-13 07:30:00,17268,16008.864665020015
2015-04-13 08:00:00,17901,17311.887831031876
2015-04-13 08:30:00,17896,15928.581631360263
2015-04-13 09:00:00,16885,17867.538424147973
2015-04-13 09:30:00,15854,14545.532081976329
2015-04-13 10:00:00,14238,17173.475929552471
2015-04-13 10:30:00,14800,16145.631001285728
2015-04-13 11:00:00,14124,20972.255546261833
2015-04-13 11:30:00,14934,21371.374137446568
2015-04-13 12:00:00,14736,23942.154000719143
2015-04-13 12:30:00,14691,19904.395016977058
2015-04-13 13:00:00,13607,16534.599548505608
2015-04-13 13:30:00,15418,12259.640885055358
2015-04-13 14:00:00,15730,14339.825813429678
2015-04-13 14:30:00,16857,14114.001239000727
2015-04-13 15:00:00,16627,14611.281155218119
2015-04-13 15:30:00,16021,15561.260420166707
2015-04-13 16:00:00,14776,17297.647755807142
2015-04-13 16:30:00,14901,19628.113857061253
2015-04-13 17:00:00,16711,19668.79036111469
2015-04-13 17:30:00,18473,24549.155102428573
2015-04-13 18:00:00,20298,23219.314795677285
2015-04-13 18:30:00,21092,22207.679169816402
2015-04-13 19:00:00,20346,19218.479156146113
2015-04-13 19:30:00,19928,18397.225916377141
2015-04-13 20:00:00,20342,19469.799748108631
2015-04-13 20:30:00,18909,17254.967478573482
2015-04-13 21:00:00,19028,17476.784382247279
2015-04-13 21:30:00,18494,15463.297020927974
2015-04-13 22:00:00,16876,12651.49740022741
2015-04-13 22:30:00,14456,11183.467824238647
2015-04-13 23:00:00,12610,9688.4564494169663
2015-04-13 23:30:00,10865,10164.793407702233
2015-04-14 00:00:00,8772,7963.7761014470743
2015-04-14 00:30:00,6805,3058.6685525018111
2015-04-14 01:00:00,5135,1842.6044735364903
2015-04-14 01:30:00,3979,3666.9798878265265
2015-04-14 02:00:00,3117,4406.0844338407042
2015-04-14 02:30:00,2323,4628.4436171539619
2015-04-14 03:00:00,1923,8581.7401370678836
2015-04-14 03:30:00,1663,9774.6742969161896
2015-04-14 04:00:00,1857,9586.1805859855594
2015-04-14 04:30:00,1613,11734.747365535713
2015-04-14 05:00:00,2144,10900.346400483548
2015-04-14 05:30:00,3944,12589.507443755239
2015-04-14 06:00:00,6426,14598.831444846692
2015-04-14 06:30:00,11366,12022.258635885215
2015-04-14 07:00:00,14462,11047.464361691609
2015-04-14 07:30:00,19305,12898.011752502476
2015-04-14 08:00:00,20374,15797.596416783581
2015-04-14 08:30:00,19961,16379.54763063766
2015-04-14 09:00:00,17963,18604.745139940471
2015-04-14 09:30:00,17470,18976.674255750302
2015-04-14 10:00:00,15683,22668.788944236072
2015-04-14 10:30:00,16533,14610.994487896618
2015-04-14 11:00:00,14997,13712.422787982279
2015-04-14 11:30:00,16235,11407.146435585935
2015-04-14 12:00:00,16264,13232.796700051473
2015-04-14 12:30:00,15642,15464.917416165867
2015-04-14 13:00:00,15039,20630.727789853896
2015-04-14 13:30:00,16500,22532.85725953056
2015-04-14 14:00:00,17415,22267.793857403907
2015-04-14 14:30:00,17590,18263.002388323384
2015-04-14 15:00:00,17601,15584.759619164892
2015-04-14 15:30:00,15914,12996.283115060714
2015-04-14 16:00:00,15245,18672.488638275205
2015-04-14 16:30:00,14361,20327.071571132947
2015-04-14 17:00:00,17317,21710.971947286591
2015-04-14 17:30:00,19663,21857.779785400311
2015-04-14 18:00:00,22083,21330.950019550866
2015-04-14 18:30:00,22239,21553.349420673992
2015-04-14 19:00:00,22315,20785.727565743407
2015-04-14 19:30:00,21484,20660.429550806322
2015-04-14 20:00:00,21154,17905.555597770021
2015-04-14 20:30:00,21017,14447.1382658197
2015-04-14 21:00:00,21411,7798.7596842348257
2015-04-14 21:30:00,20974,4704.5573667309072
2015-04-14 22:00:00,19967,4482.249538766122
2015-04-14 22:30:00,17815,7300.0744567870834
2015-04-14 23:00:00,16380,9107.6178471844487
2015-04-14 23:30:00,13481,9474.1574221218143
2015-04-15 00:00:00,10599,7391.5176440648356
2015-04-15 00:30:00,8350,6726.5177286980925
2015-04-15 01:00:00,7436,3748.7007383308137
2015-04-15 01:30:00,5015,1894.1215590937991
2015-04-15 02:00:00,4013,3607.7898433020728
2015-04-15 02:30:00,3209,5125.5869195679625
2015-04-15 03:00:00,2437,5270.4250124236369
2015-04-15 03:30:00,2126,7293.144364352489
2015-04-15 04:00:00,2218,7775.2669710808113
2015-04-15 04:30:00,2027,10378.59356227506
2015-04-15 05:00:00,2304,11606.067160062259
2015-04-15 05:30:00,4426,13768.719474777106
2015-04-15 06:00:00,6639,14712.264027082272
2015-04-15 06:30:00,11635,13173.021532657674
2015-04-15 07:00:00,14768,11843.091617126898
2015-04-15 07:30:00,18780,13416.255542158346
2015-04-15 08:00:00,19661,17991.170272756288
2015-04-15 08:30:00,19321,17470.684147227897
2015-04-15 09:00:00,18288,16570.74806513689
2015-04-15 09:30:00,17136,15957.896648538483
2015-04-15 10:00:00,16042,19850.759431463604
2015-04-15 10:30:00,16267,19528.730694159327
2015-04-15 11:00:00,15556,15843.401136736389
2015-04-15 11:30:00,16945,13184.642158827211
2015-04-15 12:00:00,17213,14885.472450827399
2015-04-15 12:30:00,16540,14138.1254476298
2015-04-15 13:00:00,16175,19153.311316515879
2015-04-15 13:30:00,16782,20254.474163775376
2015-04-15 14:00:00,16878,20151.494899113248
2015-04-15 14:30:00,17770,17446.365559329464
2015-04-15 15:00:00,17567,15389.221494718731
2015-04-15 15:30:00,15706,16557.937328525291
2015-04-15 16:00:00,14131,19039.543480230659
2015-04-15 16:30:00,13237,21315.814115050285
2015-04-15 17:00:00,15841,20870.756670727002
2015-04-15 17:30:00,18978,19579.759852187817
2015-04-15 18:00:00,20296,18422.1112779215
2015-04-15 18:30:00,21204,19629.980812886562
2015-04-15 19:00:00,22395,20463.149203215344
2015-04-15 19:30:00,22410,21291.462567600262
2015-04-15 20:00:00,22409,21725.855125720987
2015-04-15 20:30:00,22931,17530.500729788375
2015-04-15 21:00:00,22844,10073.091118295773
2015-04-15 21:30:00,23669,8463.7163042928732
2015-04-15 22:00:00,22449,10083.449026757971
2015-04-15 22:30:00,21445,8528.7812754206952
2015-04-15 23:00:00,19574,10018.959117917331
2015-04-15 23:30:00,16466,7978.8940929733053
2015-04-16 00:00:00,13204,8306.2580432836494
2015-04-16 00:30:00,10276,6837.7402384458437
2015-04-16 01:00:00,7688,4733.1779007776677
2015-04-16 01:30:00,5748,2489.5237789948878
2015-04-16 02:00:00,4747,1864.3534331217561
2015-04-16 02:30:00,3604,4836.1388596653196
2015-04-16 03:00:00,2939,3826.9494830016793
2015-04-16 03:30:00,2540,6922.6325353945795
2015-04-16 04:00:00,2826,6741.4563718316895
2015-04-16 04:30:00,2451,10702.783353310218
2015-04-16 05:00:00,2658,12601.591023387758
2015-04-16 05:30:00,4645,15503.438122991514
2015-04-16 06:00:00,6928,17829.533954693452
2015-04-16 06:30:00,12011,16761.517624457254
2015-04-16 07:00:00,15077,15142.154949837917
2015-04-16 07:30:00,18989,16398.250401812598
2015-04-16 08:00:00,20285,19199.835684281879
2015-04-16 08:30:00,19473,19214.331720292259
2015-04-16 09:00:00,18225,19076.312560205497
2015-04-16 09:30:00,17963,17276.959459983362
2015-04-16 10:00:00,16458,17930.858704535181
2015-04-16 10:30:00,16655,17385.848376979204
2015-04-16 11:00:00,16123,15344.979173535503
2015-04-16 11:30:00,17335,15617.79499756591
2015-04-16 12:00:00,17616,14998.90730311526
2015-04-16 12:30:00,17306,14327.977261539549
2015-04-16 13:00:00,16729,16720.151159997658
2015-04-16 13:30:00,17767,18461.816452536386
2015-04-16 14:00:00,18385,18111.966224276839
2015-04-16 14:30:00,18741,17306.723689425755
2015-04-16 15:00:00,17683,17228.400894522925
2015-04-16 15:30:00,16498,17840.552217629149
2015-04-16 16:00:00,14281,18644.531389145424
2015-04-16 16:30:00,13569,21487.317516684067
2015-04-16 17:00:00,16310,23600.626130775079
2015-04-16 17:30:00,19610,22242.561348287694
2015-04-16 18:00:00,22514,21279.661143701196
2015-04-16 18:30:00,23655,21211.706344384544
2015-04-16 19:00:00,24680,21322.01949616912
2015-04-16 19:30:00,24360,21447.481955504991
2015-04-16 20:00:00,24734,22621.971656017085
2015-04-16 20:30:00,23889,18661.187851508326
2015-04-16 21:00:00,23665,12649.565052470385
2015-04-16 21:30:00,24220,9142.3838794364747
2015-04-16 22:00:00,23251,8861.2519199851777
2015-04-16 22:30:00,22214,9155.4642184554832
2015-04-16 23:00:00,20656,10035.171821848886
2015-04-16 23:30:00,19438,8818.4835159837094
2015-04-17 00:00:00,17120,7898.5098649096753
2015-04-17 00:30:00,13929,7739.7896594861741
2015-04-17 01:00:00,10852,6675.9311357319639
2015-04-17 01:30:00,8485,3600.1720888450636
2015-04-17 02:00:00,7435,2312.279209832901
2015-04-17 02:30:00,5568,3262.2889722674263
2015-04-17 03:00:00,4764,3542.9103525686733
2015-04-17 03:30:00,4117,6433.5124636628025
2015-04-17 04:00:00,3973,7485.0229454499531
2015-04-17 04:30:00,3147,9765.5817811289126
2015-04-17 05:00:00,3302,13843.279760335989
2015-04-17 05:30:00,5168,16809.253817061912
2015-04-17 06:00:00,7093,19397.332472439841
2015-04-17 06:30:00,11848,20007.592573448332
2015-04-17 07:00:00,14684,19224.646499915161
2015-04-17 07:30:00,18882,17321.155204600822
2015-04-17 08:00:00,19721,17553.533478323421
2015-04-17 08:30:00,20301,18019.904769986177
2015-04-17 09:00:00,19031,18419.512692433302
2015-04-17 09:30:00,19225,18057.001301236516
2015-04-17 10:00:00,18035,18141.48537916884
2015-04-17 10:30:00,16845,16352.993196845811
2015-04-17 11:00:00,16418,16846.25687695431
2015-04-17 11:30:00,18444,15165.613222787006
2015-04-17 12:00:00,18719,16188.509426547604
2015-04-17 12:30:00,17477,13822.616446181644
2015-04-17 13:00:00,17091,16084.801213392382
2015-04-17 13:30:00,17625,17079.434417617413
2015-04-17 14:00:00,18588,17885.114068294482
2015-04-17 14:30:00,19202,15915.440213669346
2015-04-17 15:00:00,18114,16929.97391211271
2015-04-17 15:30:00,16007,18475.762154374097
2015-04-17 16:00:00,14750,19415.428188518301
2015-04-17 16:30:00,13727,23422.836373033533
2015-04-17 17:00:00,16146,24893.090964994306
2015-04-17 17:30:00,19137,23968.187369413889
2015-04-17 18:00:00,21711,22821.703657651593
2015-04-17 18:30:00,23776,21989.986866872088
2015-04-17 19:00:00,25175,20708.689179082048
2015-04-17 19:30:00,25289,20673.80331437544
2015-04-17 20:00:00,24254,23069.678066577715
2015-04-17 20:30:00,23589,20914.890468703954
2015-04-17 21:00:00,23454,16397.13426117475
2015-04-17 21:30:00,23172,13683.305755366449
2015-04-17 22:00:00,23590,10511.802013793196
2015-04-17 22:30:00,24174,10826.336310316066
2015-04-17 23:00:00,24377,13680.564811436512
2015-04-17 23:30:00,24271,14353.146098341636
2015-04-18 00:00:00,23622,12676.680713224036
2015-04-18 00:30:00,22039,10134.827543207215
2015-04-18 01:00:00,20401,12819.795803399204
2015-04-18 01:30:00,18709,10159.373504872399
2015-04-18 02:00:00,16595,7440.8901537446136
2015-04-18 02:30:00,14822,6175.5191620785117
2015-04-18 03:00:00,12638,4965.8204066904691
2015-04-18 03:30:00,10584,6558.6266470131977
2015-04-18 04:00:00,9572,7850.4906034418591
2015-04-18 04:30:00,5831,6848.0836750477883
2015-04-18 05:00:00,3966,8607.4808867485954
2015-04-18 05:30:00,3496,13371.937993047746
2015-04-18 06:00:00,3981,15637.488887384032
2015-04-18 06:30:00,5199,19146.764895693712
2015-04-18 07:00:00,5552,18961.566939211276
2015-04-18 07:30:00,8269,18145.953108331989
2015-04-18 08:00:00,9253,16355.779710008064
2015-04-18 08:30:00,12340,14619.371011596704
2015-04-18 09:00:00,13476,16793.769789505179
2015-04-18 09:30:00,16936,18372.383568825117
2015-04-18 10:00:00,16511,20145.298650990742
2015-04-18 10:30:00,18886,17166.24375153767
2015-04-18 11:00:00,19413,15350.765197571114
2015-04-18 11:30:00,20839,15332.064924293263
2015-04-18 12:00:00,21540,17436.07183800207
2015-04-18 12:30:00,22178,19755.087844490161
2015-04-18 13:00:00,22254,19310.595920070362
2015-04-18 13:30:00,22281,19404.836606068922
2015-04-18 14:00:00,21898,19018.8874496836
2015-04-18 14:30:00,22149,18848.406468413556
2015-04-18 15:00:00,21749,18892.854868967577
2015-04-18 15:30:00,21077,17487.491072607081
2015-04-18 16:00:00,19193,17556.989286706135
2015-04-18 16:30:00,17376,20096.259045078434
2015-04-18 17:00:00,19630,22036.326679130885
2015-04-18 17:30:00,22654,24569.312616355888
2015-04-18 18:00:00,24451,24211.810232780594
2015-04-18 18:30:00,25687,22662.97743867027
2015-04-18 19:00:00,26314,24161.773948140784
2015-04-18 19:30:00,25748,24400.592649567283
2015-04-18 20:00:00,24895,24006.724740661659
2015-04-18 20:30:00,24269,24790.357742314285
2015-04-18 21:00:00,23651,24257.543000328275
2015-04-18 21:30:00,24402,20739.832331219786
2015-04-18 22:00:00,25240,20309.512510738037
2015-04-18 22:30:00,25479,17486.207325894193
2015-04-18 23:00:00,26472,16184.791550203725
2015-04-18 23:30:00,25434,17139.716323253087
2015-04-19 00:00:00,24583,16059.019696338066
2015-04-19 00:30:00,22971,15540.664085914888
2015-04-19 01:00:00,21737,13836.610270127512
2015-04-19 01:30:00,20773,9941.1693101520395
2015-04-19 02:00:00,20014,8850.5763154544366
2015-04-19 02:30:00,17796,8476.9725234557827
2015-04-19 03:00:00,15186,7191.1776509116562
2015-04-19 03:30:00,13306,7761.3600271565929
2015-04-19 04:00:00,11509,7269.9042911199886
2015-04-19 04:30:00,6803,7722.2352974964142
2015-04-19 05:00:00,4659,7119.6472704107973
2015-04-19 05:30:00,3600,8899.1607940863287
2015-04-19 06:00:00,3693,13176.709739044378
2015-04-19 06:30:00,4615,18235.549389720789
2015-04-19 07:00:00,5309,19736.002853528829
2015-04-19 07:30:00,6443,18591.035745786954
2015-04-19 08:00:00,7020,17707.612663463275
2015-04-19 08:30:00,9780,16696.28922723182
2015-04-19 09:00:00,11245,18336.26133599069
2015-04-19 09:30:00,14131,20389.701079470422
2015-04-19 10:00:00,15336,24337.31686796336
2015-04-19 10:30:00,18483,23011.494370461696
2015-04-19 11:00:00,19007,23228.831334961389
2015-04-19 11:30:00,20256,22165.077092528107
2015-04-19 12:00:00,20666,20578.19482428248
2015-04-19 12:30:00,20935,20865.595956424459
2015-04-19 13:00:00,20422,24259.92976790405
2015-04-19 13:30:00,20498,23699.873243838534
2015-04-19 14:00:00,21199,23263.781427057464
2015-04-19 14:30:00,20416,21929.490451715938
2015-04-19 15:00:00,20211,19695.176562159177
2015-04-19 15:30:00,19965,20677.510559035327
2015-04-19 16:00:00,19150,20495.047261416174
2015-04-19 16:30:00,18664,18820.230252561822
2015-04-19 17:00:00,19195,17462.7252616072
2015-04-19 17:30:00,20236,18706.803221685055
2015-04-19 18:00:00,21035,20856.13001957583
2015-04-19 18:30:00,20455,20950.532722814154
2015-04-19 19:00:00,20235,21042.889008780665
2015-04-19 19:30:00,18614,19964.83371022081
2015-04-19 20:00:00,19364,20245.581540850428
2015-04-19 20:30:00,18337,18996.562875939682
2015-04-19 21:00:00,17630,17055.931047644317
2015-04-19 21:30:00,16815,14386.936331943481
2015-04-19 22:00:00,15953,15944.558333202147
2015-04-19 22:30:00,14644,15788.142139217211
2015-04-19 23:00:00,12584,14094.641110102304
2015-04-19 23:30:00,10856,13458.792815587109
2015-04-20 00:00:00,8144,16056.618608437349
2015-04-20 00:30:00,6413,10545.538947460449
2015-04-20 01:00:00,4448,6150.1024457014919
2015-04-20 01:30:00,3749,5894.7017666443535
2015-04-20 02:00:00,3016,1307.1793655525762
2015-04-20 02:30:00,2405,2278.351766255988
2015-04-20 03:00:00,1833,983.52916819050915
2015-04-20 03:30:00,1629,5329.1328762315807
2015-04-20 04:00:00,2008,5329.7826205266592
2015-04-20 04:30:00,2091,8191.5899501795539
2015-04-20 05:00:00,2542,8231.7905320520076
2015-04-20 05:30:00,4704,12897.624466143938
2015-04-20 06:00:00,6976,16874.904995853773
2015-04-20 06:30:00,12281,18105.220846604854
2015-04-20 07:00:00,15397,20250.593167572795
2015-04-20 07:30:00,18252,19050.68082767108
2015-04-20 08:00:00,19267,20208.486650508843
2015-04-20 08:30:00,19071,18847.639542978275
2015-04-20 09:00:00,19623,17176.542494106438
2015-04-20 09:30:00,19032,14518.973891716152
2015-04-20 10:00:00,18335,18053.60949850818
2015-04-20 10:30:00,17371,18176.857325705019
2015-04-20 11:00:00,16295,23999.15895132054
2015-04-20 11:30:00,16498,23409.318316346031
2015-04-20 12:00:00,17345,25614.19489225611
2015-04-20 12:30:00,16270,21732.454039912442
2015-04-20 13:00:00,15225,19897.938367302064
2015-04-20 13:30:00,15354,18169.991850544116
2015-04-20 14:00:00,15564,18741.614736250027
2015-04-20 14:30:00,17115,18698.340651487466
2015-04-20 15:00:00,17013,17575.043127923283
2015-04-20 15:30:00,15576,17602.552235995299
2015-04-20 16:00:00,14512,18781.537794253491
2015-04-20 16:30:00,14722,21406.723410892057
2015-04-20 17:00:00,16880,21737.610569885426
2015-04-20 17:30:00,18636,24577.623379735054
2015-04-20 18:00:00,21691,23399.279369961136
2015-04-20 18:30:00,21870,21853.70930672036
2015-04-20 19:00:00,21205,19266.965513382838
2015-04-20 19:30:00,19737,17500.86240400761
2015-04-20 20:00:00,19774,16815.709996756232
2015-04-20 20:30:00,18985,15591.03536954909
2015-04-20 21:00:00,18747,16013.959011349718
2015-04-20 21:30:00,18228,14863.817060565321
2015-04-20 22:00:00,17169,14470.075504289029
2015-04-20 22:30:00,15100,11829.852151929994
2015-04-20 23:00:00,13601,10505.975958442927
2015-04-20 23:30:00,11191,10522.52586110598
2015-04-21 00:00:00,9381,8203.3453462694742
2015-04-21 00:30:00,7774,4078.380921290187
2015-04-21 01:00:00,5573,2167.0936666432899
2015-04-21 01:30:00,4469,4045.3056668891622
2015-04-21 02:00:00,4414,6407.1302476706933
2015-04-21 02:30:00,3155,5850.5804301915978
2015-04-21 03:00:00,2382,10600.570038136209
2015-04-21 03:30:00,2034,12494.949592496028
2015-04-21 04:00:00,1975,13996.848839905959
2015-04-21 04:30:00,1866,14237.818406054572
2015-04-21 05:00:00,2441,13045.333469529771
2015-04-21 05:30:00,4499,14332.200484659345
2015-04-21 06:00:00,6998,16206.408664209932
2015-04-21 06:30:00,12097,12350.702074203926
2015-04-21 07:00:00,15161,9778.3894992226215
2015-04-21 07:30:00,18951,14231.011929016217
2015-04-21 08:00:00,20039,17473.186114927816
2015-04-21 08:30:00,20849,16839.960214588526
2015-04-21 09:00:00,20589,16561.367638021617
2015-04-21 09:30:00,17815,20129.821380744219
2015-04-21 10:00:00,16461,23220.092845137129
2015-04-21 10:30:00,16045,19038.879242489857
2015-04-21 11:00:00,15864,15014.776567903178
2015-04-21 11:30:00,16969,10803.491523453355
2015-04-21 12:00:00,17072,11504.342137468617
2015-04-21 12:30:00,16859,13873.451794351085
2015-04-21 13:00:00,15912,18555.951409088844
2015-04-21 13:30:00,16847,21068.593815557586
2015-04-21 14:00:00,17586,19786.289653952357
2015-04-21 14:30:00,17882,17344.824434091031
2015-04-21 15:00:00,17130,15749.057954054137
2015-04-21 15:30:00,16408,14849.559448712747
2015-04-21 16:00:00,14827,17104.550614413376
2015-04-21 16:30:00,14118,18794.296275335066
2015-04-21 17:00:00,16388,20696.76620790931
2015-04-21 17:30:00,19040,20643.027340697794
2015-04-21 18:00:00,21740,19511.614494412355
2015-04-21 18:30:00,22579,19129.650514602523
2015-04-21 19:00:00,22560,19007.210566769834
2015-04-21 19:30:00,22439,19998.920033895
2015-04-21 20:00:00,22678,18304.312897118773
2015-04-21 20:30:00,22224,14543.169441285032
2015-04-21 21:00:00,22887,8055.7906503775066
2015-04-21 21:30:00,21974,7068.1039348550767
2015-04-21 22:00:00,21441,6206.4261413208151
2015-04-21 22:30:00,20409,9392.3222018985434
2015-04-21 23:00:00,17727,10241.464639039626
2015-04-21 23:30:00,14446,9153.5260713985917
2015-04-22 00:00:00,11786,9306.7609915775683
2015-04-22 00:30:00,8920,9682.8528108846349
2015-04-22 01:00:00,6763,5664.1556689476165
2015-04-22 01:30:00,5189,1845.3559407692901
2015-04-22 02:00:00,3999,1713.4687170344423
2015-04-22 02:30:00,3412,4038.5097389300117
2015-04-22 03:00:00,2574,5647.9156199894078
2015-04-22 03:30:00,2137,6737.8335437546666
2015-04-22 04:00:00,2375,8586.2553261244393
2015-04-22 04:30:00,2045,10006.539566732987
2015-04-22 05:00:00,2402,11934.354106036346
2015-04-22 05:30:00,4392,14204.573615920124
2015-04-22 06:00:00,6688,15890.300610045988
2015-04-22 06:30:00,11912,16501.876875593538
2015-04-22 07:00:00,14642,15645.20131374835
2015-04-22 07:30:00,18825,16685.680194655586
2015-04-22 08:00:00,19869,19780.322577938136
2015-04-22 08:30:00,19555,21049.154007036439
2015-04-22 09:00:00,17977,18999.256458334239
2015-04-22 09:30:00,17453,17528.938598967041
2015-04-22 10:00:00,15803,19431.577977875106
2015-04-22 10:30:00,16326,17737.969622675322
2015-04-22 11:00:00,15657,15563.692026565046
2015-04-22 11:30:00,17297,13630.304763005432
2015-04-22 12:00:00,16836,13652.0615030603
2015-04-22 12:30:00,16568,14683.989919242
2015-04-22 13:00:00,16172,16660.042652648226
2015-04-22 13:30:00,16988,18070.498647927376
2015-04-22 14:00:00,17475,19548.214650676982
2015-04-22 14:30:00,18366,17563.069599522907
2015-04-22 15:00:00,20078,17635.518669884685
2015-04-22 15:30:00,17435,16700.638006817382
2015-04-22 16:00:00,14296,18744.595952467334
2015-04-22 16:30:00,12695,21073.015602871528
2015-04-22 17:00:00,15258,20496.307264200826
2015-04-22 17:30:00,19562,18367.835400664448
2015-04-22 18:00:00,20985,17860.187049961336
2015-04-22 18:30:00,22859,21213.682144511709
2015-04-22 19:00:00,21907,20709.92376988407
2015-04-22 19:30:00,22008,22281.410388530643
2015-04-22 20:00:00,21994,21338.82478436915
2015-04-22 20:30:00,22961,19594.245075525054
2015-04-22 21:00:00,22638,12293.48295800618
2015-04-22 21:30:00,23143,8844.5233005852606
2015-04-22 22:00:00,22911,9884.0212797396889
2015-04-22 22:30:00,21141,9684.5791725309427
2015-04-22 23:00:00,19106,9187.2343782447315
2015-04-22 23:30:00,16322,7126.898524791709
2015-04-23 00:00:00,12947,6943.9045353920101
2015-04-23 00:30:00,9716,7629.3434846154132
2015-04-23 01:00:00,7494,5505.2349674427041
2015-04-23 01:30:00,5953,1954.3671628655247
2015-04-23 02:00:00,4480,1897.5337071798967
2015-04-23 02:30:00,3571,4575.2739826290326
2015-04-23 03:00:00,2736,5233.1260985446243
2015-04-23 03:30:00,2408,7980.3457553397066
2015-04-23 04:00:00,2624,9009.2566722891661
2015-04-23 04:30:00,2450,10690.595937187119
2015-04-23 05:00:00,2415,13053.536697120078
2015-04-23 05:30:00,4577,16239.365184036749
2015-04-23 06:00:00,7298,19144.878570017219
2015-04-23 06:30:00,12648,19513.945339305035
2015-04-23 07:00:00,15735,17556.01696981601
2015-04-23 07:30:00,19944,17539.227929457847
2015-04-23 08:00:00,20944,20028.071374012947
2015-04-23 08:30:00,20302,19215.959815114598
2015-04-23 09:00:00,19206,17074.199379239457
2015-04-23 09:30:00,18447,17036.820196300436
2015-04-23 10:00:00,17255,17994.399392770963
2015-04-23 10:30:00,17223,18862.800981854125
2015-04-23 11:00:00,17255,17036.95075907014
2015-04-23 11:30:00,18379,17086.594946407393
2015-04-23 12:00:00,19242,16215.513453194326
2015-04-23 12:30:00,18123,14133.744141058623
2015-04-23 13:00:00,18027,16419.789152682202
2015-04-23 13:30:00,18225,18139.516440957406
2015-04-23 14:00:00,19122,18231.333673162855
2015-04-23 14:30:00,19070,17509.774782981873
2015-04-23 15:00:00,18771,16694.122483394636
2015-04-23 15:30:00,16713,16203.568616846693
2015-04-23 16:00:00,14664,18019.442069405617
2015-04-23 16:30:00,13546,21760.229100923272
2015-04-23 17:00:00,16455,24129.564633020891
2015-04-23 17:30:00,19747,23801.805300343076
2015-04-23 18:00:00,22339,22426.789489770763
2015-04-23 18:30:00,23854,21722.503876691655
2015-04-23 19:00:00,25342,20059.400961847816
2015-04-23 19:30:00,24900,19780.509856706973
2015-04-23 20:00:00,24907,22635.719152663023
2015-04-23 20:30:00,24953,18976.626451467688
2015-04-23 21:00:00,25292,13314.879019997254
2015-04-23 21:30:00,24977,10286.234906071579
2015-04-23 22:00:00,24718,9828.7940954000806
2015-04-23 22:30:00,23331,10181.014544731497
2015-04-23 23:00:00,22743,11265.031171814293
2015-04-23 23:30:00,20516,9271.9889556388334
2015-04-24 00:00:00,17308,6063.2017623696029
2015-04-24 00:30:00,14275,7098.4638382220892
2015-04-24 01:00:00,11055,6129.4826676386019
2015-04-24 01:30:00,8740,2328.2732087970326
2015-04-24 02:00:00,7232,1497.0710812387551
2015-04-24 02:30:00,5894,3696.0450005635739
2015-04-24 03:00:00,4841,3710.3136703533801
2015-04-24 03:30:00,3980,7502.1249065077782
2015-04-24 04:00:00,3942,8867.2987919719581
2015-04-24 04:30:00,3146,10383.090710774104
2015-04-24 05:00:00,2893,13330.373199574131
2015-04-24 05:30:00,4899,17815.686639393822
2015-04-24 06:00:00,7167,20174.746087423155
2015-04-24 06:30:00,12091,20566.372024350385
2015-04-24 07:00:00,14993,20387.682018032698
2015-04-24 07:30:00,19089,17664.085588704118
2015-04-24 08:00:00,20188,18088.585382189318
2015-04-24 08:30:00,19912,18794.303202326886
2015-04-24 09:00:00,18860,18789.718747966523
2015-04-24 09:30:00,18623,17643.958848834871
2015-04-24 10:00:00,17711,18447.298466996046
2015-04-24 10:30:00,17756,17442.710446460249
2015-04-24 11:00:00,17559,17442.856669471905
2015-04-24 11:30:00,18688,14790.35873327111
2015-04-24 12:00:00,18741,16107.412655638662
2015-04-24 12:30:00,17935,16228.943019082926
2015-04-24 13:00:00,17249,18172.631692823692
2015-04-24 13:30:00,17372,18527.738875849478
2015-04-24 14:00:00,18635,17501.092631243599
2015-04-24 14:30:00,18696,15450.563697496895
2015-04-24 15:00:00,17590,17015.415381319919
2015-04-24 15:30:00,15833,18564.647789264676
2015-04-24 16:00:00,14020,19457.328539991533
2015-04-24 16:30:00,13355,22113.929115059356
2015-04-24 17:00:00,15926,24185.244781809473
2015-04-24 17:30:00,18465,24300.605234427851
2015-04-24 18:00:00,20791,23926.01806842766
2015-04-24 18:30:00,22639,23104.1672050044
2015-04-24 19:00:00,24233,21446.296887998757
2015-04-24 19:30:00,24838,21152.912784657627
2015-04-24 20:00:00,25180,24258.322743407254
2015-04-24 20:30:00,25690,23439.837841788656
2015-04-24 21:00:00,24963,18964.868669571933
2015-04-24 21:30:00,25265,16014.831280059592
2015-04-24 22:00:00,26186,12582.719714286772
2015-04-24 22:30:00,26235,12870.798665774591
2015-04-24 23:00:00,26274,14566.38887722188
2015-04-24 23:30:00,24688,14934.340248914019
2015-04-25 00:00:00,23641,12824.9273125527
2015-04-25 00:30:00,22126,9980.5612274871892
2015-04-25 01:00:00,20300,12502.407333858899
2015-04-25 01:30:00,17591,10931.766498144107
2015-04-25 02:00:00,16639,7905.3699279769053
2015-04-25 02:30:00,14412,7544.9873051769664
2015-04-25 03:00:00,12631,4653.5934675023691
2015-04-25 03:30:00,11073,6180.4759748034649
2015-04-25 04:00:00,9690,8171.990095373244
2015-04-25 04:30:00,5662,6619.6558434130129
2015-04-25 05:00:00,4030,7748.2662452341956
2015-04-25 05:30:00,3637,13371.969305055793
2015-04-25 06:00:00,3820,15692.561667444625
2015-04-25 06:30:00,5006,20055.341273573977
2015-04-25 07:00:00,5544,19434.530944753118
2015-04-25 07:30:00,7874,18995.153068434891
2015-04-25 08:00:00,9229,17180.958606741053
2015-04-25 08:30:00,12817,15607.973480930536
2015-04-25 09:00:00,13860,18475.876741381842
2015-04-25 09:30:00,16903,20992.342530692167
2015-04-25 10:00:00,16866,21881.859512436684
2015-04-25 10:30:00,18792,17067.244158028716
2015-04-25 11:00:00,19371,15138.677128938316
2015-04-25 11:30:00,20827,15319.985970563848
2015-04-25 12:00:00,21076,17401.430813459439
2015-04-25 12:30:00,20693,19233.614547007608
2015-04-25 13:00:00,20940,19991.956384230598
2015-04-25 13:30:00,20100,20945.373040062052
2015-04-25 14:00:00,19897,20087.811602961126
2015-04-25 14:30:00,19738,19267.408679099506
2015-04-25 15:00:00,19663,18007.934634332229
2015-04-25 15:30:00,19395,16618.115869005826
2015-04-25 16:00:00,17749,16874.574926170575
2015-04-25 16:30:00,16568,19241.57356313556
2015-04-25 17:00:00,18012,22404.438897830423
2015-04-25 17:30:00,21617,24284.373183420728
2015-04-25 18:00:00,23373,24602.983067127694
2015-04-25 18:30:00,25065,23680.870710903309
2015-04-25 19:00:00,26130,25365.564254213179
2015-04-25 19:30:00,25776,23295.91789041525
2015-04-25 20:00:00,24539,24219.85637361816
2015-04-25 20:30:00,24826,25526.078611392077
2015-04-25 21:00:00,23824,24901.513899397745
2015-04-25 21:30:00,23978,22493.530382372413
2015-04-25 22:00:00,24655,19669.401028132965
2015-04-25 22:30:00,25633,17558.488303656948
2015-04-25 23:00:00,25996,16118.109487617496
2015-04-25 23:30:00,25324,17507.432541284612
2015-04-26 00:00:00,24315,15935.254157605554
2015-04-26 00:30:00,23348,16047.374986571838
2015-04-26 01:00:00,21819,14243.952356298038
2015-04-26 01:30:00,20681,9588.8970675901037
2015-04-26 02:00:00,19845,9184.2859410159854
2015-04-26 02:30:00,17655,9088.1439741331596
2015-04-26 03:00:00,15160,7273.4470519689094
2015-04-26 03:30:00,13257,8044.2047046411653
2015-04-26 04:00:00,11470,8162.8157088285188
2015-04-26 04:30:00,6551,8325.9923779837973
2015-04-26 05:00:00,4192,7089.1431206721236
2015-04-26 05:30:00,3821,8580.9736271042202
2015-04-26 06:00:00,3472,13678.604761334575
2015-04-26 06:30:00,4271,18249.402189919045
2015-04-26 07:00:00,4634,20322.229307877944
2015-04-26 07:30:00,6614,19715.670601672075
2015-04-26 08:00:00,7141,19203.089651098981
2015-04-26 08:30:00,8872,17077.253794802094
2015-04-26 09:00:00,10682,17027.864738010372
2015-04-26 09:30:00,13571,18756.669990912527
2015-04-26 10:00:00,14399,23629.381489039857
2015-04-26 10:30:00,16898,21803.720821568069
2015-04-26 11:00:00,17367,22443.444857694434
2015-04-26 11:30:00,18878,22291.926395449482
2015-04-26 12:00:00,19397,20456.958167858895
2015-04-26 12:30:00,19873,18918.894737701434
2015-04-26 13:00:00,19403,21080.859145688108
2015-04-26 13:30:00,19657,20141.713104334085
2015-04-26 14:00:00,19902,20359.350120158371
2015-04-26 14:30:00,19424,21945.600929146221
2015-04-26 15:00:00,18861,21216.623735784298
2015-04-26 15:30:00,18368,21813.792084941804
2015-04-26 16:00:00,17582,20997.177571984757
2015-04-26 16:30:00,16758,19241.975278163794
2015-04-26 17:00:00,18178,17159.050917455541
2015-04-26 17:30:00,19670,18619.811584555864
2015-04-26 18:00:00,19039,21991.683096930581
2015-04-26 18:30:00,18869,21981.460854503974
2015-04-26 19:00:00,18361,22795.6559763964
2015-04-26 19:30:00,17027,19698.681103937801
2015-04-26 20:00:00,17317,19299.667406118024
2015-04-26 20:30:00,16891,18746.337155410092
2015-04-26 21:00:00,15973,17970.4135981453
2015-04-26 21:30:00,15542,15385.231564239211
2015-04-26 22:00:00,14318,16862.437717912675
2015-04-26 22:30:00,13724,16916.303757046637
2015-04-26 23:00:00,12198,15172.833526224127
2015-04-26 23:30:00,10066,15022.633482425666
2015-04-27 00:00:00,7800,14425.291732350177
2015-04-27 00:30:00,5890,12536.916519014847
2015-04-27 01:00:00,4523,8040.1738287382805
2015-04-27 01:30:00,3403,8166.858953320655
2015-04-27 02:00:00,2802,2835.4791474666526
2015-04-27 02:30:00,2256,2498.7913108279008
2015-04-27 03:00:00,1911,2313.7200230996368
2015-04-27 03:30:00,1939,4925.335704097366
2015-04-27 04:00:00,2115,5233.8610962416806
2015-04-27 04:30:00,2091,8576.2410814503655
2015-04-27 05:00:00,2715,8452.7853502205835
2015-04-27 05:30:00,4537,13108.910093203538
2015-04-27 06:00:00,6634,18843.073938485752
2015-04-27 06:30:00,11208,18859.005401241135
2015-04-27 07:00:00,14053,18305.802057104309
2015-04-27 07:30:00,17719,17482.48495208392
2015-04-27 08:00:00,18480,18591.720706058939
2015-04-27 08:30:00,18827,18051.963267846979
2015-04-27 09:00:00,17707,17916.104742567968
2015-04-27 09:30:00,16491,15600.491512314988
2015-04-27 10:00:00,15354,16992.524071262254
2015-04-27 10:30:00,14736,15616.230386025107
2015-04-27 11:00:00,14206,21085.092741199682
2015-04-27 11:30:00,15351,20721.983351165465
2015-04-27 12:00:00,15774,23247.666834218944
2015-04-27 12:30:00,14906,19516.346540838211
2015-04-27 13:00:00,14759,17270.908008595328
2015-04-27 13:30:00,16158,15580.875107978145
2015-04-27 14:00:00,16449,16685.190897501278
2015-04-27 14:30:00,17378,17472.964158865543
2015-04-27 15:00:00,17497,17156.110123393988
2015-04-27 15:30:00,15899,17389.17147811472
2015-04-27 16:00:00,15364,17288.606185914872
2015-04-27 16:30:00,15083,20096.228409097461
2015-04-27 17:00:00,17089,21015.256906067458
2015-04-27 17:30:00,18964,24598.322869793439
2015-04-27 18:00:00,20947,23246.497377445776
2015-04-27 18:30:00,21459,22733.823938312365
2015-04-27 19:00:00,22097,19672.435957842506
2015-04-27 19:30:00,20280,19247.336310047976
2015-04-27 20:00:00,20230,19603.422189120214
2015-04-27 20:30:00,19989,18120.412336552781
2015-04-27 21:00:00,20037,17973.129186174327
2015-04-27 21:30:00,20169,16622.04487234632
2015-04-27 22:00:00,18890,13640.302893727268
2015-04-27 22:30:00,16443,10718.276007016815
2015-04-27 23:00:00,13660,9893.4313350474677
2015-04-27 23:30:00,11321,9615.8717469281237
2015-04-28 00:00:00,8920,6418.4575779539045
2015-04-28 00:30:00,6768,2411.6304431423578
2015-04-28 01:00:00,5299,2635.1899846472752
2015-04-28 01:30:00,3964,2651.1293199174688
2015-04-28 02:00:00,3351,4328.215392425318
2015-04-28 02:30:00,2558,5368.017947521621
2015-04-28 03:00:00,1980,8995.9959232757647
2015-04-28 03:30:00,1652,10909.347108980397
2015-04-28 04:00:00,1750,12555.351277904319
2015-04-28 04:30:00,1750,13289.192955039194
2015-04-28 05:00:00,2067,11813.249127479059
2015-04-28 05:30:00,4378,12812.804398751441
2015-04-28 06:00:00,6327,14519.017455982603
2015-04-28 06:30:00,11195,10129.266468583008
2015-04-28 07:00:00,14099,9501.2421483901071
2015-04-28 07:30:00,18272,11327.39207565964
2015-04-28 08:00:00,18973,15242.844649693305
2015-04-28 08:30:00,19182,17010.334094165974
2015-04-28 09:00:00,18049,18555.413234801734
2015-04-28 09:30:00,17262,17927.722612363865
2015-04-28 10:00:00,15573,19739.360991964546
2015-04-28 10:30:00,15653,15649.113815010996
2015-04-28 11:00:00,15401,13621.772753142763
2015-04-28 11:30:00,16404,10422.794097578661
2015-04-28 12:00:00,16492,11576.124169423918
2015-04-28 12:30:00,15984,12857.407001728758
2015-04-28 13:00:00,15172,19570.932396997632
2015-04-28 13:30:00,16390,21849.765275470338
2015-04-28 14:00:00,16788,20523.692843948389
2015-04-28 14:30:00,17584,18895.665203080596
2015-04-28 15:00:00,17587,16691.801539785905
2015-04-28 15:30:00,15891,14118.382280471014
2015-04-28 16:00:00,14604,16115.662733061528
2015-04-28 16:30:00,14368,17527.549888689715
2015-04-28 17:00:00,16676,18020.000101455113
2015-04-28 17:30:00,18921,19167.078918537063
2015-04-28 18:00:00,21569,20166.142560561744
2015-04-28 18:30:00,22252,21115.477997631497
2015-04-28 19:00:00,22021,21582.115172806327
2015-04-28 19:30:00,21311,22761.86670125513
2015-04-28 20:00:00,21323,19230.697423392085
2015-04-28 20:30:00,22113,16422.256210624306
2015-04-28 21:00:00,22171,9606.3719086622586
2015-04-28 21:30:00,22131,6728.7721645943002
2015-04-28 22:00:00,21553,5449.0867687762093
2015-04-28 22:30:00,19683,6824.2957570755498
2015-04-28 23:00:00,17549,7301.63997736697
2015-04-28 23:30:00,13482,7164.5917131458664
2015-04-29 00:00:00,11371,7425.5414622168255
2015-04-29 00:30:00,8295,5942.5292046360955
2015-04-29 01:00:00,6465,3308.3724652578003
2015-04-29 01:30:00,4892,1952.0492237982635
2015-04-29 02:00:00,4042,2625.1718195086414
2015-04-29 02:30:00,3043,5542.0088361562339
2015-04-29 03:00:00,2693,5020.7752622903881
2015-04-29 03:30:00,2122,8667.7997154438362
2015-04-29 04:00:00,2307,8939.4857431194541
2015-04-29 04:30:00,2053,10879.463249155824
2015-04-29 05:00:00,2260,11705.247800133075
2015-04-29 05:30:00,4472,14064.968444509399
2015-04-29 06:00:00,6552,15269.027386925267
2015-04-29 06:30:00,11712,13327.659176134694
2015-04-29 07:00:00,14478,12096.131016947211
2015-04-29 07:30:00,18972,14964.792750451219
2015-04-29 08:00:00,19496,18621.450019751413
2015-04-29 08:30:00,19356,18166.480943236806
2015-04-29 09:00:00,18070,16709.973514166319
2015-04-29 09:30:00,17820,14981.497890391351
2015-04-29 10:00:00,16132,18600.066092950514
2015-04-29 10:30:00,16302,18092.997417595172
2015-04-29 11:00:00,15781,16491.280871025756
2015-04-29 11:30:00,16849,13956.366871774482
2015-04-29 12:00:00,17037,14280.258893217291
2015-04-29 12:30:00,16539,13833.643125559367
2015-04-29 13:00:00,16145,16624.353419957806
2015-04-29 13:30:00,16985,19065.336658487609
2015-04-29 14:00:00,17077,19619.930051746811
2015-04-29 14:30:00,17680,17900.179141155375
2015-04-29 15:00:00,18004,17018.415596781073
2015-04-29 15:30:00,15741,16413.312300292509
2015-04-29 16:00:00,13720,18410.462444609457
2015-04-29 16:30:00,12702,21405.639495909989
2015-04-29 17:00:00,15275,21168.1138946828
2015-04-29 17:30:00,17808,20234.493325490235
2015-04-29 18:00:00,19977,19396.302273036479
2015-04-29 18:30:00,21024,21004.394778660942
2015-04-29 19:00:00,22833,20964.429764161607
2015-04-29 19:30:00,23358,22368.018989555741
2015-04-29 20:00:00,23931,23181.741996182427
2015-04-29 20:30:00,23481,19963.999084479368
2015-04-29 21:00:00,23787,10833.368609320034
2015-04-29 21:30:00,23644,8270.3892749960814
2015-04-29 22:00:00,23093,8552.5023329396481
2015-04-29 22:30:00,22105,8210.5781887759513
2015-04-29 23:00:00,19751,8845.6163932881318
2015-04-29 23:30:00,16687,6722.3142248093882
2015-04-30 00:00:00,13853,7033.0976440828335
2015-04-30 00:30:00,10538,6440.1932566944415
2015-04-30 01:00:00,8046,3928.337296879301
2015-04-30 01:30:00,6051,2038.2052074939566
2015-04-30 02:00:00,4700,1510.6554773812823
2015-04-30 02:30:00,3609,3609.6995115289319
2015-04-30 03:00:00,2732,3545.8704333845599
2015-04-30 03:30:00,2537,7021.3838928195009
2015-04-30 04:00:00,2824,8002.1964195229393
2015-04-30 04:30:00,2444,10349.450543735664
2015-04-30 05:00:00,2485,13256.81350563577
2015-04-30 05:30:00,4748,16194.837341163207
2015-04-30 06:00:00,7397,18949.710614927397
2015-04-30 06:30:00,12156,18235.847418727622
2015-04-30 07:00:00,15232,17155.487563612103
2015-04-30 07:30:00,18648,16697.92686791427
2015-04-30 08:00:00,19534,19522.43424581581
2015-04-30 08:30:00,19270,18895.472266300501
2015-04-30 09:00:00,18325,17255.309966977329
2015-04-30 09:30:00,17456,16259.521802354584
2015-04-30 10:00:00,16594,17849.017149953594
2015-04-30 10:30:00,16390,16835.662580539691
2015-04-30 11:00:00,15659,17649.002526093336
2015-04-30 11:30:00,16780,16204.24396917338
2015-04-30 12:00:00,17269,16352.231737061546
2015-04-30 12:30:00,16891,15239.624820795982
2015-04-30 13:00:00,15995,17032.587882319429
2015-04-30 13:30:00,17171,17952.01160515047
2015-04-30 14:00:00,17462,17536.664215989309
2015-04-30 14:30:00,17686,17098.521949558795
2015-04-30 15:00:00,17269,16228.311705823811
2015-04-30 15:30:00,15404,17526.622749113161
2015-04-30 16:00:00,13792,18887.248756276524
2015-04-30 16:30:00,12646,23089.804544313291
2015-04-30 17:00:00,15764,24524.900088593269
2015-04-30 17:30:00,18778,23661.280422795309
2015-04-30 18:00:00,21659,22127.995263614845
2015-04-30 18:30:00,23035,22504.505836857079
2015-04-30 19:00:00,25068,21300.507507065515
2015-04-30 19:30:00,24371,21537.74345727493
2015-04-30 20:00:00,23869,23603.158536050472
2015-04-30 20:30:00,24361,20087.932061511307
2015-04-30 21:00:00,24705,13176.256611320345
2015-04-30 21:30:00,24658,10892.178711860226
2015-04-30 22:00:00,24197,9601.9195371783335
2015-04-30 22:30:00,22555,10342.405674886762
2015-04-30 23:00:00,20766,10489.699387950111
2015-04-30 23:30:00,19236,8612.0756233062148
2015-05-01 00:00:00,16979,5554.940241985023
2015-05-01 00:30:00,13753,6908.9472257961597
2015-05-01 01:00:00,11258,6947.9312727915203
2015-05-01 01:30:00,8801,3613.8097894808743
2015-05-01 02:00:00,7182,2037.7148342209839
2015-05-01 02:30:00,6000,3398.3612711249716
2015-05-01 03:00:00,4803,3482.4023753563633
2015-05-01 03:30:00,4089,6085.6673107907991
2015-05-01 04:00:00,4224,7362.8338323102516
2015-05-01 04:30:00,3116,9808.5328996885546
2015-05-01 05:00:00,2994,13283.958415732592
2015-05-01 05:30:00,4755,17072.280827059847
2015-05-01 06:00:00,6756,19545.5067688667
2015-05-01 06:30:00,11508,20571.609865242142
2015-05-01 07:00:00,14544,19868.391074857482
2015-05-01 07:30:00,18531,17806.524823644901
2015-05-01 08:00:00,19351,17526.527327000564
2015-05-01 08:30:00,19630,18006.523106408731
2015-05-01 09:00:00,17949,17421.690185595573
2015-05-01 09:30:00,17660,16942.828822410964
2015-05-01 10:00:00,16512,17052.655730337276
2015-05-01 10:30:00,16553,15537.234108982977
2015-05-01 11:00:00,16630,16346.977221766896
2015-05-01 11:30:00,18111,14417.879567041977
2015-05-01 12:00:00,18047,16203.949775550049
2015-05-01 12:30:00,16864,14292.254131221482
2015-05-01 13:00:00,16062,16552.553005419169
2015-05-01 13:30:00,16898,17172.577856211021
2015-05-01 14:00:00,18205,16634.829914316386
2015-05-01 14:30:00,19307,15926.857879556776
2015-05-01 15:00:00,17935,16278.258413710737
2015-05-01 15:30:00,15377,17920.13457142036
2015-05-01 16:00:00,14500,19348.546530702846
2015-05-01 16:30:00,13355,22837.807487576894
2015-05-01 17:00:00,16031,25115.946228804802
2015-05-01 17:30:00,18961,24531.647489539373
2015-05-01 18:00:00,20844,23309.564489726028
2015-05-01 18:30:00,24050,22497.468313920472
2015-05-01 19:00:00,25721,20220.988395514163
2015-05-01 19:30:00,25140,21141.939671831922
2015-05-01 20:00:00,24370,23085.282767922283
2015-05-01 20:30:00,24210,22098.381333341626
2015-05-01 21:00:00,24042,16949.345520160176
2015-05-01 21:30:00,24187,13823.753098323763
2015-05-01 22:00:00,24915,11042.946305821579
2015-05-01 22:30:00,24752,10716.187297545046
2015-05-01 23:00:00,24699,13169.648363522465
2015-05-01 23:30:00,23534,14271.722218116693
2015-05-02 00:00:00,23102,12689.080345630109
2015-05-02 00:30:00,21490,11545.174954747417
2015-05-02 01:00:00,19715,13142.745637515922
2015-05-02 01:30:00,18252,10193.907280345938
2015-05-02 02:00:00,16643,6707.6899532014831
2015-05-02 02:30:00,14322,5972.8659029426763
2015-05-02 03:00:00,11905,4813.8466748553055
2015-05-02 03:30:00,10225,5883.5372858491864
2015-05-02 04:00:00,8945,6395.9944840638364
2015-05-02 04:30:00,5126,5606.7972961160649
2015-05-02 05:00:00,3603,7152.446633384041
2015-05-02 05:30:00,3266,13237.719675736918
2015-05-02 06:00:00,3576,16130.533261926732
2015-05-02 06:30:00,5130,19437.586720086761
2015-05-02 07:00:00,5525,18513.479960323679
2015-05-02 07:30:00,7622,17477.222718168538
2015-05-02 08:00:00,8667,14991.483064487844
2015-05-02 08:30:00,13028,14256.968649337201
2015-05-02 09:00:00,13278,16959.423994965771
2015-05-02 09:30:00,16518,18509.682906570459
2015-05-02 10:00:00,16860,20846.18169574875
2015-05-02 10:30:00,18412,18099.645752403354
2015-05-02 11:00:00,18965,15880.367253763065
2015-05-02 11:30:00,21228,14966.461203872064
2015-05-02 12:00:00,21304,15807.758169861276
2015-05-02 12:30:00,21738,17060.271659375881
2015-05-02 13:00:00,21396,19034.099560217153
2015-05-02 13:30:00,21064,19775.265024193839
2015-05-02 14:00:00,21239,19840.623596112338
2015-05-02 14:30:00,21418,19976.2179786286
2015-05-02 15:00:00,21963,18747.502837492033
2015-05-02 15:30:00,21416,17548.045223072186
2015-05-02 16:00:00,19836,17488.146240753158
2015-05-02 16:30:00,18216,20081.269403839535
2015-05-02 17:00:00,19973,23643.294672781874
2015-05-02 17:30:00,23600,23976.887014701846
2015-05-02 18:00:00,25169,23517.754606708419
2015-05-02 18:30:00,27059,22724.517531614438
2015-05-02 19:00:00,29077,23589.683365435012
2015-05-02 19:30:00,27867,23714.159275322978
2015-05-02 20:00:00,26771,25635.361999183151
2015-05-02 20:30:00,26343,24957.721127531702
2015-05-02 21:00:00,26700,24096.143336883517
2015-05-02 21:30:00,27201,20221.859890638887
2015-05-02 22:00:00,27835,19018.917236590212
2015-05-02 22:30:00,27983,18354.959307219502
2015-05-02 23:00:00,26073,14903.855881882148
2015-05-02 23:30:00,23242,16712.201750682987
2015-05-03 00:00:00,20274,14717.583784945973
2015-05-03 00:30:00,23703,13569.14015493658
2015-05-03 01:00:00,31266,12344.517660699199
2015-05-03 01:30:00,24157,13183.918458132543
2015-05-03 02:00:00,20628,10919.657456776615
2015-05-03 02:30:00,17368,9902.8529949285839
2015-05-03 03:00:00,14727,6579.3243186201289
2015-05-03 03:30:00,12978,7294.9838743236842
2015-05-03 04:00:00,11055,7644.5169190088945
2015-05-03 04:30:00,6345,7964.6792181611581
2015-05-03 05:00:00,4260,6314.0659961770325
2015-05-03 05:30:00,3546,8521.2736836130371
2015-05-03 06:00:00,3491,13783.236926612144
2015-05-03 06:30:00,3979,18523.20139164514
2015-05-03 07:00:00,4618,19618.747306256355
2015-05-03 07:30:00,6235,19266.763875203287
2015-05-03 08:00:00,7416,16484.269326035999
2015-05-03 08:30:00,8867,14009.283179931674
2015-05-03 09:00:00,10052,13866.947290462194
2015-05-03 09:30:00,12339,14904.991318267254
2015-05-03 10:00:00,13474,16978.487828688492
2015-05-03 10:30:00,16466,20800.272069616258
2015-05-03 11:00:00,17460,22860.512298247289
2015-05-03 11:30:00,18088,21477.963175777626
2015-05-03 12:00:00,18949,18621.742680550993
2015-05-03 12:30:00,19865,18869.445860077962
2015-05-03 13:00:00,19980,24556.095626966649
2015-05-03 13:30:00,20241,26249.991876226683
2015-05-03 14:00:00,20633,23202.754137034655
2015-05-03 14:30:00,19814,23599.623845907503
2015-05-03 15:00:00,19602,18891.879204499648
2015-05-03 15:30:00,19368,19745.822778162768
2015-05-03 16:00:00,18818,19184.063144805361
2015-05-03 16:30:00,18061,21059.8330551115
2015-05-03 17:00:00,18863,21972.899983092768
2015-05-03 17:30:00,20618,20564.551770468279
2015-05-03 18:00:00,20514,18968.358799144353
2015-05-03 18:30:00,20951,19652.592514390391
2015-05-03 19:00:00,20201,21153.100033610415
2015-05-03 19:30:00,18527,19858.339331300613
2015-05-03 20:00:00,17841,18397.77557794311
2015-05-03 20:30:00,17694,17518.605983950929
2015-05-03 21:00:00,16762,18958.756060404594
2015-05-03 21:30:00,16064,14382.571871546632
2015-05-03 22:00:00,15495,17063.614848115754
2015-05-03 22:30:00,13973,16442.230878281156
2015-05-03 23:00:00,12940,15663.185480331258
2015-05-03 23:30:00,10933,16843.657043661937
2015-05-04 00:00:00,8403,13561.359222844374
2015-05-04 00:30:00,6188,11143.094186942095
2015-05-04 01:00:00,4763,7116.2635273625147
2015-05-04 01:30:00,3985,3028.3214988119416
2015-05-04 02:00:00,2979,2330.3834766802083
2015-05-04 02:30:00,2484,2745.9286537320477
2015-05-04 03:00:00,1950,5290.6584193700091
2015-05-04 03:30:00,1849,8839.3289836295153
2015-05-04 04:00:00,2144,7931.6712543842896
2015-05-04 04:30:00,2197,11564.780362272631
2015-05-04 05:00:00,2633,8325.4241030996091
2015-05-04 05:30:00,4523,11400.275691875417
2015-05-04 06:00:00,6537,13552.117581042583
2015-05-04 06:30:00,11251,14916.301007010848
2015-05-04 07:00:00,13606,17835.731788039571
2015-05-04 07:30:00,17461,14987.971594362474
2015-05-04 08:00:00,18034,20667.04411724423
2015-05-04 08:30:00,17429,16876.170261293697
2015-05-04 09:00:00,17100,16061.147916839962
2015-05-04 09:30:00,15826,14190.995154744352
2015-05-04 10:00:00,15148,19789.199830423673
2015-05-04 10:30:00,14788,18674.476589233727
2015-05-04 11:00:00,14682,22521.576069670413
2015-05-04 11:30:00,15344,19569.408152621516
2015-05-04 12:00:00,15777,23662.175944417468
2015-05-04 12:30:00,15715,20759.146444119666
2015-05-04 13:00:00,15489,19980.02604358305
2015-05-04 13:30:00,16399,21259.391837129486
2015-05-04 14:00:00,16853,22306.080908418939
2015-05-04 14:30:00,17723,21352.098032773894
2015-05-04 15:00:00,17296,16486.172806540591
2015-05-04 15:30:00,16313,17339.078809458722
2015-05-04 16:00:00,14428,18177.767483572654
2015-05-04 16:30:00,14578,20190.00056528395
2015-05-04 17:00:00,16483,23004.883442741135
2015-05-04 17:30:00,18690,23348.659394790142
2015-05-04 18:00:00,21213,22060.327538477297
2015-05-04 18:30:00,22084,21811.201138480559
2015-05-04 19:00:00,21673,20135.028654626069
2015-05-04 19:30:00,19515,20339.259837800844
2015-05-04 20:00:00,19705,22583.531264545516
2015-05-04 20:30:00,19866,18373.252751744098
2015-05-04 21:00:00,20222,18537.186340796052
2015-05-04 21:30:00,19662,15306.225872193501
2015-05-04 22:00:00,18782,12689.839078840385
2015-05-04 22:30:00,16864,12477.893062903324
2015-05-04 23:00:00,14136,12071.553576730275
2015-05-04 23:30:00,12369,11638.321807325408
2015-05-05 00:00:00,9687,8491.6120426645939
2015-05-05 00:30:00,7458,5217.3049669453558
2015-05-05 01:00:00,5746,2224.9261406940932
2015-05-05 01:30:00,4675,6309.0131232239783
2015-05-05 02:00:00,3690,2309.3947155141868
2015-05-05 02:30:00,2901,5108.9131287780692
2015-05-05 03:00:00,2099,8405.1396708308275
2015-05-05 03:30:00,1807,11490.627647060481
2015-05-05 04:00:00,2029,12901.973170282148
2015-05-05 04:30:00,1877,12265.486839622256
2015-05-05 05:00:00,2215,12702.492352345675
2015-05-05 05:30:00,4283,13235.515099541266
2015-05-05 06:00:00,6721,15704.397113006913
2015-05-05 06:30:00,11297,12100.044516980983
2015-05-05 07:00:00,14715,8950.408533919177
2015-05-05 07:30:00,18389,12539.281798241671
2015-05-05 08:00:00,19133,14761.157316495581
2015-05-05 08:30:00,19097,14216.291189740788
2015-05-05 09:00:00,18780,14607.207962875282
2015-05-05 09:30:00,17859,17048.99468253498
2015-05-05 10:00:00,16445,22211.99438351456
2015-05-05 10:30:00,16272,18769.98230727909
2015-05-05 11:00:00,15717,15368.662332287207
2015-05-05 11:30:00,17142,12067.199875196115
2015-05-05 12:00:00,17343,11715.150354018026
2015-05-05 12:30:00,17076,12961.785819224835
2015-05-05 13:00:00,16185,17320.086183322659
2015-05-05 13:30:00,17793,19915.174699783362
2015-05-05 14:00:00,18245,20405.227399404117
2015-05-05 14:30:00,18438,18288.041040928336
2015-05-05 15:00:00,18568,16729.804670308735
2015-05-05 15:30:00,16399,13704.925365729134
2015-05-05 16:00:00,15388,15928.985544884697
2015-05-05 16:30:00,14336,16526.271286459512
2015-05-05 17:00:00,17027,17932.792174138231
2015-05-05 17:30:00,20350,20510.078710207454
2015-05-05 18:00:00,22404,21007.371088054802
2015-05-05 18:30:00,23200,21435.039761949378
2015-05-05 19:00:00,23480,21744.137083991212
2015-05-05 19:30:00,22683,22927.784624613487
2015-05-05 20:00:00,23235,19224.69951179875
2015-05-05 20:30:00,23171,16563.728419105966
2015-05-05 21:00:00,23311,10360.143765617846
2015-05-05 21:30:00,23329,5920.586245575405
2015-05-05 22:00:00,23450,3330.4724474311952
2015-05-05 22:30:00,22019,7051.4507561870187
2015-05-05 23:00:00,19747,8221.7346852628871
2015-05-05 23:30:00,17154,9068.0378283344471
2015-05-06 00:00:00,14580,7819.5683651081745
2015-05-06 00:30:00,10804,8036.5814496937428
2015-05-06 01:00:00,8708,5201.0517896195797
2015-05-06 01:30:00,6473,2933.089213702051
2015-05-06 02:00:00,5215,2900.5963375154552
2015-05-06 02:30:00,4181,4004.5756050834279
2015-05-06 03:00:00,3309,3844.7266946628806
2015-05-06 03:30:00,2898,6406.1630302588292
2015-05-06 04:00:00,2890,7560.2857343563428
2015-05-06 04:30:00,2230,8253.3628796258381
2015-05-06 05:00:00,2531,10250.565706285804
2015-05-06 05:30:00,4799,14068.493439894395
2015-05-06 06:00:00,7041,16385.426655741805
2015-05-06 06:30:00,12643,15680.817115866335
2015-05-06 07:00:00,16511,13407.886730268599
2015-05-06 07:30:00,20310,15269.529369482045
2015-05-06 08:00:00,20901,18224.841261028225
2015-05-06 08:30:00,20646,18612.857084296415
2015-05-06 09:00:00,20050,15806.718970478138
2015-05-06 09:30:00,18727,16273.558817353965
2015-05-06 10:00:00,17511,18880.45354247425
2015-05-06 10:30:00,17255,19294.050568258033
2015-05-06 11:00:00,16499,16998.932348871815
2015-05-06 11:30:00,17372,14015.866349744152
2015-05-06 12:00:00,17669,15153.434036406015
2015-05-06 12:30:00,17011,14208.852239090653
2015-05-06 13:00:00,16451,16458.821845816004
2015-05-06 13:30:00,17470,17681.100556864636
2015-05-06 14:00:00,17855,18476.807550206562
2015-05-06 14:30:00,18135,17451.598241356438
2015-05-06 15:00:00,17860,16734.39086453366
2015-05-06 15:30:00,15493,15976.494178124494
2015-05-06 16:00:00,14557,19006.723195385588
2015-05-06 16:30:00,13565,21234.084416795449
2015-05-06 17:00:00,15956,22030.309255106935
2015-05-06 17:30:00,19081,21361.816816036888
2015-05-06 18:00:00,21259,19351.878851507969
2015-05-06 18:30:00,22722,20722.50328171852
2015-05-06 19:00:00,23265,20668.524792015021
2015-05-06 19:30:00,22554,22242.508121464991
2015-05-06 20:00:00,22207,22473.198652322415
2015-05-06 20:30:00,22631,20233.407309905546
2015-05-06 21:00:00,23000,13071.784819234488
2015-05-06 21:30:00,22901,7705.8862102191852
2015-05-06 22:00:00,22050,8271.3034504850402
2015-05-06 22:30:00,21329,10883.025409901784
2015-05-06 23:00:00,18720,11867.718214879729
2015-05-06 23:30:00,15603,8174.4062653384372
2015-05-07 00:00:00,12962,6700.7661735440124
2015-05-07 00:30:00,9994,6697.816517588546
2015-05-07 01:00:00,7501,5344.534472729656
2015-05-07 01:30:00,5953,3260.1985972317434
2015-05-07 02:00:00,4628,2667.7349675246169
2015-05-07 02:30:00,3634,5347.7662203606433
2015-05-07 03:00:00,2726,5425.9584727848924
2015-05-07 03:30:00,2522,7594.1334865509798
2015-05-07 04:00:00,2456,8672.8326741204055
2015-05-07 04:30:00,2382,10814.591903221683
2015-05-07 05:00:00,2498,11884.834832716235
2015-05-07 05:30:00,4798,16197.858222489718
2015-05-07 06:00:00,6912,19150.857624866439
2015-05-07 06:30:00,11981,19398.918352431894
2015-05-07 07:00:00,15491,18373.30209138212
2015-05-07 07:30:00,18975,18588.566394769077
2015-05-07 08:00:00,19885,19857.246251419729
2015-05-07 08:30:00,18827,19613.281103869205
2015-05-07 09:00:00,17989,18916.885534238085
2015-05-07 09:30:00,17046,19085.827165565348
2015-05-07 10:00:00,16472,19564.117919597327
2015-05-07 10:30:00,16713,20765.222345353206
2015-05-07 11:00:00,16057,19292.358031419757
2015-05-07 11:30:00,17265,16731.009668795901
2015-05-07 12:00:00,17608,17316.345426460415
2015-05-07 12:30:00,16937,16261.45175076747
2015-05-07 13:00:00,16638,18059.914432693258
2015-05-07 13:30:00,17670,19537.861250821101
2015-05-07 14:00:00,17722,19232.375726820996
2015-05-07 14:30:00,17768,18905.124143152378
2015-05-07 15:00:00,17352,18501.732033261986
2015-05-07 15:30:00,15093,18175.882170261735
2015-05-07 16:00:00,13689,19982.295796067181
2015-05-07 16:30:00,13025,23166.746384469832
2015-05-07 17:00:00,15127,25291.276637823539
2015-05-07 17:30:00,18366,24127.165910340584
2015-05-07 18:00:00,20955,22542.065774350398
2015-05-07 18:30:00,22539,21775.774747209336
2015-05-07 19:00:00,23510,20391.733249289169
2015-05-07 19:30:00,23416,20610.133898004591
2015-05-07 20:00:00,23782,21720.185964816839
2015-05-07 20:30:00,24079,18754.980852820336
2015-05-07 21:00:00,24332,15063.245683364645
2015-05-07 21:30:00,25004,12479.952692616891
2015-05-07 22:00:00,24503,10648.061516272304
2015-05-07 22:30:00,22852,11810.697113155715
2015-05-07 23:00:00,21588,12457.386753723507
2015-05-07 23:30:00,20154,11130.003115922285
2015-05-08 00:00:00,17251,7839.5068732561367
2015-05-08 00:30:00,13567,7703.7911804165797
2015-05-08 01:00:00,11043,7901.958522281353
2015-05-08 01:30:00,8961,4454.6562098974482
2015-05-08 02:00:00,6904,3002.4922486457235
2015-05-08 02:30:00,5788,4409.7622285937396
2015-05-08 03:00:00,4716,5148.7664361771222
2015-05-08 03:30:00,3735,6536.4515759847563
2015-05-08 04:00:00,3988,7717.3218908076351
2015-05-08 04:30:00,3106,9472.0484447928848
2015-05-08 05:00:00,2977,13646.072275965264
2015-05-08 05:30:00,4725,17647.749822922495
2015-05-08 06:00:00,6880,19719.352866024397
2015-05-08 06:30:00,11364,19866.036688892298
2015-05-08 07:00:00,14767,19190.236268207162
2015-05-08 07:30:00,18049,17930.261367054703
2015-05-08 08:00:00,18458,18150.048465490385
2015-05-08 08:30:00,18467,18967.10423508707
2015-05-08 09:00:00,17052,17675.830467692344
2015-05-08 09:30:00,16493,17482.510411391955
2015-05-08 10:00:00,15972,17543.940915096733
2015-05-08 10:30:00,16098,16380.404618519258
2015-05-08 11:00:00,15719,15500.750677780898
2015-05-08 11:30:00,17266,13969.066325619751
2015-05-08 12:00:00,17532,15841.174358693253
2015-05-08 12:30:00,16530,14946.167773764479
2015-05-08 13:00:00,16276,16976.468708164793
2015-05-08 13:30:00,16939,17696.485882635447
2015-05-08 14:00:00,17989,17807.249466569687
2015-05-08 14:30:00,17881,16159.425629878018
2015-05-08 15:00:00,17222,16167.668164069191
2015-05-08 15:30:00,15015,17409.878636200134
2015-05-08 16:00:00,13314,19018.228240067681
2015-05-08 16:30:00,12458,21945.730006297232
2015-05-08 17:00:00,15032,23602.950926272773
2015-05-08 17:30:00,17914,23820.152000111855
2015-05-08 18:00:00,20808,23022.937268466478
2015-05-08 18:30:00,22117,22084.112758553194
2015-05-08 19:00:00,24476,21332.077425243289
2015-05-08 19:30:00,24057,21993.276059389242
2015-05-08 20:00:00,22659,24554.693714476605
2015-05-08 20:30:00,22860,22779.167181109508
2015-05-08 21:00:00,23133,19361.122755548902
2015-05-08 21:30:00,23103,15182.831466730093
2015-05-08 22:00:00,23976,10060.934046480805
2015-05-08 22:30:00,25017,10871.506892086869
2015-05-08 23:00:00,23860,11842.931204889985
2015-05-08 23:30:00,23672,12303.911874961586
2015-05-09 00:00:00,22440,10883.143430377953
2015-05-09 00:30:00,20719,9035.891847867857
2015-05-09 01:00:00,19850,11296.20231698846
2015-05-09 01:30:00,18042,9449.7708201741953
2015-05-09 02:00:00,16238,6395.9383329249868
2015-05-09 02:30:00,13967,5500.3144545073428
2015-05-09 03:00:00,12080,4748.0308636927821
2015-05-09 03:30:00,10025,5933.1805315677939
2015-05-09 04:00:00,8950,7342.4795249617591
2015-05-09 04:30:00,5387,7038.0163435805907
2015-05-09 05:00:00,3943,9034.7561422405979
2015-05-09 05:30:00,3422,13492.050783524517
2015-05-09 06:00:00,3686,15808.233133378604
2015-05-09 06:30:00,4829,17660.349837937425
2015-05-09 07:00:00,5133,17514.913065157107
2015-05-09 07:30:00,7329,16715.253188046285
2015-05-09 08:00:00,8485,14933.884221064669
2015-05-09 08:30:00,12068,14875.392854524443
2015-05-09 09:00:00,13508,17316.790722980437
2015-05-09 09:30:00,16784,19355.193686147744
2015-05-09 10:00:00,17216,21123.995346985321
2015-05-09 10:30:00,19394,18676.958420062456
2015-05-09 11:00:00,19200,16602.868053995004
2015-05-09 11:30:00,20919,14081.876678831921
2015-05-09 12:00:00,21421,15090.618802451974
2015-05-09 12:30:00,21517,16352.175707698911
2015-05-09 13:00:00,21579,16058.751463711904
2015-05-09 13:30:00,20524,17299.19216362587
2015-05-09 14:00:00,19662,18603.746478179826
2015-05-09 14:30:00,19877,18420.796861739556
2015-05-09 15:00:00,19546,18221.611765651636
2015-05-09 15:30:00,19410,16933.478577388574
2015-05-09 16:00:00,17940,16597.203038736174
2015-05-09 16:30:00,17112,18389.904225603972
2015-05-09 17:00:00,18964,20153.868679015482
2015-05-09 17:30:00,21773,22983.178372096692
2015-05-09 18:00:00,22649,22435.419981211613
2015-05-09 18:30:00,23335,21376.105271084067
2015-05-09 19:00:00,25149,22957.360469971813
2015-05-09 19:30:00,23694,22893.445265728769
2015-05-09 20:00:00,21337,23723.891813338083
2015-05-09 20:30:00,20956,23722.918964345197
2015-05-09 21:00:00,20007,23556.696774073524
2015-05-09 21:30:00,20809,21837.30399191293
2015-05-09 22:00:00,22085,19671.104899904909
2015-05-09 22:30:00,23407,17185.498551916524
2015-05-09 23:00:00,23104,15892.761145304796
2015-05-09 23:30:00,23315,15597.744315266469
2015-05-10 00:00:00,21761,14595.289409719942
2015-05-10 00:30:00,19933,13221.695991664456
2015-05-10 01:00:00,18852,10620.295492023859
2015-05-10 01:30:00,17299,7705.4595331561486
2015-05-10 02:00:00,16059,7225.9042685854265
2015-05-10 02:30:00,13598,6661.0992513754081
2015-05-10 03:00:00,11801,4649.8829681162297
2015-05-10 03:30:00,10846,5386.1943430475912
2015-05-10 04:00:00,9030,6434.8875356663993
2015-05-10 04:30:00,5621,7174.8642141617556
2015-05-10 05:00:00,3712,6808.1066733740518
2015-05-10 05:30:00,3008,8900.8937471629179
2015-05-10 06:00:00,3238,14353.270675830536
2015-05-10 06:30:00,3994,17775.236997471773
2015-05-10 07:00:00,4310,18060.274989196812
2015-05-10 07:30:00,5789,17400.756725551037
2015-05-10 08:00:00,6293,16127.086013316983
2015-05-10 08:30:00,8646,15014.012861822992
2015-05-10 09:00:00,10373,17600.213198921425
2015-05-10 09:30:00,13615,19167.488291334528
2015-05-10 10:00:00,14958,22087.562123044376
2015-05-10 10:30:00,18289,21184.535794334974
2015-05-10 11:00:00,18195,21255.795519481631
2015-05-10 11:30:00,19884,21082.276609696793
2015-05-10 12:00:00,19741,20265.579660592863
2015-05-10 12:30:00,20223,18568.181825580745
2015-05-10 13:00:00,19606,21163.521439645254
2015-05-10 13:30:00,19970,19857.417047087009
2015-05-10 14:00:00,20209,20406.648329153522
2015-05-10 14:30:00,19839,20176.192779184705
2015-05-10 15:00:00,18567,19548.241490799854
2015-05-10 15:30:00,18315,21006.825451080978
2015-05-10 16:00:00,17240,20083.459217422285
2015-05-10 16:30:00,16972,19159.084414494027
2015-05-10 17:00:00,18005,17358.941337459473
2015-05-10 17:30:00,18755,19383.976762042363
2015-05-10 18:00:00,19204,19750.339210425787
2015-05-10 18:30:00,18906,19649.618044724113
2015-05-10 19:00:00,18333,19707.698358636702
2015-05-10 19:30:00,16939,18530.964174706292
2015-05-10 20:00:00,17479,18590.005052907436
2015-05-10 20:30:00,17497,17928.949059136423
2015-05-10 21:00:00,16905,17259.315073888014
2015-05-10 21:30:00,15615,15717.49628108176
2015-05-10 22:00:00,15653,15727.289838565066
2015-05-10 22:30:00,14328,14688.547652468756
2015-05-10 23:00:00,12489,10533.151911452629
2015-05-10 23:30:00,10395,9889.5699994236584
2015-05-11 00:00:00,8267,9587.7975440762111
2015-05-11 00:30:00,6547,7132.1069055745484
2015-05-11 01:00:00,4869,5386.1329130481299
2015-05-11 01:30:00,3516,4640.879344703455
2015-05-11 02:00:00,3109,2260.0236308748135
2015-05-11 02:30:00,2409,2007.5149235876943
2015-05-11 03:00:00,1846,548.60898759145493
2015-05-11 03:30:00,1661,3843.5958571599967
2015-05-11 04:00:00,2069,4789.1977116776943
2015-05-11 04:30:00,2117,8673.1658958609114
2015-05-11 05:00:00,2521,7994.4454933665911
2015-05-11 05:30:00,4786,13068.966211435483
2015-05-11 06:00:00,6933,15201.999990707296
2015-05-11 06:30:00,11413,15120.880821604826
2015-05-11 07:00:00,14072,15357.821106222798
2015-05-11 07:30:00,17057,15833.717384907686
2015-05-11 08:00:00,18001,18572.084481837948
2015-05-11 08:30:00,17842,17329.723408925838
2015-05-11 09:00:00,17102,15588.314114038705
2015-05-11 09:30:00,16209,13046.271040480176
2015-05-11 10:00:00,15326,15032.835348203072
2015-05-11 10:30:00,15081,14930.268866348692
2015-05-11 11:00:00,15135,23393.468566433858
2015-05-11 11:30:00,16308,22381.002307320232
2015-05-11 12:00:00,16244,24598.331407442474
2015-05-11 12:30:00,16457,22101.072684421273
2015-05-11 13:00:00,16045,21121.251345012788
2015-05-11 13:30:00,16803,18572.034139792326
2015-05-11 14:00:00,17427,19102.010364647173
2015-05-11 14:30:00,18303,15474.036167724598
2015-05-11 15:00:00,18731,13923.777167101984
2015-05-11 15:30:00,17830,14591.734121526324
2015-05-11 16:00:00,15222,15831.869725756937
2015-05-11 16:30:00,14290,19849.524892980146
2015-05-11 17:00:00,16529,21372.280748147306
2015-05-11 17:30:00,18781,23691.725904917563
2015-05-11 18:00:00,21172,19871.914429279826
2015-05-11 18:30:00,21804,18691.533948508612
2015-05-11 19:00:00,21413,17953.947962730723
2015-05-11 19:30:00,20527,18823.294733710783
2015-05-11 20:00:00,20418,18451.006218626477
2015-05-11 20:30:00,20451,17538.117542844688
2015-05-11 21:00:00,20042,17575.472274830718
2015-05-11 21:30:00,19449,15159.707154803615
2015-05-11 22:00:00,18689,10794.877175060077
2015-05-11 22:30:00,17057,9684.9139751637667
2015-05-11 23:00:00,14592,8527.3984192444368
2015-05-11 23:30:00,12201,6723.0166431689413
2015-05-12 00:00:00,10402,4562.958173189807
2015-05-12 00:30:00,8160,-71.569788198086826
2015-05-12 01:00:00,6312,789.20570973855683
2015-05-12 01:30:00,4667,2743.7909958700002
2015-05-12 02:00:00,3760,4678.010743965322
2015-05-12 02:30:00,2753,4979.7484682461109
2015-05-12 03:00:00,2227,8417.9767947599503
2015-05-12 03:30:00,1850,11639.664834329886
2015-05-12 04:00:00,1910,14470.538124255871
2015-05-12 04:30:00,1865,15887.61638620882
2015-05-12 05:00:00,2268,14856.475996939014
2015-05-12 05:30:00,4598,15694.817995644627
2015-05-12 06:00:00,6596,15771.091271587122
2015-05-12 06:30:00,11539,13500.151817591988
2015-05-12 07:00:00,14443,12350.263906232241
2015-05-12 07:30:00,18480,13508.33124183823
2015-05-12 08:00:00,19060,16278.847588639481
2015-05-12 08:30:00,18572,16103.279850597641
2015-05-12 09:00:00,18031,17071.49353074019
2015-05-12 09:30:00,17425,16525.267850852884
2015-05-12 10:00:00,16592,21104.27770499601
2015-05-12 10:30:00,16484,18446.752952565163
2015-05-12 11:00:00,15992,16928.617474159393
2015-05-12 11:30:00,17150,15004.007695808592
2015-05-12 12:00:00,17135,13349.356519133558
2015-05-12 12:30:00,16431,14116.521539153075
2015-05-12 13:00:00,16410,17034.379149820736
2015-05-12 13:30:00,17074,19407.147971354523
2015-05-12 14:00:00,17981,18437.504703472874
2015-05-12 14:30:00,18356,17048.08468306101
2015-05-12 15:00:00,18138,15913.95150416373
2015-05-12 15:30:00,16025,13476.377312255245
2015-05-12 16:00:00,14147,15861.013283931214
2015-05-12 16:30:00,14088,18435.832377470593
2015-05-12 17:00:00,16620,18052.525309437016
2015-05-12 17:30:00,19137,18840.840216674853
2015-05-12 18:00:00,21541,19176.054554470003
2015-05-12 18:30:00,22705,19935.057440765788
2015-05-12 19:00:00,22257,21390.725723216001
2015-05-12 19:30:00,21756,22936.194179174301
2015-05-12 20:00:00,22073,21760.931927567544
2015-05-12 20:30:00,22250,18625.260549857354
2015-05-12 21:00:00,22704,10373.627719761687
2015-05-12 21:30:00,22389,7836.7091298250643
2015-05-12 22:00:00,21931,6809.3813653305169
2015-05-12 22:30:00,20745,7775.6151796116983
2015-05-12 23:00:00,19284,7908.3188561824081
2015-05-12 23:30:00,15684,7487.2451178616511
2015-05-13 00:00:00,12810,6805.9614576751137
2015-05-13 00:30:00,9863,5567.2118799586042
2015-05-13 01:00:00,7648,3070.6596367005968
2015-05-13 01:30:00,5767,1781.508362087272
2015-05-13 02:00:00,4490,3045.0321404406659
2015-05-13 02:30:00,3561,6413.2706721311679
2015-05-13 03:00:00,2954,6346.5302067191624
2015-05-13 03:30:00,2457,8999.1205691235446
2015-05-13 04:00:00,2563,10137.575330657855
2015-05-13 04:30:00,2214,11600.861718057571
2015-05-13 05:00:00,2712,13436.600274058559
2015-05-13 05:30:00,4724,15030.994511741063
2015-05-13 06:00:00,7028,16138.961746674198
2015-05-13 06:30:00,11965,15489.997647977571
2015-05-13 07:00:00,15252,13661.38315955281
2015-05-13 07:30:00,19342,15784.467675461734
2015-05-13 08:00:00,19418,18301.781269640971
2015-05-13 08:30:00,19134,18531.027252921071
2015-05-13 09:00:00,17886,17262.730131366461
2015-05-13 09:30:00,17682,16266.937240672045
2015-05-13 10:00:00,16629,19285.104366428452
2015-05-13 10:30:00,16397,19243.484997312746
2015-05-13 11:00:00,16390,18110.286043710392
2015-05-13 11:30:00,17556,16144.21924628204
2015-05-13 12:00:00,16908,14742.79862534365
2015-05-13 12:30:00,16271,15073.642430522696
2015-05-13 13:00:00,16500,17203.498604842098
2015-05-13 13:30:00,16817,17683.47916765642
2015-05-13 14:00:00,16746,17415.929846498548
2015-05-13 14:30:00,17309,16513.035073364957
2015-05-13 15:00:00,16951,16958.941394465965
2015-05-13 15:30:00,15182,17436.690186341322
2015-05-13 16:00:00,13896,19672.958458635061
2015-05-13 16:30:00,12865,22680.20867699552
2015-05-13 17:00:00,15493,21545.782007836377
2015-05-13 17:30:00,18878,20743.378698853779
2015-05-13 18:00:00,20827,19093.74325625191
2015-05-13 18:30:00,22430,21121.856919646962
2015-05-13 19:00:00,24162,22043.353758701724
2015-05-13 19:30:00,24126,23762.865343180365
2015-05-13 20:00:00,24057,24852.942407991464
2015-05-13 20:30:00,24185,19865.213840931312
2015-05-13 21:00:00,24347,11909.510020331691
2015-05-13 21:30:00,23864,9326.0884185250306
2015-05-13 22:00:00,23369,9933.78888423022
2015-05-13 22:30:00,22315,10542.804973094415
2015-05-13 23:00:00,22288,10703.51923341578
2015-05-13 23:30:00,19455,8763.3137695502046
2015-05-14 00:00:00,16123,6159.1369288453607
2015-05-14 00:30:00,11987,5798.6586099175784
2015-05-14 01:00:00,9262,4327.6913046874142
2015-05-14 01:30:00,6965,2166.4746512740494
2015-05-14 02:00:00,5596,1764.4367688575094
2015-05-14 02:30:00,4223,4004.1039814726682
2015-05-14 03:00:00,3325,4997.0419362546145
2015-05-14 03:30:00,3030,6799.8054665368381
2015-05-14 04:00:00,3116,7576.2139518872154
2015-05-14 04:30:00,2565,10742.014750219078
2015-05-14 05:00:00,2701,14780.466932739058
2015-05-14 05:30:00,4619,16480.839640659931
2015-05-14 06:00:00,7143,18299.408774714651
2015-05-14 06:30:00,12434,18551.596331973138
2015-05-14 07:00:00,15546,17138.039475537666
2015-05-14 07:30:00,19076,17521.42838318654
2015-05-14 08:00:00,19883,18546.952512287509
2015-05-14 08:30:00,18981,19410.680954602176
2015-05-14 09:00:00,18446,18153.784323793112
2015-05-14 09:30:00,18042,17677.541073553788
2015-05-14 10:00:00,16990,18072.812394839082
2015-05-14 10:30:00,17201,16769.277609219309
2015-05-14 11:00:00,16880,18053.926618553392
2015-05-14 11:30:00,17336,17413.905725703771
2015-05-14 12:00:00,17462,16940.555309629704
2015-05-14 12:30:00,17500,14375.166958374217
2015-05-14 13:00:00,16837,15983.026195180923
2015-05-14 13:30:00,17601,17083.752333701887
2015-05-14 14:00:00,18021,16861.560704013718
2015-05-14 14:30:00,18284,17163.074707641437
2015-05-14 15:00:00,16996,17003.523682433661
2015-05-14 15:30:00,14250,17408.391198284444
2015-05-14 16:00:00,12683,20109.433805703087
2015-05-14 16:30:00,11380,23298.207065308805
2015-05-14 17:00:00,13856,23831.817205083229
2015-05-14 17:30:00,16873,23844.147099960413
2015-05-14 18:00:00,19354,22849.032595715467
2015-05-14 18:30:00,21460,22845.559082717162
2015-05-14 19:00:00,22600,22184.812525349975
2015-05-14 19:30:00,23234,23543.301876328187
2015-05-14 20:00:00,23103,24776.30748740982
2015-05-14 20:30:00,24031,22623.641475102726
2015-05-14 21:00:00,24589,14421.462404263544
2015-05-14 21:30:00,24240,11513.174013822234
2015-05-14 22:00:00,22927,10516.973773075513
2015-05-14 22:30:00,22702,12569.387934047354
2015-05-14 23:00:00,20916,12970.509987523472
2015-05-14 23:30:00,19602,11700.17632984991
2015-05-15 00:00:00,17741,9106.4479358650351
2015-05-15 00:30:00,15277,7655.7308769037581
2015-05-15 01:00:00,12074,7871.3470077393831
2015-05-15 01:30:00,10003,5299.2558967798359
2015-05-15 02:00:00,8226,2907.3837672022928
2015-05-15 02:30:00,6280,4325.3732513035047
2015-05-15 03:00:00,5504,4506.0395402705253
2015-05-15 03:30:00,4314,5833.5368241126325
2015-05-15 04:00:00,4381,5729.8861722436432
2015-05-15 04:30:00,3265,8023.9574265278361
2015-05-15 05:00:00,2975,14053.79433015048
2015-05-15 05:30:00,4920,17577.315477365399
2015-05-15 06:00:00,6903,19171.464911775591
2015-05-15 06:30:00,11433,19779.173398489158
2015-05-15 07:00:00,14543,20286.060682110689
2015-05-15 07:30:00,17942,17481.739750917379
2015-05-15 08:00:00,18797,18000.963178548882
2015-05-15 08:30:00,18128,18934.029350419529
2015-05-15 09:00:00,18169,17519.024102542528
2015-05-15 09:30:00,17561,17704.570809095618
2015-05-15 10:00:00,16791,18059.354600671395
2015-05-15 10:30:00,16826,17147.218878746153
2015-05-15 11:00:00,16799,17124.970173415022
2015-05-15 11:30:00,17741,17175.876178570896
2015-05-15 12:00:00,17084,17045.61499857196
2015-05-15 12:30:00,16220,14530.80852401345
2015-05-15 13:00:00,15316,15471.107797512392
2015-05-15 13:30:00,15443,16380.642910225824
2015-05-15 14:00:00,16566,16305.156788203944
2015-05-15 14:30:00,16670,16108.534568702271
2015-05-15 15:00:00,15744,15697.592144151598
2015-05-15 15:30:00,14150,17889.126985529325
2015-05-15 16:00:00,13011,19256.343948136353
2015-05-15 16:30:00,12276,21468.771569529588
2015-05-15 17:00:00,15542,26130.804334165769
2015-05-15 17:30:00,18925,24772.476529737018
2015-05-15 18:00:00,21547,23586.245302216143
2015-05-15 18:30:00,24100,23311.14394217512
2015-05-15 19:00:00,25677,22591.664907635823
2015-05-15 19:30:00,25689,23065.797833606917
2015-05-15 20:00:00,24347,24215.773851118509
2015-05-15 20:30:00,24983,21251.321833941365
2015-05-15 21:00:00,25807,17085.917029133616
2015-05-15 21:30:00,24899,15164.93204893395
2015-05-15 22:00:00,24961,13871.265819613036
2015-05-15 22:30:00,25124,12511.579739123345
2015-05-15 23:00:00,24029,12831.924310780718
2015-05-15 23:30:00,23016,12992.009992854157
2015-05-16 00:00:00,22361,9136.4724826623096
2015-05-16 00:30:00,20216,7070.9993036795559
2015-05-16 01:00:00,19054,9542.0021199674084
2015-05-16 01:30:00,17704,9855.488573485045
2015-05-16 02:00:00,17238,7642.4294094902843
2015-05-16 02:30:00,15046,6734.8595545086318
2015-05-16 03:00:00,12296,6869.7330368740695
2015-05-16 03:30:00,11062,6816.0294639089789
2015-05-16 04:00:00,9343,7264.044638123275
2015-05-16 04:30:00,5732,6444.7138065220552
2015-05-16 05:00:00,4358,7698.6683063386909
2015-05-16 05:30:00,4601,12976.93838029849
2015-05-16 06:00:00,4780,14969.282431762755
2015-05-16 06:30:00,5559,18532.920568851223
2015-05-16 07:00:00,5231,17967.048456240143
2015-05-16 07:30:00,7283,17884.324639848972
2015-05-16 08:00:00,9959,16384.375100278208
2015-05-16 08:30:00,13706,15270.429517913703
2015-05-16 09:00:00,13962,17296.945063924082
2015-05-16 09:30:00,16608,19020.433496850055
2015-05-16 10:00:00,17239,19095.730179705482
2015-05-16 10:30:00,18908,14872.440754848483
2015-05-16 11:00:00,19073,13247.023017336738
2015-05-16 11:30:00,20159,12830.635557325941
2015-05-16 12:00:00,20061,12609.046721440285
2015-05-16 12:30:00,20673,13976.779584932334
2015-05-16 13:00:00,21503,15772.112218787039
2015-05-16 13:30:00,19911,17632.121947287163
2015-05-16 14:00:00,19489,18832.310562309831
2015-05-16 14:30:00,19500,17774.221949606617
2015-05-16 15:00:00,19578,18632.225836152968
2015-05-16 15:30:00,19265,18450.210038766421
2015-05-16 16:00:00,17684,18353.689310194408
2015-05-16 16:30:00,16319,19821.51580656083
2015-05-16 17:00:00,18085,22722.249062332688
2015-05-16 17:30:00,20552,24506.883670331212
2015-05-16 18:00:00,21975,24335.102918285425
2015-05-16 18:30:00,23399,22107.461412295223
2015-05-16 19:00:00,24911,21761.230566733531
2015-05-16 19:30:00,24223,21535.154905360738
2015-05-16 20:00:00,25327,23216.044112040916
2015-05-16 20:30:00,24021,24033.659821465961
2015-05-16 21:00:00,25011,22792.149331432585
2015-05-16 21:30:00,25311,20150.904356270723
2015-05-16 22:00:00,26029,18468.388067333155
2015-05-16 22:30:00,24577,18320.071692319572
2015-05-16 23:00:00,23371,16072.557223818683
2015-05-16 23:30:00,22992,14827.921140555643
2015-05-17 00:00:00,22856,13391.056795375804
2015-05-17 00:30:00,20462,13484.79891302824
2015-05-17 01:00:00,18917,12255.347145051492
2015-05-17 01:30:00,18014,9485.526698863192
2015-05-17 02:00:00,17555,8617.5699122591359
2015-05-17 02:30:00,15304,7745.0523273736353
2015-05-17 03:00:00,13312,6528.9049453731113
2015-05-17 03:30:00,11436,6455.2514096171672
2015-05-17 04:00:00,9621,6801.0532630942016
2015-05-17 04:30:00,5822,8211.6031162892177
2015-05-17 05:00:00,4228,7350.6550438002487
2015-05-17 05:30:00,3156,10245.723441810322
2015-05-17 06:00:00,3262,15287.75773176521
2015-05-17 06:30:00,4177,18888.054763183725
2015-05-17 07:00:00,4257,19374.852416532864
2015-05-17 07:30:00,6102,18709.309344443049
2015-05-17 08:00:00,7221,18810.327624329111
2015-05-17 08:30:00,9522,16821.24113962808
2015-05-17 09:00:00,11247,17782.607393485738
2015-05-17 09:30:00,14257,18979.211206191601
2015-05-17 10:00:00,16233,21264.903638031454
2015-05-17 10:30:00,18374,20859.787292972858
2015-05-17 11:00:00,18769,20887.142436997183
2015-05-17 11:30:00,19541,20449.774877959389
2015-05-17 12:00:00,20337,18885.044595356587
2015-05-17 12:30:00,20343,17224.643744450135
2015-05-17 13:00:00,19913,20893.015396665127
2015-05-17 13:30:00,20166,22443.706733453844
2015-05-17 14:00:00,20423,21556.710780809903
2015-05-17 14:30:00,19950,19873.077629268086
2015-05-17 15:00:00,19310,19726.087232375357
2015-05-17 15:30:00,18771,20782.584724978198
2015-05-17 16:00:00,17524,20642.757073231191
2015-05-17 16:30:00,16787,20179.005610700762
2015-05-17 17:00:00,17591,19196.451645607885
2015-05-17 17:30:00,19087,19369.817497810134
2015-05-17 18:00:00,19788,21170.093705724725
2015-05-17 18:30:00,20144,21719.969443083966
2015-05-17 19:00:00,19329,21178.654364839222
2015-05-17 19:30:00,18682,18823.062666734484
2015-05-17 20:00:00,17152,19928.097208602623
2015-05-17 20:30:00,17890,18834.815178344266
2015-05-17 21:00:00,17223,16739.053859844491
2015-05-17 21:30:00,16640,15220.340140616765
2015-05-17 22:00:00,15984,15182.246106230383
2015-05-17 22:30:00,15284,15312.663632899938
2015-05-17 23:00:00,14268,12782.368760944077
2015-05-17 23:30:00,11824,13315.845210227506
2015-05-18 00:00:00,9467,12509.610997839358
2015-05-18 00:30:00,7348,8892.703107949299
2015-05-18 01:00:00,5575,5598.5930974571402
2015-05-18 01:30:00,3989,5097.2823962532311
2015-05-18 02:00:00,3585,4599.313703380496
2015-05-18 02:30:00,3140,5025.082714214288
2015-05-18 03:00:00,2359,2342.3715505885411
2015-05-18 03:30:00,2049,5708.790564474104
2015-05-18 04:00:00,2418,7041.9847403971189
2015-05-18 04:30:00,2314,7656.7704991255396
2015-05-18 05:00:00,2878,7533.4881561466982
2015-05-18 05:30:00,4749,12549.03430008583
2015-05-18 06:00:00,6808,15518.340542269578
2015-05-18 06:30:00,10773,16791.79281921186
2015-05-18 07:00:00,13669,18075.830942441629
2015-05-18 07:30:00,16378,18778.051314216307
2015-05-18 08:00:00,17010,17678.619758970272
2015-05-18 08:30:00,16773,17468.350358989421
2015-05-18 09:00:00,16100,14689.476727563313
2015-05-18 09:30:00,16613,14807.684647721693
2015-05-18 10:00:00,15587,17623.92397104561
2015-05-18 10:30:00,15275,19250.83618999668
2015-05-18 11:00:00,15026,23797.46459904634
2015-05-18 11:30:00,16315,24055.934601029505
2015-05-18 12:00:00,16612,23658.886362909238
2015-05-18 12:30:00,16795,21445.759988841972
2015-05-18 13:00:00,16465,20499.605862538643
2015-05-18 13:30:00,16973,20783.205681861418
2015-05-18 14:00:00,17637,19620.729938859015
2015-05-18 14:30:00,18147,17535.68868971238
2015-05-18 15:00:00,18345,17921.486723954124
2015-05-18 15:30:00,16567,17591.190476058575
2015-05-18 16:00:00,15321,19011.14930212374
2015-05-18 16:30:00,14202,19835.03722131683
2015-05-18 17:00:00,16318,21133.254213731878
2015-05-18 17:30:00,18748,20652.069700575001
2015-05-18 18:00:00,20611,19422.415890238903
2015-05-18 18:30:00,21552,18765.477929689026
2015-05-18 19:00:00,21814,20022.863634803227
2015-05-18 19:30:00,21835,20792.772096565706
2015-05-18 20:00:00,20777,21254.870258593903
2015-05-18 20:30:00,20569,19435.072194849505
2015-05-18 21:00:00,21160,19790.146606234597
2015-05-18 21:30:00,20717,14498.942155009785
2015-05-18 22:00:00,20148,12058.989983354259
2015-05-18 22:30:00,19034,11000.742579256657
2015-05-18 23:00:00,16765,9877.3640831160556
2015-05-18 23:30:00,12828,8477.8735956381315
2015-05-19 00:00:00,10996,4218.3884209428543
2015-05-19 00:30:00,8846,813.82690586150602
2015-05-19 01:00:00,7028,1213.9443720078616
2015-05-19 01:30:00,5283,3022.9523845408312
2015-05-19 02:00:00,4490,4516.2019065592685
2015-05-19 02:30:00,3169,6343.1763024043994
2015-05-19 03:00:00,2312,8420.6267160778661
2015-05-19 03:30:00,2111,10466.939179006724
2015-05-19 04:00:00,2246,14215.323908744997
2015-05-19 04:30:00,2000,15441.562575944086
2015-05-19 05:00:00,2348,14396.651534476898
2015-05-19 05:30:00,4461,14703.239830027029
2015-05-19 06:00:00,6836,14921.872498975314
2015-05-19 06:30:00,11865,13072.397965883441
2015-05-19 07:00:00,14665,11439.739734657533
2015-05-19 07:30:00,19181,13104.435942339784
2015-05-19 08:00:00,20508,17589.50920746359
2015-05-19 08:30:00,20219,17878.235149545952
2015-05-19 09:00:00,19798,19372.135999559865
2015-05-19 09:30:00,18672,17138.918141541926
2015-05-19 10:00:00,16789,19812.031717353217
2015-05-19 10:30:00,16586,18117.932794256187
2015-05-19 11:00:00,16313,16797.913834573097
2015-05-19 11:30:00,18065,15483.572610278768
2015-05-19 12:00:00,17897,12641.325385135857
2015-05-19 12:30:00,17435,12120.952399622194
2015-05-19 13:00:00,16645,16544.296484866918
2015-05-19 13:30:00,17630,19549.826276502361
2015-05-19 14:00:00,18302,18605.176815218063
2015-05-19 14:30:00,18166,16901.558368415299
2015-05-19 15:00:00,18510,15957.975718853655
2015-05-19 15:30:00,15743,13978.642242580239
2015-05-19 16:00:00,14259,14879.599837294803
2015-05-19 16:30:00,13210,18814.071584390647
2015-05-19 17:00:00,16136,19505.047826271621
2015-05-19 17:30:00,19004,21828.945054885742
2015-05-19 18:00:00,21252,19943.751998834283
2015-05-19 18:30:00,22808,21496.5435091623
2015-05-19 19:00:00,23309,22496.945671486767
2015-05-19 19:30:00,22966,23176.322896546331
2015-05-19 20:00:00,22210,21315.353814159527
2015-05-19 20:30:00,21998,18011.984634255543
2015-05-19 21:00:00,22882,11186.029189594892
2015-05-19 21:30:00,21746,7575.8796060816348
2015-05-19 22:00:00,21733,7019.1327329914648
2015-05-19 22:30:00,20045,6995.150296392615
2015-05-19 23:00:00,18736,7169.773876558248
2015-05-19 23:30:00,16878,7548.3834554707691
2015-05-20 00:00:00,13818,6032.4950707103089
2015-05-20 00:30:00,10456,6972.8565405785203
2015-05-20 01:00:00,8086,3423.9695841447556
2015-05-20 01:30:00,5762,2107.8832799432912
2015-05-20 02:00:00,4917,1971.245483821127
2015-05-20 02:30:00,3874,5765.3036741926044
2015-05-20 03:00:00,3113,6734.8916210149764
2015-05-20 03:30:00,2659,8805.9010610499645
2015-05-20 04:00:00,2765,9613.1547516649061
2015-05-20 04:30:00,2523,13451.347370731133
2015-05-20 05:00:00,2781,14586.803706022734
2015-05-20 05:30:00,4686,15761.345807593721
2015-05-20 06:00:00,7029,16657.393128345073
2015-05-20 06:30:00,12084,16271.035928309229
2015-05-20 07:00:00,15276,14561.561059291054
2015-05-20 07:30:00,19112,15583.249562557936
2015-05-20 08:00:00,20097,18188.167207302547
2015-05-20 08:30:00,19649,18071.991864618027
2015-05-20 09:00:00,18939,17867.99258074832
2015-05-20 09:30:00,18092,18030.732112234698
2015-05-20 10:00:00,16845,19966.536640045793
2015-05-20 10:30:00,16803,19949.304569242311
2015-05-20 11:00:00,16448,19070.225966745566
2015-05-20 11:30:00,17872,16878.372382401405
2015-05-20 12:00:00,17984,14578.937271698809
2015-05-20 12:30:00,17162,14093.282823753882
2015-05-20 13:00:00,17356,16038.889666509353
2015-05-20 13:30:00,17377,18651.34336567227
2015-05-20 14:00:00,17407,18513.38801320826
2015-05-20 14:30:00,18165,17474.068485619533
2015-05-20 15:00:00,17768,17501.794944587433
2015-05-20 15:30:00,15780,16674.108560363384
2015-05-20 16:00:00,13859,18685.554682708993
2015-05-20 16:30:00,12843,22935.671141730912
2015-05-20 17:00:00,15440,22491.051343721247
2015-05-20 17:30:00,17766,21932.488931601842
2015-05-20 18:00:00,20454,20093.376983390321
2015-05-20 18:30:00,21608,21321.179218881807
2015-05-20 19:00:00,23506,21041.222811448857
2015-05-20 19:30:00,24208,21717.099722417985
2015-05-20 20:00:00,23727,23835.297724503318
2015-05-20 20:30:00,23627,21839.051656061485
2015-05-20 21:00:00,24353,13838.601706828655
2015-05-20 21:30:00,23829,10505.628338528943
2015-05-20 22:00:00,22896,9899.2332411548632
2015-05-20 22:30:00,22379,10824.39984272431
2015-05-20 23:00:00,21322,11345.187390551513
2015-05-20 23:30:00,17828,8400.2191280788393
2015-05-21 00:00:00,14647,4882.1442105930128
2015-05-21 00:30:00,11343,6436.4000379393892
2015-05-21 01:00:00,9110,5367.5232743339348
2015-05-21 01:30:00,6847,2437.7792931823351
2015-05-21 02:00:00,5600,2026.262522919702
2015-05-21 02:30:00,4332,5067.1611281737896
2015-05-21 03:00:00,3353,5455.2552819945449
2015-05-21 03:30:00,2938,7067.1753429079154
2015-05-21 04:00:00,3016,7654.5289643868482
2015-05-21 04:30:00,2557,10716.783742358224
2015-05-21 05:00:00,2805,13718.148429800747
2015-05-21 05:30:00,4589,16758.274247287474
2015-05-21 06:00:00,7103,18591.9363200589
2015-05-21 06:30:00,11830,19762.868774013688
2015-05-21 07:00:00,15258,19160.33948389543
2015-05-21 07:30:00,19136,18462.538922046631
2015-05-21 08:00:00,19376,19155.859369791153
2015-05-21 08:30:00,19470,20398.026964015164
2015-05-21 09:00:00,19164,19845.848058952444
2015-05-21 09:30:00,18410,18974.739769802971
2015-05-21 10:00:00,17415,19244.361438522788
2015-05-21 10:30:00,17469,18425.125933297808
2015-05-21 11:00:00,16402,18129.278530527394
2015-05-21 11:30:00,18226,17276.238216047161
2015-05-21 12:00:00,18069,17051.380174039852
2015-05-21 12:30:00,17688,14809.420097884182
2015-05-21 13:00:00,17816,15881.044622366724
2015-05-21 13:30:00,18444,17163.196770295472
2015-05-21 14:00:00,18803,16702.146023901292
2015-05-21 14:30:00,18763,17566.922470208992
2015-05-21 15:00:00,18273,17192.991077377792
2015-05-21 15:30:00,15476,17243.559249328315
2015-05-21 16:00:00,13588,17384.791675190856
2015-05-21 16:30:00,12388,20958.114666309652
2015-05-21 17:00:00,15550,24286.867837838676
2015-05-21 17:30:00,18394,24076.534228338714
2015-05-21 18:00:00,20775,23097.064263316555
2015-05-21 18:30:00,22525,22686.312798375831
2015-05-21 19:00:00,23389,22120.639238942906
2015-05-21 19:30:00,23417,21950.970405985769
2015-05-21 20:00:00,23027,22348.837522828224
2015-05-21 20:30:00,23284,20429.336774550047
2015-05-21 21:00:00,23789,14035.808609537273
2015-05-21 21:30:00,23776,12955.249519523815
2015-05-21 22:00:00,23432,10692.111559150409
2015-05-21 22:30:00,21437,11682.504531109667
2015-05-21 23:00:00,21492,11640.716826181993
2015-05-21 23:30:00,19984,11073.733525103868
2015-05-22 00:00:00,17649,6967.3594986122671
2015-05-22 00:30:00,14612,6887.8398790894271
2015-05-22 01:00:00,11889,7836.9783526525853
2015-05-22 01:30:00,9360,4719.07982332758
2015-05-22 02:00:00,8036,2769.2717592170738
2015-05-22 02:30:00,6769,4051.5309042702738
2015-05-22 03:00:00,5431,5647.0891261530032
2015-05-22 03:30:00,4528,7299.6657450550629
2015-05-22 04:00:00,4331,7527.0640072701681
2015-05-22 04:30:00,3389,9793.9942719585524
2015-05-22 05:00:00,3484,14551.901483358326
2015-05-22 05:30:00,5054,18292.028448593606
2015-05-22 06:00:00,7180,19228.431351795516
2015-05-22 06:30:00,10657,19662.837193243962
2015-05-22 07:00:00,13007,19327.050285066885
2015-05-22 07:30:00,16575,17354.921271348714
2015-05-22 08:00:00,17159,16780.547884605356
2015-05-22 08:30:00,17595,16680.634133810836
2015-05-22 09:00:00,16854,17828.106672835234
2015-05-22 09:30:00,16737,18117.049229397879
2015-05-22 10:00:00,15763,19230.145683553619
2015-05-22 10:30:00,15337,19226.294441735023
2015-05-22 11:00:00,15235,18288.861230999963
2015-05-22 11:30:00,16333,17300.365656996266
2015-05-22 12:00:00,17050,17343.38670725454
2015-05-22 12:30:00,16283,15575.720378773822
2015-05-22 13:00:00,16546,16120.163525616597
2015-05-22 13:30:00,15964,17693.627747842107
2015-05-22 14:00:00,17243,18321.064780314893
2015-05-22 14:30:00,17693,17536.144566827152
2015-05-22 15:00:00,17253,17537.814388478771
2015-05-22 15:30:00,14965,19327.631896871841
2015-05-22 16:00:00,13536,20096.344548558478
2015-05-22 16:30:00,12856,21979.688694841454
2015-05-22 17:00:00,15604,24063.901181801055
2015-05-22 17:30:00,18090,23693.19095785197
2015-05-22 18:00:00,19553,22135.548437907011
2015-05-22 18:30:00,20221,22096.77008569445
2015-05-22 19:00:00,21497,20880.955220683525
2015-05-22 19:30:00,20663,21037.005664663131
2015-05-22 20:00:00,19264,22500.896477738355
2015-05-22 20:30:00,18390,22442.668037318235
2015-05-22 21:00:00,18791,19910.902044020422
2015-05-22 21:30:00,19464,14455.029487950076
2015-05-22 22:00:00,20403,10849.015820483966
2015-05-22 22:30:00,21859,11668.162956840977
2015-05-22 23:00:00,21603,12919.800003778928
2015-05-22 23:30:00,20969,12678.126151333883
2015-05-23 00:00:00,20378,8799.5298495050629
2015-05-23 00:30:00,18878,7631.9699982001766
2015-05-23 01:00:00,16879,7777.8384629100519
2015-05-23 01:30:00,15008,6725.3471434277708
2015-05-23 02:00:00,13681,5129.6974110797983
2015-05-23 02:30:00,12046,5282.0763059020701
2015-05-23 03:00:00,10458,4711.6978725279096
2015-05-23 03:30:00,8876,6198.4979960216442
2015-05-23 04:00:00,7995,6362.2941508603017
2015-05-23 04:30:00,5240,6888.9233660913824
2015-05-23 05:00:00,4026,9079.9917867351833
2015-05-23 05:30:00,3456,15218.155385215658
2015-05-23 06:00:00,3845,16493.589481000061
2015-05-23 06:30:00,4222,17052.146166818547
2015-05-23 07:00:00,4816,16007.115174391814
2015-05-23 07:30:00,6479,14757.517428662348
2015-05-23 08:00:00,6530,13227.59374079898
2015-05-23 08:30:00,8796,13625.093175145008
2015-05-23 09:00:00,10060,15476.677903780708
2015-05-23 09:30:00,12145,17382.802365506031
2015-05-23 10:00:00,12802,19425.944678969398
2015-05-23 10:30:00,14234,18532.187291759696
2015-05-23 11:00:00,14714,17633.396536657645
2015-05-23 11:30:00,15318,16245.135843228702
2015-05-23 12:00:00,15922,14677.919980814588
2015-05-23 12:30:00,16308,15435.605820365068
2015-05-23 13:00:00,16874,13626.538182385211
2015-05-23 13:30:00,16899,15375.81130063471
2015-05-23 14:00:00,16107,16740.965871855919
2015-05-23 14:30:00,16072,19441.257644865618
2015-05-23 15:00:00,16464,20023.475610105175
2015-05-23 15:30:00,16481,19585.493703302054
2015-05-23 16:00:00,16146,18318.385847682785
2015-05-23 16:30:00,15837,18288.789105106123
2015-05-23 17:00:00,16894,18746.025784579862
2015-05-23 17:30:00,18869,18566.692463174459
2015-05-23 18:00:00,19196,18988.669688066511
2015-05-23 18:30:00,19337,18388.400293011633
2015-05-23 19:00:00,20783,20365.761697637849
2015-05-23 19:30:00,19665,20465.153522513159
2015-05-23 20:00:00,17178,22840.42078245234
2015-05-23 20:30:00,17627,23200.199413523871
2015-05-23 21:00:00,17742,22510.479703603702
2015-05-23 21:30:00,18045,19098.507505332225
2015-05-23 22:00:00,19426,16952.128378813097
2015-05-23 22:30:00,19593,13831.121541824796
2015-05-23 23:00:00,19379,12894.252874184192
2015-05-23 23:30:00,19446,13119.242841855188
2015-05-24 00:00:00,18996,9523.4922531020493
2015-05-24 00:30:00,17571,8188.8476887073475
2015-05-24 01:00:00,16078,6711.6161537108092
2015-05-24 01:30:00,14191,6000.0703103812957
2015-05-24 02:00:00,12933,4485.4206304281433
2015-05-24 02:30:00,11160,3505.0000995790979
2015-05-24 03:00:00,9928,1932.8235865472761
2015-05-24 03:30:00,8895,2981.5651874612849
2015-05-24 04:00:00,8141,3934.5844802451666
2015-05-24 04:30:00,5068,4938.3654625688469
2015-05-24 05:00:00,3344,5306.738226333724
2015-05-24 05:30:00,2499,6182.3839573271143
2015-05-24 06:00:00,2631,11079.141601297575
2015-05-24 06:30:00,2957,13931.629026956825
2015-05-24 07:00:00,3614,12882.972379984178
2015-05-24 07:30:00,4385,12458.081204686279
2015-05-24 08:00:00,4710,12169.236566283951
2015-05-24 08:30:00,6185,11890.079934187044
2015-05-24 09:00:00,7382,14400.287164093939
2015-05-24 09:30:00,9357,15440.909215796617
2015-05-24 10:00:00,10832,16628.686680678777
2015-05-24 10:30:00,13037,18191.456630194301
2015-05-24 11:00:00,12878,19316.63912703282
2015-05-24 11:30:00,14110,19119.078283121176
2015-05-24 12:00:00,14125,17209.134084625617
2015-05-24 12:30:00,15249,13461.350656076736
2015-05-24 13:00:00,15642,14020.117998040289
2015-05-24 13:30:00,16266,13876.748536770638
2015-05-24 14:00:00,16898,14229.822964024077
2015-05-24 14:30:00,16403,16559.395203775402
2015-05-24 15:00:00,15270,17549.89759277516
2015-05-24 15:30:00,15494,18914.692099914777
2015-05-24 16:00:00,14817,19551.783111883149
2015-05-24 16:30:00,15220,18018.593007160616
2015-05-24 17:00:00,16056,17043.150007255899
2015-05-24 17:30:00,17066,16254.41990470083
2015-05-24 18:00:00,16879,15963.204224126532
2015-05-24 18:30:00,17535,16770.021248832818
2015-05-24 19:00:00,16614,16928.017087593173
2015-05-24 19:30:00,16196,17085.106272316836
2015-05-24 20:00:00,15014,17082.552571577115
2015-05-24 20:30:00,15147,16772.250633790496
2015-05-24 21:00:00,14997,15725.160808016311
2015-05-24 21:30:00,15064,15770.452885015648
2015-05-24 22:00:00,14822,17428.164442484886
2015-05-24 22:30:00,15502,15512.775258284584
2015-05-24 23:00:00,15516,13636.545340123763
2015-05-24 23:30:00,15043,12497.968750018599
2015-05-25 00:00:00,13804,8425.6137436224508
2015-05-25 00:30:00,11772,6738.4945125182057
2015-05-25 01:00:00,9902,5110.6503714599967
2015-05-25 01:30:00,8377,4115.670147626246
2015-05-25 02:00:00,7335,390.31908972295969
2015-05-25 02:30:00,6118,1468.6960458343437
2015-05-25 03:00:00,5006,1247.0150792866207
2015-05-25 03:30:00,4665,2542.1914947804798
2015-05-25 04:00:00,4083,4324.5414773387529
2015-05-25 04:30:00,3106,6560.4203147676271
2015-05-25 05:00:00,2466,6234.0158174069129
2015-05-25 05:30:00,2436,10190.925267935949
2015-05-25 06:00:00,2673,12681.247901429972
2015-05-25 06:30:00,3034,11812.843401031019
2015-05-25 07:00:00,3226,11068.734062406354
2015-05-25 07:30:00,4018,10579.139134477366
2015-05-25 08:00:00,4398,10635.955730781017
2015-05-25 08:30:00,5340,10674.5933585682
2015-05-25 09:00:00,6566,12097.676133103048
2015-05-25 09:30:00,8158,13079.888152734675
2015-05-25 10:00:00,9072,16169.124940306936
2015-05-25 10:30:00,10311,16327.893489660404
2015-05-25 11:00:00,10938,16497.794593315826
2015-05-25 11:30:00,12741,15434.700257274271
2015-05-25 12:00:00,13381,14884.411778696842
2015-05-25 12:30:00,13930,14662.552341715633
2015-05-25 13:00:00,14235,15613.454598885155
2015-05-25 13:30:00,15079,15596.545507923724
2015-05-25 14:00:00,15061,15963.719657189817
2015-05-25 14:30:00,15917,15552.361479513045
2015-05-25 15:00:00,16226,16210.456499745007
2015-05-25 15:30:00,15877,16850.446300088017
2015-05-25 16:00:00,16014,16882.687515673177
2015-05-25 16:30:00,15257,17438.221215087113
2015-05-25 17:00:00,16474,16005.200476839802
2015-05-25 17:30:00,16955,14118.902133152673
2015-05-25 18:00:00,17307,13095.191887958354
2015-05-25 18:30:00,17316,12566.648683561407
2015-05-25 19:00:00,17415,13926.16158893779
2015-05-25 19:30:00,16543,14662.573698767272
2015-05-25 20:00:00,14979,15545.489348826761
2015-05-25 20:30:00,16181,14038.87263223546
2015-05-25 21:00:00,16052,13569.55516951824
2015-05-25 21:30:00,15786,12537.092225070275
2015-05-25 22:00:00,14905,11795.918496977596
2015-05-25 22:30:00,13514,8763.1281764168252
2015-05-25 23:00:00,11213,6871.842978957131
2015-05-25 23:30:00,10038,4827.3383246404319
2015-05-26 00:00:00,7895,2481.0609488898044
2015-05-26 00:30:00,5916,1103.9653366616549
2015-05-26 01:00:00,4341,585.07942085150717
2015-05-26 01:30:00,3137,704.78625729598389
2015-05-26 02:00:00,2767,1214.9577045543592
2015-05-26 02:30:00,2056,2130.7737073047847
2015-05-26 03:00:00,1589,2499.9288675507596
2015-05-26 03:30:00,1504,4317.6450489877043
2015-05-26 04:00:00,1779,6289.417435812049
2015-05-26 04:30:00,1973,8304.8864078105635
2015-05-26 05:00:00,2290,10374.150902998597
2015-05-26 05:30:00,4517,12789.6907058328
2015-05-26 06:00:00,6848,13889.891380539775
2015-05-26 06:30:00,10935,13832.192167068179
2015-05-26 07:00:00,13478,13563.523686775859
2015-05-26 07:30:00,16871,14140.36254079858
2015-05-26 08:00:00,17140,15372.949008128428
2015-05-26 08:30:00,17455,16469.248335694443
2015-05-26 09:00:00,16577,16853.413460596246
2015-05-26 09:30:00,15996,15356.298130323486
2015-05-26 10:00:00,14840,13856.678556176063
2015-05-26 10:30:00,15201,11442.513258905206
2015-05-26 11:00:00,14677,13068.233861752575
2015-05-26 11:30:00,15773,14548.95298271894
2015-05-26 12:00:00,15794,15535.266598558524
2015-05-26 12:30:00,16127,15934.587287613391
2015-05-26 13:00:00,15933,15191.193291164751
2015-05-26 13:30:00,17003,13814.854815610259
2015-05-26 14:00:00,17655,10902.836903563923
2015-05-26 14:30:00,18363,12050.996020279303
2015-05-26 15:00:00,18096,11967.878356784118
2015-05-26 15:30:00,16401,13938.876808492101
2015-05-26 16:00:00,15107,15459.400603139014
2015-05-26 16:30:00,14585,16231.971246383368
2015-05-26 17:00:00,16469,16455.477034198517
2015-05-26 17:30:00,18790,16528.721379773549
2015-05-26 18:00:00,21113,14357.351009024713
2015-05-26 18:30:00,21980,15122.447668819677
2015-05-26 19:00:00,21255,15360.035421391485
2015-05-26 19:30:00,19612,14368.727268887586
2015-05-26 20:00:00,19340,12848.131459201655
2015-05-26 20:30:00,19462,12384.676952144549
2015-05-26 21:00:00,19808,10999.604907111101
2015-05-26 21:30:00,19696,10002.510170460046
2015-05-26 22:00:00,18800,7222.6771321012366
2015-05-26 22:30:00,16503,6010.7090537133681
2015-05-26 23:00:00,15789,5620.937944490579
2015-05-26 23:30:00,11699,5118.6904465155658
2015-05-27 00:00:00,9685,3139.6857115070889
2015-05-27 00:30:00,7061,2225.4396448105144
2015-05-27 01:00:00,5550,1360.6204096997444
2015-05-27 01:30:00,4380,1932.678676987889
2015-05-27 02:00:00,3456,2274.5032587803689
2015-05-27 02:30:00,2912,3954.4927811855632
2015-05-27 03:00:00,2412,6052.500743282988
2015-05-27 03:30:00,2274,9732.8396394899701
2015-05-27 04:00:00,2036,11975.724508143674
2015-05-27 04:30:00,1968,14575.419517105993
2015-05-27 05:00:00,2338,14074.996519332595
2015-05-27 05:30:00,4285,14323.119157699135
2015-05-27 06:00:00,6585,14872.235906587015
2015-05-27 06:30:00,11992,14245.89300167199
2015-05-27 07:00:00,14935,16209.494562474272
2015-05-27 07:30:00,18599,17022.603515118328
2015-05-27 08:00:00,19211,16961.065566040565
2015-05-27 08:30:00,19430,17087.811963775439
2015-05-27 09:00:00,18191,18001.394336849091
2015-05-27 09:30:00,17292,18137.429093755687
2015-05-27 10:00:00,16531,20519.080072087414
2015-05-27 10:30:00,16420,17520.804418237756
2015-05-27 11:00:00,15994,16270.059334861075
2015-05-27 11:30:00,17207,14708.9214217518
2015-05-27 12:00:00,17273,15389.521055316398
2015-05-27 12:30:00,16300,15164.339574725822
2015-05-27 13:00:00,16619,15621.997561004466
2015-05-27 13:30:00,16969,17332.562007812394
2015-05-27 14:00:00,17466,17416.153795062655
2015-05-27 14:30:00,17483,16436.922298137921
2015-05-27 15:00:00,17194,16899.378147369262
2015-05-27 15:30:00,15227,17246.13957502773
2015-05-27 16:00:00,13596,18672.225957640512
2015-05-27 16:30:00,12959,18006.307216505229
2015-05-27 17:00:00,14856,17332.161201787727
2015-05-27 17:30:00,17651,18462.455368934836
2015-05-27 18:00:00,19798,18828.241835749814
2015-05-27 18:30:00,22522,20619.641775330645
2015-05-27 19:00:00,22600,20861.172949894928
2015-05-27 19:30:00,23755,23383.351557098329
2015-05-27 20:00:00,23213,20056.483163299083
2015-05-27 20:30:00,22589,14477.528241770415
2015-05-27 21:00:00,21560,9933.7917931246448
2015-05-27 21:30:00,22426,7395.3286281286128
2015-05-27 22:00:00,21610,6028.4922669725911
2015-05-27 22:30:00,19885,7082.4554769168417
2015-05-27 23:00:00,17909,8491.4522076894846
2015-05-27 23:30:00,14531,8219.0408884441149
2015-05-28 00:00:00,12906,7196.9583586402796
2015-05-28 00:30:00,9640,6534.2277546927489
2015-05-28 01:00:00,7711,3375.7307323996065
2015-05-28 01:30:00,5759,2845.6653217559415
2015-05-28 02:00:00,4544,2788.5964760712268
2015-05-28 02:30:00,3571,5969.907267373459
2015-05-28 03:00:00,2819,6278.1432382105904
2015-05-28 03:30:00,2259,8901.3022136804175
2015-05-28 04:00:00,2342,10087.111674822732
2015-05-28 04:30:00,2230,13101.32449342865
2015-05-28 05:00:00,2476,14573.115990474502
2015-05-28 05:30:00,4486,14831.636921417548
2015-05-28 06:00:00,6585,13985.810192435038
2015-05-28 06:30:00,11784,12941.370727279522
2015-05-28 07:00:00,15053,13845.477668813888
2015-05-28 07:30:00,19170,14674.959886580356
2015-05-28 08:00:00,19692,17227.691689886189
2015-05-28 08:30:00,19396,17713.239942504952
2015-05-28 09:00:00,18733,18553.826472446122
2015-05-28 09:30:00,18055,19367.579616868898
2015-05-28 10:00:00,17096,21073.978232554648
2015-05-28 10:30:00,16942,18056.421178201792
2015-05-28 11:00:00,16276,16379.227555134967
2015-05-28 11:30:00,17440,14588.262118146078
2015-05-28 12:00:00,17485,14363.427562072684
2015-05-28 12:30:00,16975,15035.454829910044
2015-05-28 13:00:00,16799,15806.046261514268
2015-05-28 13:30:00,17492,17055.380125474654
2015-05-28 14:00:00,17972,16297.825628469382
2015-05-28 14:30:00,18135,16165.141369556892
2015-05-28 15:00:00,17827,16751.784885341058
2015-05-28 15:30:00,15524,17569.270144924929
2015-05-28 16:00:00,13882,19834.482661603055
2015-05-28 16:30:00,12909,20831.283230259502
2015-05-28 17:00:00,15975,20472.281888643978
2015-05-28 17:30:00,18012,20855.950095751708
2015-05-28 18:00:00,20583,21835.387237155846
2015-05-28 18:30:00,22106,22475.492145014538
2015-05-28 19:00:00,23121,22271.542178228508
2015-05-28 19:30:00,23052,23215.643146709466
2015-05-28 20:00:00,22204,23414.356598435104
2015-05-28 20:30:00,21765,20085.399094282249
2015-05-28 21:00:00,22791,14756.252859224849
2015-05-28 21:30:00,22922,11456.321069548434
2015-05-28 22:00:00,21467,8054.9538473910525
2015-05-28 22:30:00,20677,8757.8150346943239
2015-05-28 23:00:00,19451,9488.4096183091424
2015-05-28 23:30:00,18179,8541.7926493821469
2015-05-29 00:00:00,16561,6531.4993320888443
2015-05-29 00:30:00,13308,6962.4400525387882
2015-05-29 01:00:00,10893,5580.5741773810969
2015-05-29 01:30:00,8605,4292.4176955063194
2015-05-29 02:00:00,7212,3304.6755649453244
2015-05-29 02:30:00,5631,5117.5776861577469
2015-05-29 03:00:00,4930,5422.357317843047
2015-05-29 03:30:00,4179,6808.790635673653
2015-05-29 04:00:00,4098,7298.1041881385645
2015-05-29 04:30:00,3007,10183.171678225259
2015-05-29 05:00:00,3182,15365.539174424433
2015-05-29 05:30:00,4848,16933.618087645522
2015-05-29 06:00:00,6881,16293.293816301322
2015-05-29 06:30:00,10967,15868.724823671355
2015-05-29 07:00:00,14056,16380.395011930003
2015-05-29 07:30:00,18055,16014.433683399462
2015-05-29 08:00:00,18789,16809.756430198278
2015-05-29 08:30:00,18609,18118.915086762834
2015-05-29 09:00:00,17841,19927.0966511673
2015-05-29 09:30:00,17315,19927.701056405487
2015-05-29 10:00:00,16020,19753.618355855135
2015-05-29 10:30:00,16135,17280.963395614799
2015-05-29 11:00:00,15976,15299.993937697805
2015-05-29 11:30:00,16874,14768.546424110953
2015-05-29 12:00:00,16731,15382.772014697861
2015-05-29 12:30:00,16156,16082.312436131115
2015-05-29 13:00:00,16111,15815.09049291482
2015-05-29 13:30:00,16143,17151.094757866431
2015-05-29 14:00:00,17015,16761.157502634818
2015-05-29 14:30:00,17053,15816.592353791857
2015-05-29 15:00:00,16265,16093.330111477968
2015-05-29 15:30:00,14820,18356.409063143459
2015-05-29 16:00:00,13737,20062.910373068007
2015-05-29 16:30:00,12913,22074.170697787573
2015-05-29 17:00:00,15399,21291.896282932703
2015-05-29 17:30:00,18307,21116.980267454739
2015-05-29 18:00:00,20691,21892.821440374799
2015-05-29 18:30:00,22628,22460.464679216966
2015-05-29 19:00:00,24805,21863.174577522728
2015-05-29 19:30:00,23933,22059.203082642911
2015-05-29 20:00:00,22099,23754.172935144787
2015-05-29 20:30:00,22123,22022.551340382201
2015-05-29 21:00:00,22097,16955.638127297094
2015-05-29 21:30:00,22085,13761.057728763439
2015-05-29 22:00:00,22525,10187.125553585793
2015-05-29 22:30:00,24167,10575.426976787679
2015-05-29 23:00:00,24120,12022.193100995073
2015-05-29 23:30:00,22614,13074.29421666133
2015-05-30 00:00:00,21960,9304.0837091158828
2015-05-30 00:30:00,20954,10833.998644900788
2015-05-30 01:00:00,20197,11023.243775199197
2015-05-30 01:30:00,18293,9207.0430918766961
2015-05-30 02:00:00,16561,7736.1070984011094
2015-05-30 02:30:00,14536,7794.0378653256812
2015-05-30 03:00:00,12219,7207.5753118363764
2015-05-30 03:30:00,10836,6955.5294160233789
2015-05-30 04:00:00,9190,6335.0579901884812
2015-05-30 04:30:00,5603,8269.4259009101406
2015-05-30 05:00:00,3813,12425.445835262779
2015-05-30 05:30:00,3287,15045.448254625924
2015-05-30 06:00:00,3396,15645.656234795233
2015-05-30 06:30:00,4573,17489.925201327187
2015-05-30 07:00:00,4880,15874.692695329424
2015-05-30 07:30:00,7361,15051.606711197768
2015-05-30 08:00:00,8876,15382.970230001692
2015-05-30 08:30:00,11843,15622.784124897076
2015-05-30 09:00:00,12943,17571.349356105384
2015-05-30 09:30:00,15385,17757.941587635523
2015-05-30 10:00:00,16747,19060.752364258293
2015-05-30 10:30:00,18736,16107.694179928338
2015-05-30 11:00:00,18252,14240.592543942428
2015-05-30 11:30:00,18723,12608.149043983411
2015-05-30 12:00:00,19112,12920.246000791751
2015-05-30 12:30:00,19718,13680.729264323485
2015-05-30 13:00:00,20143,15578.692188759553
2015-05-30 13:30:00,19782,16772.665044186349
2015-05-30 14:00:00,18893,17000.602943393216
2015-05-30 14:30:00,19258,18246.556327936232
2015-05-30 15:00:00,18828,17768.737491185471
2015-05-30 15:30:00,18334,18108.960589451955
2015-05-30 16:00:00,16559,18691.062726443866
2015-05-30 16:30:00,15770,19923.315627047177
2015-05-30 17:00:00,17330,21607.572390330177
2015-05-30 17:30:00,20080,21362.65035996971
2015-05-30 18:00:00,21331,21459.422776589287
2015-05-30 18:30:00,21799,20241.040534846179
2015-05-30 19:00:00,22929,21427.374733372631
2015-05-30 19:30:00,21975,22688.272671197519
2015-05-30 20:00:00,19983,25004.823013152032
2015-05-30 20:30:00,19320,25944.543239213737
2015-05-30 21:00:00,20306,24516.134075338196
2015-05-30 21:30:00,20852,22670.899104602981
2015-05-30 22:00:00,21953,18722.410481830586
2015-05-30 22:30:00,23214,15589.981686218474
2015-05-30 23:00:00,23845,15043.094081968384
2015-05-30 23:30:00,23211,15991.087485361835
2015-05-31 00:00:00,22618,13558.31722884147
2015-05-31 00:30:00,21473,14538.397157905898
2015-05-31 01:00:00,20561,13522.625820565081
2015-05-31 01:30:00,19049,10636.949852884027
2015-05-31 02:00:00,17974,8535.8257893514201
2015-05-31 02:30:00,16132,7841.6096107300364
2015-05-31 03:00:00,13458,6348.5975963433903
2015-05-31 03:30:00,11754,5129.7931978963952
2015-05-31 04:00:00,9725,5568.3495814267717
2015-05-31 04:30:00,6086,6306.0924120365817
2015-05-31 05:00:00,4053,6715.2627461337979
2015-05-31 05:30:00,3138,7875.7950231289233
2015-05-31 06:00:00,2926,13568.157799948531
2015-05-31 06:30:00,3688,17171.223751201833
2015-05-31 07:00:00,3849,16305.237460486265
2015-05-31 07:30:00,4931,14991.053680647618
2015-05-31 08:00:00,5942,14353.107225282698
2015-05-31 08:30:00,8305,13729.166429574418
2015-05-31 09:00:00,9556,15993.255459333182
2015-05-31 09:30:00,12563,17869.442297675872
2015-05-31 10:00:00,13788,20796.234805346357
2015-05-31 10:30:00,15672,20901.327961301402
2015-05-31 11:00:00,15630,20463.245643774295
2015-05-31 11:30:00,16863,19421.763759759331
2015-05-31 12:00:00,17315,18999.278974530051
2015-05-31 12:30:00,17517,16942.295040030425
2015-05-31 13:00:00,17691,18207.796318037068
2015-05-31 13:30:00,17616,19710.578453253442
2015-05-31 14:00:00,18166,19362.524770197266
2015-05-31 14:30:00,16628,19267.989447091248
2015-05-31 15:00:00,15509,19834.760252121996
2015-05-31 15:30:00,14831,19873.398507741989
2015-05-31 16:00:00,14530,18924.762526507293
2015-05-31 16:30:00,12726,19229.056423317095
2015-05-31 17:00:00,13353,18207.48843742401
2015-05-31 17:30:00,14695,17355.985358449154
2015-05-31 18:00:00,14605,18169.934644457509
2015-05-31 18:30:00,14957,19388.969288606462
2015-05-31 19:00:00,15052,21305.103705005855
2015-05-31 19:30:00,14938,20041.351700775624
2015-05-31 20:00:00,14810,20024.866603236253
2015-05-31 20:30:00,14658,19555.096502407461
2015-05-31 21:00:00,14120,18537.539388957357
2015-05-31 21:30:00,13127,17511.117097572645
2015-05-31 22:00:00,12406,16346.489143792645
2015-05-31 22:30:00,13180,16209.561782363149
2015-05-31 23:00:00,12114,15428.802355328506
2015-05-31 23:30:00,9147,14517.981110901741
2015-06-01 00:00:00,8418,11960.151005274314
2015-06-01 00:30:00,6821,11005.961804858143
2015-06-01 01:00:00,5727,8511.3625282038502
2015-06-01 01:30:00,5104,5147.5520129917077
2015-06-01 02:00:00,4323,1829.4947630660245
2015-06-01 02:30:00,2789,2754.1251250353835
2015-06-01 03:00:00,2333,3206.436525214107
2015-06-01 03:30:00,1910,5800.7677312299347
2015-06-01 04:00:00,2184,6862.0903363687576
2015-06-01 04:30:00,2252,9667.4502858110209
2015-06-01 05:00:00,2665,8221.2848890498753
2015-06-01 05:30:00,4693,11987.437259241635
2015-06-01 06:00:00,6891,16061.007699126974
2015-06-01 06:30:00,11898,15541.108231042694
2015-06-01 07:00:00,13774,16018.566638211702
2015-06-01 07:30:00,16681,15709.333534154646
2015-06-01 08:00:00,17897,17308.256513776425
2015-06-01 08:30:00,17443,15724.899891192041
2015-06-01 09:00:00,16614,16018.872068032255
2015-06-01 09:30:00,15966,12776.431885443433
2015-06-01 10:00:00,16202,16086.596637043613
2015-06-01 10:30:00,17484,16407.854028658519
2015-06-01 11:00:00,17421,22246.544869607162
2015-06-01 11:30:00,17032,23580.809217378999
2015-06-01 12:00:00,16496,24628.516122953857
2015-06-01 12:30:00,15925,21313.08802778292
2015-06-01 13:00:00,14743,18215.936300806341
2015-06-01 13:30:00,15525,14127.930726824303
2015-06-01 14:00:00,16484,13259.020380404931
2015-06-01 14:30:00,17048,12157.940210008648
2015-06-01 15:00:00,17067,13232.339213466486
2015-06-01 15:30:00,15958,14522.305810896967
2015-06-01 16:00:00,14306,14485.928607374486
2015-06-01 16:30:00,14905,17512.766127369585
2015-06-01 17:00:00,17068,20617.202077962334
2015-06-01 17:30:00,19210,23150.754226069319
2015-06-01 18:00:00,21005,21841.311195490973
2015-06-01 18:30:00,21464,21459.493172029161
2015-06-01 19:00:00,22921,20547.892465155001
2015-06-01 19:30:00,21489,20293.138927728774
2015-06-01 20:00:00,20266,19468.658322792689
2015-06-01 20:30:00,19794,17921.192752909363
2015-06-01 21:00:00,21070,18879.272469256157
2015-06-01 21:30:00,20160,18096.174352241429
2015-06-01 22:00:00,19613,16079.44437436891
2015-06-01 22:30:00,17787,13990.317397042309
2015-06-01 23:00:00,14312,11533.637512270729
2015-06-01 23:30:00,11484,8639.0647149646284
2015-06-02 00:00:00,9654,4632.3601533262572
2015-06-02 00:30:00,7390,1135.251795043645
2015-06-02 01:00:00,6050,1702.354155463554
2015-06-02 01:30:00,5127,2444.4905228545686
2015-06-02 02:00:00,4020,5433.2827394563064
2015-06-02 02:30:00,2736,8028.4221625938344
2015-06-02 03:00:00,2018,9209.2101804051272
2015-06-02 03:30:00,1868,9818.9520097899076
2015-06-02 04:00:00,1807,11329.704160339119
2015-06-02 04:30:00,1850,14409.791252773206
2015-06-02 05:00:00,2319,13959.485449111104
2015-06-02 05:30:00,4711,13510.216910853014
2015-06-02 06:00:00,6818,13897.044179833758
2015-06-02 06:30:00,12004,12791.199211572561
2015-06-02 07:00:00,15041,12952.102542219169
2015-06-02 07:30:00,17814,14822.371975862594
2015-06-02 08:00:00,19165,17504.91119653331
2015-06-02 08:30:00,19010,17345.570693126036
2015-06-02 09:00:00,18086,18127.940928760981
2015-06-02 09:30:00,17589,15158.052128909676
2015-06-02 10:00:00,16357,15941.425738348556
2015-06-02 10:30:00,15693,13899.976065430299
2015-06-02 11:00:00,15752,14041.795435090809
2015-06-02 11:30:00,16568,12223.133506109119
2015-06-02 12:00:00,17114,10773.634578133437
2015-06-02 12:30:00,16705,12745.836707416205
2015-06-02 13:00:00,17188,18258.250352485193
2015-06-02 13:30:00,17870,20572.837875446912
2015-06-02 14:00:00,17754,18850.193983282348
2015-06-02 14:30:00,19581,15851.732048105148
2015-06-02 15:00:00,19176,14808.04900129986
2015-06-02 15:30:00,15889,13961.282231205314
2015-06-02 16:00:00,13873,16997.600445648375
2015-06-02 16:30:00,13582,20176.074635128592
2015-06-02 17:00:00,16054,19274.719464556423
2015-06-02 17:30:00,18762,20587.829932890014
2015-06-02 18:00:00,21045,20205.550396033123
2015-06-02 18:30:00,22062,20284.931135630308
2015-06-02 19:00:00,22328,20415.744013492051
2015-06-02 19:30:00,22616,21245.470939587161
2015-06-02 20:00:00,22275,20169.392698334519
2015-06-02 20:30:00,22060,16764.946921570994
2015-06-02 21:00:00,22511,6423.5299630326499
2015-06-02 21:30:00,21969,5001.5684675911998
2015-06-02 22:00:00,20796,6587.385806524846
2015-06-02 22:30:00,19025,8854.7237463768088
2015-06-02 23:00:00,16895,8715.9344721387533
2015-06-02 23:30:00,14297,9421.4734797682559
2015-06-03 00:00:00,12219,8519.4424977141462
2015-06-03 00:30:00,8946,7053.9591967277611
2015-06-03 01:00:00,6874,4627.7147121726412
2015-06-03 01:30:00,5100,3406.1847782263358
2015-06-03 02:00:00,4145,3412.2799823152618
2015-06-03 02:30:00,3190,5633.72526020035
2015-06-03 03:00:00,2518,4849.1960780618847
2015-06-03 03:30:00,2129,6017.8341417734573
2015-06-03 04:00:00,2378,7920.8452596462994
2015-06-03 04:30:00,1995,11749.687862053584
2015-06-03 05:00:00,2340,12888.415087045609
2015-06-03 05:30:00,4401,13857.064282388286
2015-06-03 06:00:00,6405,14620.319891033119
2015-06-03 06:30:00,11517,14112.525119773165
2015-06-03 07:00:00,15059,13911.195942195447
2015-06-03 07:30:00,18613,14791.893410550269
2015-06-03 08:00:00,20019,17655.335557349674
2015-06-03 08:30:00,19589,18229.064548471437
2015-06-03 09:00:00,17861,17987.13953960381
2015-06-03 09:30:00,17683,18660.820149476749
2015-06-03 10:00:00,15977,19854.492758170392
2015-06-03 10:30:00,16008,19131.891576402926
2015-06-03 11:00:00,15831,17395.017688324737
2015-06-03 11:30:00,17348,16327.543870380812
2015-06-03 12:00:00,17405,15330.485868175027
2015-06-03 12:30:00,16524,14927.73387167715
2015-06-03 13:00:00,16170,17185.248666949581
2015-06-03 13:30:00,17109,18585.146548344383
2015-06-03 14:00:00,17078,18465.54680521525
2015-06-03 14:30:00,17467,15534.132609343229
2015-06-03 15:00:00,17384,16148.061913014461
2015-06-03 15:30:00,15234,17366.75642475707
2015-06-03 16:00:00,13833,19651.215203015221
2015-06-03 16:30:00,12339,22397.861231224539
2015-06-03 17:00:00,14923,21016.029771717778
2015-06-03 17:30:00,18021,18662.640841687764
2015-06-03 18:00:00,20297,19292.553044749548
2015-06-03 18:30:00,21324,19925.439195172661
2015-06-03 19:00:00,22817,19416.588059431902
2015-06-03 19:30:00,22769,21181.614272950668
2015-06-03 20:00:00,22666,21314.141842080691
2015-06-03 20:30:00,22814,18220.598603864812
2015-06-03 21:00:00,23373,10967.031461145638
2015-06-03 21:30:00,23440,8060.5412691479169
2015-06-03 22:00:00,22208,7603.1930166090578
2015-06-03 22:30:00,21078,10002.361550032496
2015-06-03 23:00:00,20216,10265.202774317084
2015-06-03 23:30:00,17410,8233.7491638417305
2015-06-04 00:00:00,14540,7776.3066902313749
2015-06-04 00:30:00,11750,6713.7300011456427
2015-06-04 01:00:00,8462,4061.9980330512826
2015-06-04 01:30:00,6619,3007.2880760959833
2015-06-04 02:00:00,5162,3179.9676223793376
2015-06-04 02:30:00,4149,5324.0313357849445
2015-06-04 03:00:00,3307,6436.2946221919447
2015-06-04 03:30:00,2786,7278.6199579419927
2015-06-04 04:00:00,2756,7468.9412148644242
2015-06-04 04:30:00,2498,11169.915970385848
2015-06-04 05:00:00,2526,14962.304047129557
2015-06-04 05:30:00,4630,15859.201480649155
2015-06-04 06:00:00,6650,16687.854940211404
2015-06-04 06:30:00,11978,15589.928026745978
2015-06-04 07:00:00,14707,15815.033293605435
2015-06-04 07:30:00,18381,16179.482595495696
2015-06-04 08:00:00,19544,17783.992074425536
2015-06-04 08:30:00,19491,18286.374317785012
2015-06-04 09:00:00,18808,18945.742966539161
2015-06-04 09:30:00,17815,17991.332617805569
2015-06-04 10:00:00,16694,19210.983525668918
2015-06-04 10:30:00,16760,18484.924954750364
2015-06-04 11:00:00,16297,15805.384395502007
2015-06-04 11:30:00,17458,14222.242554472858
2015-06-04 12:00:00,17779,15216.073574787319
2015-06-04 12:30:00,17221,14587.199581909892
2015-06-04 13:00:00,17062,15660.265435032779
2015-06-04 13:30:00,17229,17532.646064786441
2015-06-04 14:00:00,17630,15971.234680274909
2015-06-04 14:30:00,18150,15661.69314689782
2015-06-04 15:00:00,17266,16297.056679803403
2015-06-04 15:30:00,15620,17739.995392083263
2015-06-04 16:00:00,13822,18756.998223340692
2015-06-04 16:30:00,12993,22216.097210846267
2015-06-04 17:00:00,15435,22993.123364687657
2015-06-04 17:30:00,18594,20710.01453278491
2015-06-04 18:00:00,20896,20309.532832150733
2015-06-04 18:30:00,22136,21232.750280212218
2015-06-04 19:00:00,23243,20899.96142870668
2015-06-04 19:30:00,23421,21235.037130940826
2015-06-04 20:00:00,23236,21931.708325554151
2015-06-04 20:30:00,23575,19677.449636279522
2015-06-04 21:00:00,24498,13308.865244591299
2015-06-04 21:30:00,24083,11099.679750690675
2015-06-04 22:00:00,24044,8842.4252778538375
2015-06-04 22:30:00,22979,10564.197563065911
2015-06-04 23:00:00,21693,11830.806604437286
2015-06-04 23:30:00,20970,9975.3784890576044
2015-06-05 00:00:00,20226,7482.6295086374894
2015-06-05 00:30:00,14952,8405.7554826898377
2015-06-05 01:00:00,12203,6979.3076091932753
2015-06-05 01:30:00,9362,5185.1122872789583
2015-06-05 02:00:00,8042,2784.0934106741042
2015-06-05 02:30:00,6445,4006.3310513947818
2015-06-05 03:00:00,5224,5115.4635330811143
2015-06-05 03:30:00,4506,5730.8528298505662
2015-06-05 04:00:00,4140,6329.5298872093917
2015-06-05 04:30:00,3199,9161.6359849575456
2015-06-05 05:00:00,3146,13774.294883103172
2015-06-05 05:30:00,4455,17308.373846038994
2015-06-05 06:00:00,6596,18279.890280435106
2015-06-05 06:30:00,11067,18272.791043998055
2015-06-05 07:00:00,13964,17583.094500349333
2015-06-05 07:30:00,17530,17328.614345599541
2015-06-05 08:00:00,18720,17566.452560921665
2015-06-05 08:30:00,18998,18219.123465430246
2015-06-05 09:00:00,17891,19051.219106235611
2015-06-05 09:30:00,17372,18776.28179662579
2015-06-05 10:00:00,18688,18649.444869837575
2015-06-05 10:30:00,18967,15159.800709920153
2015-06-05 11:00:00,18787,15424.372044546397
2015-06-05 11:30:00,18594,13852.267402285652
2015-06-05 12:00:00,17759,15812.232164159434
2015-06-05 12:30:00,16562,14653.520816907787
2015-06-05 13:00:00,16572,14822.503780223709
2015-06-05 13:30:00,16132,15560.924921870166
2015-06-05 14:00:00,16940,15648.885933026924
2015-06-05 14:30:00,16708,14515.813262632711
2015-06-05 15:00:00,16154,15751.126467238111
2015-06-05 15:30:00,14635,18293.140340994698
2015-06-05 16:00:00,13683,20143.358630609535
2015-06-05 16:30:00,13319,22844.248672718815
2015-06-05 17:00:00,16031,23666.30591909655
2015-06-05 17:30:00,18749,21380.016882947657
2015-06-05 18:00:00,21281,21095.724411958508
2015-06-05 18:30:00,22994,20941.857233794231
2015-06-05 19:00:00,24038,21163.741342949033
2015-06-05 19:30:00,22798,21727.443439125898
2015-06-05 20:00:00,21442,22270.226342976086
2015-06-05 20:30:00,21021,21941.363218873139
2015-06-05 21:00:00,21562,18998.491872509992
2015-06-05 21:30:00,22066,15212.681470924745
2015-06-05 22:00:00,22730,10477.301403942161
2015-06-05 22:30:00,23872,11868.251653587942
2015-06-05 23:00:00,24166,13242.260423634343
2015-06-05 23:30:00,23907,14486.287933736605
2015-06-06 00:00:00,23829,10833.580902162037
2015-06-06 00:30:00,22486,11292.074311539502
2015-06-06 01:00:00,19568,11380.652834347133
2015-06-06 01:30:00,17272,8988.3866728875764
2015-06-06 02:00:00,16490,6625.5576303118323
2015-06-06 02:30:00,14564,6872.69742595969
2015-06-06 03:00:00,12419,5865.9640848904928
2015-06-06 03:30:00,10776,6263.0750059106522
2015-06-06 04:00:00,8964,7316.1461725153113
2015-06-06 04:30:00,5740,7677.9766394887465
2015-06-06 05:00:00,3822,10154.401708849382
2015-06-06 05:30:00,3426,13639.99358335304
2015-06-06 06:00:00,3720,15058.645613714711
2015-06-06 06:30:00,4777,16737.448844508708
2015-06-06 07:00:00,5994,17531.949542177157
2015-06-06 07:30:00,8369,17256.507404992717
2015-06-06 08:00:00,7912,16637.016666642365
2015-06-06 08:30:00,10754,16118.333048263874
2015-06-06 09:00:00,11701,18723.024013573355
2015-06-06 09:30:00,16076,19801.084522891622
2015-06-06 10:00:00,15886,20432.087007037873
2015-06-06 10:30:00,17074,19092.375711375931
2015-06-06 11:00:00,16929,17456.459656384573
2015-06-06 11:30:00,18903,14451.058569421612
2015-06-06 12:00:00,18681,14904.170911484565
2015-06-06 12:30:00,20273,16781.381047822335
2015-06-06 13:00:00,19739,17103.39716584692
2015-06-06 13:30:00,19819,17083.466575027658
2015-06-06 14:00:00,19271,17330.913401849641
2015-06-06 14:30:00,19662,17611.337345405143
2015-06-06 15:00:00,18209,17376.453758658867
2015-06-06 15:30:00,17720,16660.40387425575
2015-06-06 16:00:00,16970,17396.463714878173
2015-06-06 16:30:00,15905,18427.146491591295
2015-06-06 17:00:00,17598,20136.289721468995
2015-06-06 17:30:00,19960,21362.755145076004
2015-06-06 18:00:00,20859,23776.339811527214
2015-06-06 18:30:00,20807,22510.227742122712
2015-06-06 19:00:00,23813,22772.404553263525
2015-06-06 19:30:00,21351,22664.040566350166
2015-06-06 20:00:00,19579,23717.028819279145
2015-06-06 20:30:00,19360,23961.570341670551
2015-06-06 21:00:00,20059,23338.915656157093
2015-06-06 21:30:00,21144,22051.911937754645
2015-06-06 22:00:00,23204,20181.974413077362
2015-06-06 22:30:00,24036,19372.985785297707
2015-06-06 23:00:00,25070,16088.783143984529
2015-06-06 23:30:00,24372,17131.671231709624
2015-06-07 00:00:00,23656,14989.897516669133
2015-06-07 00:30:00,21755,14704.392072609287
2015-06-07 01:00:00,20681,12483.014348864219
2015-06-07 01:30:00,19630,11485.874079621928
2015-06-07 02:00:00,18434,8650.0334429215291
2015-06-07 02:30:00,16666,8361.4444562157405
2015-06-07 03:00:00,14713,6172.180504310476
2015-06-07 03:30:00,12786,6380.2216906809081
2015-06-07 04:00:00,10552,6091.36487728053
2015-06-07 04:30:00,6525,6999.3666979988739
2015-06-07 05:00:00,4019,6915.8700403279872
2015-06-07 05:30:00,3104,6647.453374273111
2015-06-07 06:00:00,3241,12143.342476863767
2015-06-07 06:30:00,3752,15131.596204668742
2015-06-07 07:00:00,4317,15537.936023676481
2015-06-07 07:30:00,5624,14395.834351312746
2015-06-07 08:00:00,6342,14643.419276336615
2015-06-07 08:30:00,8267,14823.209359026689
2015-06-07 09:00:00,9193,17293.027571989431
2015-06-07 09:30:00,11191,19491.777255095036
2015-06-07 10:00:00,13435,22307.660224992083
2015-06-07 10:30:00,15892,20737.342511975512
2015-06-07 11:00:00,16378,21076.891484545293
2015-06-07 11:30:00,18075,20560.656472892955
2015-06-07 12:00:00,17942,19776.015298915852
2015-06-07 12:30:00,18832,15458.949130087189
2015-06-07 13:00:00,18846,18176.525169838351
2015-06-07 13:30:00,18756,19380.552716273873
2015-06-07 14:00:00,19027,19361.8304882054
2015-06-07 14:30:00,18707,19830.500903703887
2015-06-07 15:00:00,17821,19511.537285491013
2015-06-07 15:30:00,17351,20054.075191998418
2015-06-07 16:00:00,16824,19949.89657413874
2015-06-07 16:30:00,15482,18437.632705412965
2015-06-07 17:00:00,16402,15905.553981115943
2015-06-07 17:30:00,17527,16159.496935304189
2015-06-07 18:00:00,18279,17301.075337640625
2015-06-07 18:30:00,17890,18873.238590073728
2015-06-07 19:00:00,18072,19884.728750164595
2015-06-07 19:30:00,17623,19628.360453093326
2015-06-07 20:00:00,16973,20503.904239547868
2015-06-07 20:30:00,16211,19247.610381586725
2015-06-07 21:00:00,16319,18166.883704187487
2015-06-07 21:30:00,16158,17787.575529052017
2015-06-07 22:00:00,15165,18424.477347144639
2015-06-07 22:30:00,14118,17342.196110419623
2015-06-07 23:00:00,14915,15485.339859688085
2015-06-07 23:30:00,13701,15581.417078060069
2015-06-08 00:00:00,10218,17943.591854491322
2015-06-08 00:30:00,7833,12689.970122182402
2015-06-08 01:00:00,5623,9960.0027301470727
2015-06-08 01:30:00,4426,6115.1057126954074
2015-06-08 02:00:00,3929,828.90595273669169
2015-06-08 02:30:00,2868,501.8028956224407
2015-06-08 03:00:00,2365,1118.2951770502168
2015-06-08 03:30:00,2198,2784.4516509980222
2015-06-08 04:00:00,2455,6425.4722876007345
2015-06-08 04:30:00,2418,11509.588767378544
2015-06-08 05:00:00,3078,9192.7718223726752
2015-06-08 05:30:00,4886,11050.798559518244
2015-06-08 06:00:00,7161,13862.912044335077
2015-06-08 06:30:00,11522,14625.185001768912
2015-06-08 07:00:00,13797,13093.868499744554
2015-06-08 07:30:00,16515,13197.054831444209
2015-06-08 08:00:00,17219,15383.697951142478
2015-06-08 08:30:00,16761,15941.29987884235
2015-06-08 09:00:00,16299,17767.927729209718
2015-06-08 09:30:00,15636,12107.198295525523
2015-06-08 10:00:00,15350,13777.388299901488
2015-06-08 10:30:00,14090,14312.624171666423
2015-06-08 11:00:00,14444,18238.244106385366
2015-06-08 11:30:00,15077,20765.421625265088
2015-06-08 12:00:00,15440,22783.465686310505
2015-06-08 12:30:00,15216,19894.673956021987
2015-06-08 13:00:00,14962,19260.015191573391
2015-06-08 13:30:00,15649,17274.178291742242
2015-06-08 14:00:00,16231,17294.376725092156
2015-06-08 14:30:00,17372,15767.059228161348
2015-06-08 15:00:00,17047,16995.280925233455
2015-06-08 15:30:00,15845,16629.246669257242
2015-06-08 16:00:00,14809,17690.138629561792
2015-06-08 16:30:00,14705,18973.703649718198
2015-06-08 17:00:00,16662,20397.231390050958
2015-06-08 17:30:00,18388,23043.40868940725
2015-06-08 18:00:00,20725,21419.897615622991
2015-06-08 18:30:00,21721,21388.225211809437
2015-06-08 19:00:00,21628,20208.213965465115
2015-06-08 19:30:00,19934,21274.304701853038
2015-06-08 20:00:00,18944,20825.778423203483
2015-06-08 20:30:00,19568,18407.458408696231
2015-06-08 21:00:00,21120,16908.720194110952
2015-06-08 21:30:00,23236,16601.98361809452
2015-06-08 22:00:00,19235,15186.761503012687
2015-06-08 22:30:00,16765,12130.873521205744
2015-06-08 23:00:00,16367,10315.271077079993
2015-06-08 23:30:00,12680,7744.290325206277
2015-06-09 00:00:00,9377,4632.5938449311616
2015-06-09 00:30:00,7922,1249.6208964422021
2015-06-09 01:00:00,5769,-168.9320475104123
2015-06-09 01:30:00,4270,975.82427281703531
2015-06-09 02:00:00,3299,2848.0100632352132
2015-06-09 02:30:00,2554,4046.0937230522923
2015-06-09 03:00:00,1948,6348.8010954115798
2015-06-09 03:30:00,1803,7547.7305756332844
2015-06-09 04:00:00,1869,10398.517160002593
2015-06-09 04:30:00,1920,14612.907868382617
2015-06-09 05:00:00,2285,16032.700913376482
2015-06-09 05:30:00,4069,15288.4559661366
2015-06-09 06:00:00,6280,15892.331295827407
2015-06-09 06:30:00,11383,13203.710666196072
2015-06-09 07:00:00,15029,11478.011680201338
2015-06-09 07:30:00,18023,13866.799517600302
2015-06-09 08:00:00,18936,16203.411473985852
2015-06-09 08:30:00,19025,18063.621768412075
2015-06-09 09:00:00,18138,19242.488237691898
2015-06-09 09:30:00,17685,15964.751553323096
2015-06-09 10:00:00,16408,17284.473659434887
2015-06-09 10:30:00,16174,16924.29690326229
2015-06-09 11:00:00,16008,14477.488191552469
2015-06-09 11:30:00,17138,14018.348645744471
2015-06-09 12:00:00,17057,13415.765133085148
2015-06-09 12:30:00,16569,13014.101653738269
2015-06-09 13:00:00,16122,15540.32726277357
2015-06-09 13:30:00,17298,19848.650292959028
2015-06-09 14:00:00,17536,19319.251458597151
2015-06-09 14:30:00,17885,17863.424379230542
2015-06-09 15:00:00,17269,16070.490370417345
2015-06-09 15:30:00,15561,16943.769121581441
2015-06-09 16:00:00,13781,16545.722103795433
2015-06-09 16:30:00,13370,16367.046258363011
2015-06-09 17:00:00,15358,19017.681555318024
2015-06-09 17:30:00,17903,20224.910592009215
2015-06-09 18:00:00,20072,18862.939082673929
2015-06-09 18:30:00,21069,20080.634629399741
2015-06-09 19:00:00,21721,22443.576884702521
2015-06-09 19:30:00,20993,21865.127716664902
2015-06-09 20:00:00,21071,18728.314413014603
2015-06-09 20:30:00,21053,15272.131733451211
2015-06-09 21:00:00,22125,9298.3432838593835
2015-06-09 21:30:00,21879,6892.134008042206
2015-06-09 22:00:00,21608,7729.4958866645575
2015-06-09 22:30:00,19785,8900.8795134509146
2015-06-09 23:00:00,16485,8938.2166104188327
2015-06-09 23:30:00,15381,10634.991598281053
2015-06-10 00:00:00,13703,8030.94002930025
2015-06-10 00:30:00,9318,6298.6381016888299
2015-06-10 01:00:00,7238,3581.6467991459649
2015-06-10 01:30:00,5366,2697.1181781442629
2015-06-10 02:00:00,4422,2772.8485092661922
2015-06-10 02:30:00,3515,5670.3813340153411
2015-06-10 03:00:00,2663,6373.1788442018405
2015-06-10 03:30:00,2365,6836.7987534775311
2015-06-10 04:00:00,2559,8846.8534092998543
2015-06-10 04:30:00,2260,11967.213561778326
2015-06-10 05:00:00,2532,13195.461910320118
2015-06-10 05:30:00,4393,14785.674823741809
2015-06-10 06:00:00,6737,14600.641594097633
2015-06-10 06:30:00,11625,14112.156123179971
2015-06-10 07:00:00,14207,13738.366790749098
2015-06-10 07:30:00,17431,14806.726941652896
2015-06-10 08:00:00,18657,17034.814672724387
2015-06-10 08:30:00,18139,17822.061257135465
2015-06-10 09:00:00,17578,17056.112824499069
2015-06-10 09:30:00,16846,16652.001639808481
2015-06-10 10:00:00,15953,19277.699534381085
2015-06-10 10:30:00,16511,20066.424343723927
2015-06-10 11:00:00,16413,17754.060989375477
2015-06-10 11:30:00,17189,15390.985224897651
2015-06-10 12:00:00,17314,17024.838005767309
2015-06-10 12:30:00,16946,14558.494603611201
2015-06-10 13:00:00,16855,16911.903821796732
2015-06-10 13:30:00,16966,17931.234942391478
2015-06-10 14:00:00,16990,17793.534785956912
2015-06-10 14:30:00,17809,15466.454460588888
2015-06-10 15:00:00,16737,15951.300424249366
2015-06-10 15:30:00,15299,17070.457486718075
2015-06-10 16:00:00,13886,20172.472078825242
2015-06-10 16:30:00,13109,22536.223293023049
2015-06-10 17:00:00,15247,20455.353161898773
2015-06-10 17:30:00,18326,19318.807661956329
2015-06-10 18:00:00,20272,18949.23573668579
2015-06-10 18:30:00,22029,19857.502538355751
2015-06-10 19:00:00,23094,21036.406308089037
2015-06-10 19:30:00,22943,21873.411994237082
2015-06-10 20:00:00,21936,21454.22575897185
2015-06-10 20:30:00,21537,18804.0100649085
2015-06-10 21:00:00,23625,11719.502124982657
2015-06-10 21:30:00,23225,8382.208174849291
2015-06-10 22:00:00,22451,9601.834206606889
2015-06-10 22:30:00,21896,10539.628987043032
2015-06-10 23:00:00,20107,9285.2535246683256
2015-06-10 23:30:00,16582,7643.1949602680861
2015-06-11 00:00:00,13803,6327.5519336354664
2015-06-11 00:30:00,10626,6982.4511989969251
2015-06-11 01:00:00,8297,4825.8877854275488
2015-06-11 01:30:00,6339,2486.0295346359635
2015-06-11 02:00:00,4825,2466.4363568519148
2015-06-11 02:30:00,4002,5499.4532495347339
2015-06-11 03:00:00,3202,6573.2999370057369
2015-06-11 03:30:00,2693,6931.3762562625443
2015-06-11 04:00:00,2674,7220.4691456747742
2015-06-11 04:30:00,2488,11462.181896362044
2015-06-11 05:00:00,2734,14006.553087209177
2015-06-11 05:30:00,4615,15594.052898655729
2015-06-11 06:00:00,6784,16615.002851033289
2015-06-11 06:30:00,11092,16383.201926139005
2015-06-11 07:00:00,14135,16580.68313415665
2015-06-11 07:30:00,17664,16567.899859164132
2015-06-11 08:00:00,18664,17732.188019971087
2015-06-11 08:30:00,18729,19487.04268056716
2015-06-11 09:00:00,18409,19219.952658689203
2015-06-11 09:30:00,18048,18000.405181174752
2015-06-11 10:00:00,16974,17778.570747472921
2015-06-11 10:30:00,16943,17443.065210361914
2015-06-11 11:00:00,16430,18373.425717275873
2015-06-11 11:30:00,18076,16486.826569943234
2015-06-11 12:00:00,18065,15658.075185764534
2015-06-11 12:30:00,17332,13682.630159724491
2015-06-11 13:00:00,17723,14722.46625879064
2015-06-11 13:30:00,18483,16012.190564649558
2015-06-11 14:00:00,18853,16006.747963928383
2015-06-11 14:30:00,18539,16309.952927848432
2015-06-11 15:00:00,17462,17375.080263534273
2015-06-11 15:30:00,15458,17258.023800840783
2015-06-11 16:00:00,13898,18493.288887550189
2015-06-11 16:30:00,12886,20606.51943071375
2015-06-11 17:00:00,14774,22372.379993053248
2015-06-11 17:30:00,18059,21793.753151560642
2015-06-11 18:00:00,20738,21663.472366355367
2015-06-11 18:30:00,22177,21932.940339408528
2015-06-11 19:00:00,23240,21846.291689184589
2015-06-11 19:30:00,24112,22375.859371070903
2015-06-11 20:00:00,23949,22411.846894760478
2015-06-11 20:30:00,23136,17814.654860564679
2015-06-11 21:00:00,23883,12124.11348315234
2015-06-11 21:30:00,22928,11006.877994885797
2015-06-11 22:00:00,23229,8875.1093458445648
2015-06-11 22:30:00,22887,10542.818569259729
2015-06-11 23:00:00,20754,10905.012305521508
2015-06-11 23:30:00,20243,10496.504473801113
2015-06-12 00:00:00,18368,7725.1353770410169
2015-06-12 00:30:00,15172,8378.3943081160414
2015-06-12 01:00:00,11961,7784.0774671880299
2015-06-12 01:30:00,9272,5273.3142009707844
2015-06-12 02:00:00,7667,2503.961575744961
2015-06-12 02:30:00,6112,3615.5290338930063
2015-06-12 03:00:00,4913,5200.8198943331536
2015-06-12 03:30:00,4142,6113.0799415003621
2015-06-12 04:00:00,3873,6889.3661094372465
2015-06-12 04:30:00,3345,9027.9690601200073
2015-06-12 05:00:00,3274,14165.304031326801
2015-06-12 05:30:00,4658,17357.681267393167
2015-06-12 06:00:00,6729,18390.001910396713
2015-06-12 06:30:00,11007,18542.088287641785
2015-06-12 07:00:00,13318,18166.067898099209
2015-06-12 07:30:00,16571,16098.872700184213
2015-06-12 08:00:00,18342,16327.791392908983
2015-06-12 08:30:00,18493,17134.375121896072
2015-06-12 09:00:00,17696,17082.909622264044
2015-06-12 09:30:00,17125,17781.901692502106
2015-06-12 10:00:00,16188,17878.086088127133
2015-06-12 10:30:00,16471,16869.423213926006
2015-06-12 11:00:00,16009,18303.9130869482
2015-06-12 11:30:00,17061,17996.083695404774
2015-06-12 12:00:00,17133,17973.912623354267
2015-06-12 12:30:00,16595,15367.539004226219
2015-06-12 13:00:00,16409,15096.006487799501
2015-06-12 13:30:00,16861,16228.928508356357
2015-06-12 14:00:00,17695,16778.109127579337
2015-06-12 14:30:00,17629,16124.268973638229
2015-06-12 15:00:00,16757,16600.342497610291
2015-06-12 15:30:00,14836,18167.822461263284
2015-06-12 16:00:00,13889,19697.309520928342
2015-06-12 16:30:00,12802,23212.044051066012
2015-06-12 17:00:00,15744,23535.774662970085
2015-06-12 17:30:00,18759,22107.022445933373
2015-06-12 18:00:00,21439,21516.096245214001
2015-06-12 18:30:00,23180,21318.993125583402
2015-06-12 19:00:00,23870,21295.55901719095
2015-06-12 19:30:00,23763,21040.011415896417
2015-06-12 20:00:00,22258,22297.917606598541
2015-06-12 20:30:00,21396,21709.590955535943
2015-06-12 21:00:00,21870,18722.103955948958
2015-06-12 21:30:00,22021,14273.200182466437
2015-06-12 22:00:00,23088,10795.725555424113
2015-06-12 22:30:00,23711,12109.839405045877
2015-06-12 23:00:00,23088,13505.252435140912
2015-06-12 23:30:00,22678,13492.908252904681
2015-06-13 00:00:00,22536,10887.877802096271
2015-06-13 00:30:00,21379,10179.919957576922
2015-06-13 01:00:00,19597,11553.527992338235
2015-06-13 01:30:00,17520,10464.708595138134
2015-06-13 02:00:00,16177,7259.2845979512058
2015-06-13 02:30:00,14520,5831.7197509167781
2015-06-13 03:00:00,12273,6046.1233883815621
2015-06-13 03:30:00,10211,6346.1906212409122
2015-06-13 04:00:00,8332,6535.9575554188159
2015-06-13 04:30:00,5568,6732.6296083485231
2015-06-13 05:00:00,3769,8685.3971684871321
2015-06-13 05:30:00,3088,12995.124097921267
2015-06-13 06:00:00,3486,14830.176505445848
2015-06-13 06:30:00,4640,17688.390908420646
2015-06-13 07:00:00,5741,17285.287146472052
2015-06-13 07:30:00,6820,16151.473111678579
2015-06-13 08:00:00,7575,14773.922700786739
2015-06-13 08:30:00,10617,13546.628694206405
2015-06-13 09:00:00,11038,16236.620054848479
2015-06-13 09:30:00,13482,17355.994145085588
2015-06-13 10:00:00,14563,19828.677383081231
2015-06-13 10:30:00,15614,18664.810788156614
2015-06-13 11:00:00,16114,16357.838140469101
2015-06-13 11:30:00,17037,15291.198133555212
2015-06-13 12:00:00,16951,15093.956468740726
2015-06-13 12:30:00,18773,15015.397734011474
2015-06-13 13:00:00,18435,15465.953303609313
2015-06-13 13:30:00,18488,15927.839908165273
2015-06-13 14:00:00,17924,18089.642461999683
2015-06-13 14:30:00,18935,18784.789650087881
2015-06-13 15:00:00,17968,17954.718063275657
2015-06-13 15:30:00,17562,17546.743435282209
2015-06-13 16:00:00,16771,17807.557267132379
2015-06-13 16:30:00,16288,19778.115409393962
2015-06-13 17:00:00,17822,20866.638776616535
2015-06-13 17:30:00,20290,21432.364043918358
2015-06-13 18:00:00,20637,22296.809847140681
2015-06-13 18:30:00,21398,21332.907593967317
2015-06-13 19:00:00,22610,21424.106112903348
2015-06-13 19:30:00,21042,22095.638040952534
2015-06-13 20:00:00,18971,23777.179431236284
2015-06-13 20:30:00,17953,24393.906540031487
2015-06-13 21:00:00,18833,23808.685212230768
2015-06-13 21:30:00,20235,20704.760544037032
2015-06-13 22:00:00,21096,19004.591161622859
2015-06-13 22:30:00,22065,18335.543295554329
2015-06-13 23:00:00,23251,16081.632844948459
2015-06-13 23:30:00,22133,15745.420279232829
2015-06-14 00:00:00,22641,13349.616616272737
2015-06-14 00:30:00,21567,13870.750234822359
2015-06-14 01:00:00,20283,12830.438189047185
2015-06-14 01:30:00,18567,9491.0277559024289
2015-06-14 02:00:00,17881,7907.1534728312336
2015-06-14 02:30:00,15791,5936.2185003999839
2015-06-14 03:00:00,13579,4788.1326625717247
2015-06-14 03:30:00,11858,4234.9921924078535
2015-06-14 04:00:00,9961,4824.2315254689674
2015-06-14 04:30:00,6392,5467.7578139361758
2015-06-14 05:00:00,3894,4895.3185799254952
2015-06-14 05:30:00,3298,5486.7649528445527
2015-06-14 06:00:00,3041,10841.524403137726
2015-06-14 06:30:00,3694,15300.160306578451
2015-06-14 07:00:00,4038,15876.513885071363
2015-06-14 07:30:00,4986,15095.544255739636
2015-06-14 08:00:00,5869,14036.60776035301
2015-06-14 08:30:00,7196,14194.811523165494
2015-06-14 09:00:00,8557,16136.288183586992
2015-06-14 09:30:00,10788,17427.949963205174
2015-06-14 10:00:00,12066,19562.88948698714
2015-06-14 10:30:00,14540,20247.80721378883
2015-06-14 11:00:00,14509,21403.211576924678
2015-06-14 11:30:00,15666,20314.596114736374
2015-06-14 12:00:00,16238,18711.292902113637
2015-06-14 12:30:00,16113,13700.239999254698
2015-06-14 13:00:00,16324,15182.028476165058
2015-06-14 13:30:00,16730,18366.772277473126
2015-06-14 14:00:00,17348,20392.26681814278
2015-06-14 14:30:00,16814,19260.840793445073
2015-06-14 15:00:00,16451,19296.386398087518
2015-06-14 15:30:00,15811,20823.201426109292
2015-06-14 16:00:00,15329,21940.438113999458
2015-06-14 16:30:00,15002,19600.312781750188
2015-06-14 17:00:00,16068,17852.061567753994
2015-06-14 17:30:00,17009,17378.960989669031
2015-06-14 18:00:00,17366,18061.376412204168
2015-06-14 18:30:00,17216,18611.053823483475
2015-06-14 19:00:00,16879,19142.974507161438
2015-06-14 19:30:00,16314,19212.04603154878
2015-06-14 20:00:00,15552,19829.314843681663
2015-06-14 20:30:00,15784,19816.097743950981
2015-06-14 21:00:00,17995,17533.929423549122
2015-06-14 21:30:00,17494,17075.257601643407
2015-06-14 22:00:00,18154,17608.104138438845
2015-06-14 22:30:00,17961,16265.320285712582
2015-06-14 23:00:00,16526,14872.20762267469
2015-06-14 23:30:00,12104,14130.323868069776
2015-06-15 00:00:00,8547,13441.924978601608
2015-06-15 00:30:00,7429,10959.933977574925
2015-06-15 01:00:00,5531,7140.8391053764653
2015-06-15 01:30:00,4273,4667.2213187779616
2015-06-15 02:00:00,3308,2297.9121559475789
2015-06-15 02:30:00,2468,3034.6793912077101
2015-06-15 03:00:00,1894,2395.9319297816837
2015-06-15 03:30:00,1775,3757.4285078838093
2015-06-15 04:00:00,2108,6396.4371706443126
2015-06-15 04:30:00,2234,9294.397256311504
2015-06-15 05:00:00,2623,8586.5085419220031
2015-06-15 05:30:00,4591,11788.355999321737
2015-06-15 06:00:00,6523,16757.812269619739
2015-06-15 06:30:00,10882,15876.883459135903
2015-06-15 07:00:00,13055,13591.357256768562
2015-06-15 07:30:00,14785,13771.959768815535
2015-06-15 08:00:00,16234,17680.867786012939
2015-06-15 08:30:00,17335,17539.294511454842
2015-06-15 09:00:00,16329,20112.361381382634
2015-06-15 09:30:00,15657,16837.788884084322
2015-06-15 10:00:00,14645,15000.415512009393
2015-06-15 10:30:00,14692,13469.361827563489
2015-06-15 11:00:00,14190,13535.249271785266
2015-06-15 11:30:00,15219,15315.15464724
2015-06-15 12:00:00,15232,19138.520583473393
2015-06-15 12:30:00,15708,21298.112734169808
2015-06-15 13:00:00,15324,20269.633657986924
2015-06-15 13:30:00,16541,19387.948240608435
2015-06-15 14:00:00,18969,17505.438073414582
2015-06-15 14:30:00,19151,15639.238939287776
2015-06-15 15:00:00,17060,14760.679293197263
2015-06-15 15:30:00,15059,15792.621020822122
2015-06-15 16:00:00,14539,12976.977496053425
2015-06-15 16:30:00,13633,16735.888143599219
2015-06-15 17:00:00,14698,18425.072530896181
2015-06-15 17:30:00,17944,21895.214172492346
2015-06-15 18:00:00,19315,20735.79745952848
2015-06-15 18:30:00,19782,20458.882280869395
2015-06-15 19:00:00,19853,21060.501686391624
2015-06-15 19:30:00,19637,20493.151739928646
2015-06-15 20:00:00,18892,18367.714754196379
2015-06-15 20:30:00,18331,14866.441247045826
2015-06-15 21:00:00,18904,13818.978133690529
2015-06-15 21:30:00,18364,12281.319691837924
2015-06-15 22:00:00,16983,11946.799405529639
2015-06-15 22:30:00,15345,10996.615695830031
2015-06-15 23:00:00,13752,9915.4487125635751
2015-06-15 23:30:00,10677,8248.3312634629583
2015-06-16 00:00:00,9179,2533.8345135083546
2015-06-16 00:30:00,7334,1879.4692288198567
2015-06-16 01:00:00,5893,680.54961834746246
2015-06-16 01:30:00,4367,-773.22821975031729
2015-06-16 02:00:00,3514,-1634.3606799586469
2015-06-16 02:30:00,2702,880.88218193404646
2015-06-16 03:00:00,1867,4250.4770946433055
2015-06-16 03:30:00,1697,6896.651313365709
2015-06-16 04:00:00,1899,11270.669700446646
2015-06-16 04:30:00,1857,14961.172421772257
2015-06-16 05:00:00,2229,15206.466724654927
2015-06-16 05:30:00,4195,16217.262830534273
2015-06-16 06:00:00,6363,15591.030310910348
2015-06-16 06:30:00,11309,13305.612297820313
2015-06-16 07:00:00,13136,13097.289231301766
2015-06-16 07:30:00,16136,15150.393712181691
2015-06-16 08:00:00,18031,17369.321433340476
2015-06-16 08:30:00,19106,17754.548216369243
2015-06-16 09:00:00,17526,16586.744716540768
2015-06-16 09:30:00,17076,14868.309587096592
2015-06-16 10:00:00,15514,19044.286906086338
2015-06-16 10:30:00,15353,17321.97950895736
2015-06-16 11:00:00,15220,14336.726485744104
2015-06-16 11:30:00,16322,17169.24225221376
2015-06-16 12:00:00,16423,16368.030464960193
2015-06-16 12:30:00,16465,13936.092782707761
2015-06-16 13:00:00,15695,14080.902645841557
2015-06-16 13:30:00,19013,14938.776861128377
2015-06-16 14:00:00,17045,15430.046277156458
2015-06-16 14:30:00,17803,15120.278513780941
2015-06-16 15:00:00,16081,16834.605514342107
2015-06-16 15:30:00,15179,15958.156721768319
2015-06-16 16:00:00,13869,15628.10882458483
2015-06-16 16:30:00,13260,17770.575919269671
2015-06-16 17:00:00,17301,17302.076804266915
2015-06-16 17:30:00,18929,17850.915736878676
2015-06-16 18:00:00,18920,16371.892401440817
2015-06-16 18:30:00,19902,18047.144491627289
2015-06-16 19:00:00,20564,19723.297879435995
2015-06-16 19:30:00,20511,17995.746765438278
2015-06-16 20:00:00,20241,15384.216065795223
2015-06-16 20:30:00,20791,14629.543011317259
2015-06-16 21:00:00,21682,11263.053336909039
2015-06-16 21:30:00,21543,7163.410201745688
2015-06-16 22:00:00,20966,7635.6687514940431
2015-06-16 22:30:00,19185,6367.9055225688171
2015-06-16 23:00:00,17175,7138.9286586652215
2015-06-16 23:30:00,13886,7258.5507619838163
2015-06-17 00:00:00,16410,4654.0747905101853
2015-06-17 00:30:00,10683,6203.4906476535762
2015-06-17 01:00:00,7947,3671.4338220595528
2015-06-17 01:30:00,5746,4398.3355388839609
2015-06-17 02:00:00,4482,4695.1880130973532
2015-06-17 02:30:00,3522,7330.148747155773
2015-06-17 03:00:00,2778,8696.1761126844267
2015-06-17 03:30:00,2351,7218.8420770322855
2015-06-17 04:00:00,2520,7134.4338680316541
2015-06-17 04:30:00,2207,12286.89314626468
2015-06-17 05:00:00,2538,12920.618041272048
2015-06-17 05:30:00,4208,14437.651342999428
2015-06-17 06:00:00,6384,15072.042142294824
2015-06-17 06:30:00,11070,14637.317184509669
2015-06-17 07:00:00,13622,14105.604933621771
2015-06-17 07:30:00,17070,13831.89992076355
2015-06-17 08:00:00,18995,15865.885461715565
2015-06-17 08:30:00,18845,16543.177139180607
2015-06-17 09:00:00,17858,18170.554512896619
2015-06-17 09:30:00,16872,16089.959995828629
2015-06-17 10:00:00,15790,18417.39180872565
2015-06-17 10:30:00,16026,16471.380428602919
2015-06-17 11:00:00,16192,14738.740680728295
2015-06-17 11:30:00,17476,15552.916935354358
2015-06-17 12:00:00,17626,15287.371383932112
2015-06-17 12:30:00,17193,13526.491684062028
2015-06-17 13:00:00,16929,15004.483241364154
2015-06-17 13:30:00,17126,16780.907353791921
2015-06-17 14:00:00,17255,17048.691466764409
2015-06-17 14:30:00,17087,16988.680723091958
2015-06-17 15:00:00,16206,15906.844891375744
2015-06-17 15:30:00,14881,15593.046674112578
2015-06-17 16:00:00,13545,20011.071448050676
2015-06-17 16:30:00,12612,18441.417254837794
2015-06-17 17:00:00,15202,18724.924821505003
2015-06-17 17:30:00,17717,16170.868162276838
2015-06-17 18:00:00,20330,17686.748550287615
2015-06-17 18:30:00,21513,21035.631571655565
2015-06-17 19:00:00,23361,21012.647129662575
2015-06-17 19:30:00,23994,24064.278910446883
2015-06-17 20:00:00,22290,23077.00598945146
2015-06-17 20:30:00,21820,20465.354211100577
2015-06-17 21:00:00,22898,11731.603949303095
2015-06-17 21:30:00,23445,9033.2936918389823
2015-06-17 22:00:00,23069,8048.9360188845685
2015-06-17 22:30:00,20909,9786.1053443981
2015-06-17 23:00:00,19323,9258.6962852123106
2015-06-17 23:30:00,16749,6793.5038842765989
2015-06-18 00:00:00,13896,5546.6331248304414
2015-06-18 00:30:00,10746,6553.740507498027
2015-06-18 01:00:00,8200,4567.1869940381603
2015-06-18 01:30:00,6487,3045.1664857578162
2015-06-18 02:00:00,4854,2587.3072988395415
2015-06-18 02:30:00,3804,5674.2177131360786
2015-06-18 03:00:00,3084,5689.1348903582566
2015-06-18 03:30:00,2729,6406.170565268214
2015-06-18 04:00:00,2678,7177.3365356216209
2015-06-18 04:30:00,2498,10081.357862729345
2015-06-18 05:00:00,2620,14555.375152527116
2015-06-18 05:30:00,4603,15769.918777692823
2015-06-18 06:00:00,6612,16855.29371195869
2015-06-18 06:30:00,11144,16497.14612915933
2015-06-18 07:00:00,13857,16070.663826001379
2015-06-18 07:30:00,16901,14396.969433791071
2015-06-18 08:00:00,18733,17190.529938563392
2015-06-18 08:30:00,19323,17166.48381923775
2015-06-18 09:00:00,18764,18600.124445886981
2015-06-18 09:30:00,18287,17580.686070070882
2015-06-18 10:00:00,16823,17453.81717842889
2015-06-18 10:30:00,16964,16736.426513328905
2015-06-18 11:00:00,15845,19557.198604329318
2015-06-18 11:30:00,17160,18473.951106683213
2015-06-18 12:00:00,17010,15787.067558841658
2015-06-18 12:30:00,17092,12965.785194219341
2015-06-18 13:00:00,16320,12647.457355570312
2015-06-18 13:30:00,17098,15107.081520741032
2015-06-18 14:00:00,17318,16086.810602983738
2015-06-18 14:30:00,18060,18276.393004192931
2015-06-18 15:00:00,17304,17356.682355212797
2015-06-18 15:30:00,15360,17977.817469650214
2015-06-18 16:00:00,13797,19551.889557601156
2015-06-18 16:30:00,13041,21606.67849042005
2015-06-18 17:00:00,14994,22551.139317504214
2015-06-18 17:30:00,18336,21806.394278122905
2015-06-18 18:00:00,20768,21050.785749034429
2015-06-18 18:30:00,21864,21650.467456836843
2015-06-18 19:00:00,23161,22273.42514849038
2015-06-18 19:30:00,22127,22921.553505194657
2015-06-18 20:00:00,20270,23311.307224636286
2015-06-18 20:30:00,19384,19067.097458081298
2015-06-18 21:00:00,22403,12717.917550087426
2015-06-18 21:30:00,22798,10001.160670322612
2015-06-18 22:00:00,22637,9506.6315446851677
2015-06-18 22:30:00,21604,12194.49542687957
2015-06-18 23:00:00,20893,12176.225297830566
2015-06-18 23:30:00,19441,10520.242534809495
2015-06-19 00:00:00,17525,6333.8323630456034
2015-06-19 00:30:00,14612,7926.7877217173091
2015-06-19 01:00:00,12351,6735.4993790017179
2015-06-19 01:30:00,9323,5573.2089783242172
2015-06-19 02:00:00,7314,2762.1204074353536
2015-06-19 02:30:00,5636,3580.7289741352888
2015-06-19 03:00:00,4523,5820.3201090731418
2015-06-19 03:30:00,3923,6330.8082145372864
2015-06-19 04:00:00,3850,6886.9626104632634
2015-06-19 04:30:00,3336,8695.8792424597159
2015-06-19 05:00:00,3183,12955.824891370368
2015-06-19 05:30:00,4581,16616.074459448468
2015-06-19 06:00:00,6388,18448.782273254339
2015-06-19 06:30:00,10637,18108.030562780579
2015-06-19 07:00:00,12670,17986.935409841415
2015-06-19 07:30:00,15347,15850.935023030028
2015-06-19 08:00:00,17548,15134.659868086464
2015-06-19 08:30:00,18401,15793.475620824403
2015-06-19 09:00:00,17678,17164.518586886639
2015-06-19 09:30:00,17223,17428.362529351052
2015-06-19 10:00:00,16252,17970.889851267955
2015-06-19 10:30:00,16169,16790.642049017817
2015-06-19 11:00:00,15765,17858.512836206562
2015-06-19 11:30:00,17091,16285.392348109004
2015-06-19 12:00:00,17490,15654.221761872106
2015-06-19 12:30:00,16597,12904.77040253791
2015-06-19 13:00:00,16337,14359.601382533001
2015-06-19 13:30:00,16469,16568.026938936848
2015-06-19 14:00:00,17789,17325.300253812737
2015-06-19 14:30:00,17764,17393.420299367845
2015-06-19 15:00:00,17029,18262.944818951291
2015-06-19 15:30:00,15666,19036.05237122433
2015-06-19 16:00:00,13761,20212.186693835811
2015-06-19 16:30:00,13311,21944.173981862346
2015-06-19 17:00:00,15805,22988.562555047043
2015-06-19 17:30:00,18517,21575.226397383383
2015-06-19 18:00:00,20851,20028.170305440613
2015-06-19 18:30:00,22209,19603.441351092923
2015-06-19 19:00:00,23253,21017.333092438053
2015-06-19 19:30:00,22503,21948.019407201489
2015-06-19 20:00:00,21117,23226.345899713935
2015-06-19 20:30:00,19558,22112.307056515983
2015-06-19 21:00:00,21606,18659.030259970059
2015-06-19 21:30:00,22253,14423.832831119356
2015-06-19 22:00:00,23439,10757.474518876537
2015-06-19 22:30:00,23173,12716.540398541862
2015-06-19 23:00:00,23544,14079.288546471582
2015-06-19 23:30:00,22774,13501.541166097782
2015-06-20 00:00:00,22622,8766.3277654030899
2015-06-20 00:30:00,20991,7812.8908444962144
2015-06-20 01:00:00,20100,9449.1588238172862
2015-06-20 01:30:00,18179,8544.2344007021165
2015-06-20 02:00:00,16191,6260.9492801425877
2015-06-20 02:30:00,13382,4648.4007029964105
2015-06-20 03:00:00,11304,4568.3844306599894
2015-06-20 03:30:00,10492,4516.3461824399074
2015-06-20 04:00:00,8915,4269.4747121659784
2015-06-20 04:30:00,5887,4722.9741457970849
2015-06-20 05:00:00,4161,5841.3881478364947
2015-06-20 05:30:00,3279,12721.403806644194
2015-06-20 06:00:00,3413,14224.698391649345
2015-06-20 06:30:00,4652,16931.940362706682
2015-06-20 07:00:00,4768,16700.481413728117
2015-06-20 07:30:00,6329,15380.194014014285
2015-06-20 08:00:00,7250,13942.848567257541
2015-06-20 08:30:00,9261,13521.022807913263
2015-06-20 09:00:00,10330,15859.484477489985
2015-06-20 09:30:00,13655,18035.124751573203
2015-06-20 10:00:00,13613,20480.883664699177
2015-06-20 10:30:00,15927,19659.159493212876
2015-06-20 11:00:00,15713,17255.228632218248
2015-06-20 11:30:00,18058,14550.1343839171
2015-06-20 12:00:00,18093,14112.135370722848
2015-06-20 12:30:00,19601,13032.148348114944
2015-06-20 13:00:00,18403,13476.412843862494
2015-06-20 13:30:00,17341,15312.894838629678
2015-06-20 14:00:00,16563,14787.997899584738
2015-06-20 14:30:00,17767,16293.676632698911
2015-06-20 15:00:00,17461,17093.965943845284
2015-06-20 15:30:00,17004,17406.45853236859
2015-06-20 16:00:00,15798,17493.985938270998
2015-06-20 16:30:00,15859,19006.003230828588
2015-06-20 17:00:00,17154,20163.99524748855
2015-06-20 17:30:00,18512,21485.567262684057
2015-06-20 18:00:00,19552,20419.059292643818
2015-06-20 18:30:00,20375,18120.39937934863
2015-06-20 19:00:00,21432,20360.519739129129
2015-06-20 19:30:00,20180,23330.789184152687
2015-06-20 20:00:00,16384,25094.491706921868
2015-06-20 20:30:00,16118,24706.098030482983
2015-06-20 21:00:00,17314,23423.710633381179
2015-06-20 21:30:00,18266,22178.092835524465
2015-06-20 22:00:00,19159,20597.122427349877
2015-06-20 22:30:00,20555,18480.438310973215
2015-06-20 23:00:00,21780,14839.580494674316
2015-06-20 23:30:00,21437,15540.331001767061
2015-06-21 00:00:00,20303,12731.445710902204
2015-06-21 00:30:00,20182,11608.317863266451
2015-06-21 01:00:00,19758,11050.773410905365
2015-06-21 01:30:00,18047,8839.9299572023847
2015-06-21 02:00:00,16269,7865.3780311365645
2015-06-21 02:30:00,12457,6601.3221216715137
2015-06-21 03:00:00,10379,3945.2603815393359
2015-06-21 03:30:00,9875,3851.1653608529541
2015-06-21 04:00:00,8646,4929.8178105001316
2015-06-21 04:30:00,5461,5479.0118378817442
2015-06-21 05:00:00,3606,5064.9586847904611
2015-06-21 05:30:00,2840,4881.2762729275382
2015-06-21 06:00:00,2827,9353.3174793977742
2015-06-21 06:30:00,3236,15200.679292747031
2015-06-21 07:00:00,3458,15506.951745711231
2015-06-21 07:30:00,4501,14165.6692630201
2015-06-21 08:00:00,5083,13872.397537585193
2015-06-21 08:30:00,7280,13782.149270077898
2015-06-21 09:00:00,8401,16301.731782492869
2015-06-21 09:30:00,10632,17393.671246778074
2015-06-21 10:00:00,11834,18835.256368035607
2015-06-21 10:30:00,14181,20707.362534815205
2015-06-21 11:00:00,14561,21031.224643571106
2015-06-21 11:30:00,16171,20319.187770797358
2015-06-21 12:00:00,16293,18485.008912764242
2015-06-21 12:30:00,16847,14332.195782118493
2015-06-21 13:00:00,16805,16552.749339157475
2015-06-21 13:30:00,17402,18026.244070013701
2015-06-21 14:00:00,17670,18660.351354956958
2015-06-21 14:30:00,17405,16807.92155728838
2015-06-21 15:00:00,16748,18765.765182687126
2015-06-21 15:30:00,16122,20860.972550318736
2015-06-21 16:00:00,16185,20849.467796892146
2015-06-21 16:30:00,16156,18976.000985621387
2015-06-21 17:00:00,16847,18426.680460328036
2015-06-21 17:30:00,18336,18416.087263375106
2015-06-21 18:00:00,20924,17870.811301619568
2015-06-21 18:30:00,18141,17342.898089414499
2015-06-21 19:00:00,16472,17797.943948047225
2015-06-21 19:30:00,15591,17671.963994727936
2015-06-21 20:00:00,14386,18674.371966704053
2015-06-21 20:30:00,13882,16101.608922736987
2015-06-21 21:00:00,15615,16532.008209394422
2015-06-21 21:30:00,15619,18094.706416804656
2015-06-21 22:00:00,16524,17877.428503469113
2015-06-21 22:30:00,14223,14397.592349654486
2015-06-21 23:00:00,13096,11390.300281668317
2015-06-21 23:30:00,10805,12050.16643170307
2015-06-22 00:00:00,8288,11339.19740470847
2015-06-22 00:30:00,6225,7019.7552052637075
2015-06-22 01:00:00,5302,4013.2561220780899
2015-06-22 01:30:00,4465,3978.9746253098292
2015-06-22 02:00:00,3233,2129.7428776072411
2015-06-22 02:30:00,2312,2468.792417877894
2015-06-22 03:00:00,1871,3239.351120195437
2015-06-22 03:30:00,1954,4895.5178306317393
2015-06-22 04:00:00,2150,7123.0210900724942
2015-06-22 04:30:00,2177,8415.1297886234934
2015-06-22 05:00:00,2668,8840.4978854258334
2015-06-22 05:30:00,4335,14594.830196955923
2015-06-22 06:00:00,6330,16215.928052294385
2015-06-22 06:30:00,10808,15256.691125032316
2015-06-22 07:00:00,12324,14228.89565591276
2015-06-22 07:30:00,14150,13411.157014108596
2015-06-22 08:00:00,15923,14583.996303282231
2015-06-22 08:30:00,17449,15131.447204313135
2015-06-22 09:00:00,16214,17529.986813053827
2015-06-22 09:30:00,15486,15287.335967473547
2015-06-22 10:00:00,14357,17069.174680921242
2015-06-22 10:30:00,14234,14613.07244363451
2015-06-22 11:00:00,14417,17694.829283226456
2015-06-22 11:30:00,15368,16735.814967873444
2015-06-22 12:00:00,15424,21095.720722332371
2015-06-22 12:30:00,15516,22210.533794565781
2015-06-22 13:00:00,15436,18886.15316617212
2015-06-22 13:30:00,16358,17455.853212674589
2015-06-22 14:00:00,16767,16576.294396914363
2015-06-22 14:30:00,16768,13352.48721664089
2015-06-22 15:00:00,16554,13508.434526010929
2015-06-22 15:30:00,15679,13745.328188740743
2015-06-22 16:00:00,14781,13251.210207469638
2015-06-22 16:30:00,14857,18503.167342225348
2015-06-22 17:00:00,15922,17330.123857051636
2015-06-22 17:30:00,18145,18463.042130794605
2015-06-22 18:00:00,20120,16244.542226642727
2015-06-22 18:30:00,20938,17615.21640236854
2015-06-22 19:00:00,20772,17667.05640201793
2015-06-22 19:30:00,19962,17374.71830918402
2015-06-22 20:00:00,18372,15662.980659411238
2015-06-22 20:30:00,16793,13799.514568144479
2015-06-22 21:00:00,19072,12063.740267936686
2015-06-22 21:30:00,19371,10473.208197030403
2015-06-22 22:00:00,19627,12428.023104056883
2015-06-22 22:30:00,17184,12721.813306568947
2015-06-22 23:00:00,15330,9209.3541705806838
2015-06-22 23:30:00,12027,6621.1316087682972
2015-06-23 00:00:00,9638,3036.9457141762141
2015-06-23 00:30:00,7298,-630.34352508643497
2015-06-23 01:00:00,6081,-1086.5219417454937
2015-06-23 01:30:00,4436,-1138.6314089205171
2015-06-23 02:00:00,3378,-1411.0162129220716
2015-06-23 02:30:00,2642,1183.4646915281646
2015-06-23 03:00:00,2222,4820.6045657641516
2015-06-23 03:30:00,1804,7669.0988431505075
2015-06-23 04:00:00,1905,11327.035266806044
2015-06-23 04:30:00,1963,16133.188166466778
2015-06-23 05:00:00,2330,16569.470582430647
2015-06-23 05:30:00,4199,17512.240311926675
2015-06-23 06:00:00,6234,16308.665422924414
2015-06-23 06:30:00,10892,14609.266261850751
2015-06-23 07:00:00,12909,15115.975820934249
2015-06-23 07:30:00,15139,16823.938654471884
2015-06-23 08:00:00,17480,17560.282163735938
2015-06-23 08:30:00,18895,16592.36605303023
2015-06-23 09:00:00,17760,17763.882553497402
2015-06-23 09:30:00,17775,17743.25498298536
2015-06-23 10:00:00,17054,20824.906007916885
2015-06-23 10:30:00,16804,19425.62365351319
2015-06-23 11:00:00,16506,16571.326474520905
2015-06-23 11:30:00,17615,16092.059856481244
2015-06-23 12:00:00,18034,13506.291329988393
2015-06-23 12:30:00,17340,11847.738685763845
2015-06-23 13:00:00,17017,12342.055038371516
2015-06-23 13:30:00,18064,15472.000000544125
2015-06-23 14:00:00,18300,17369.504376565223
2015-06-23 14:30:00,18120,15588.93253318025
2015-06-23 15:00:00,17302,15867.311405398226
2015-06-23 15:30:00,15503,16273.989472780029
2015-06-23 16:00:00,14423,17558.30583957678
2015-06-23 16:30:00,13311,15571.931965087642
2015-06-23 17:00:00,15656,15405.450617507233
2015-06-23 17:30:00,18967,16870.293496809609
2015-06-23 18:00:00,22339,17160.951651936957
2015-06-23 18:30:00,21843,17709.123509393779
2015-06-23 19:00:00,22744,21211.383143104416
2015-06-23 19:30:00,20590,21793.086056532095
2015-06-23 20:00:00,18813,19056.066638173234
2015-06-23 20:30:00,17216,15037.814946320097
2015-06-23 21:00:00,20276,9177.4265163372038
2015-06-23 21:30:00,21561,3889.8021199497871
2015-06-23 22:00:00,20652,5231.9013482148039
2015-06-23 22:30:00,18628,9119.5392117638203
2015-06-23 23:00:00,16780,9011.1139823710182
2015-06-23 23:30:00,14114,10229.076692528481
2015-06-24 00:00:00,11637,7265.2833834841576
2015-06-24 00:30:00,8931,5593.3042630104974
2015-06-24 01:00:00,7502,3805.3558453799051
2015-06-24 01:30:00,5388,4107.4382255701366
2015-06-24 02:00:00,4035,4797.06157443544
2015-06-24 02:30:00,3172,7487.6395549507524
2015-06-24 03:00:00,2741,8136.9032796333822
2015-06-24 03:30:00,2488,8456.6078718312419
2015-06-24 04:00:00,2415,9531.4326101468814
2015-06-24 04:30:00,2403,13254.519028818066
2015-06-24 05:00:00,2574,14282.457437016375
2015-06-24 05:30:00,4180,14196.551796776259
2015-06-24 06:00:00,6506,14297.553077575134
2015-06-24 06:30:00,10935,13281.427587745349
2015-06-24 07:00:00,13284,13309.410158497574
2015-06-24 07:30:00,15688,14848.908450942883
2015-06-24 08:00:00,17931,16880.902606981832
2015-06-24 08:30:00,19220,16554.595862406659
2015-06-24 09:00:00,17875,16218.620877460471
2015-06-24 09:30:00,16901,17557.279459205198
2015-06-24 10:00:00,15122,19421.133594657469
2015-06-24 10:30:00,16164,20657.450760052576
2015-06-24 11:00:00,15867,19414.642348346075
2015-06-24 11:30:00,17075,18704.58039934429
2015-06-24 12:00:00,17324,17990.72501416221
2015-06-24 12:30:00,16917,14385.764942805206
2015-06-24 13:00:00,16917,14535.285295554706
2015-06-24 13:30:00,17001,16983.426705538805
2015-06-24 14:00:00,17304,17695.273522045492
2015-06-24 14:30:00,17123,17145.469726505667
2015-06-24 15:00:00,16398,16046.568925863261
2015-06-24 15:30:00,15279,17298.452537196819
2015-06-24 16:00:00,14203,20750.62545165285
2015-06-24 16:30:00,13168,20838.917700503935
2015-06-24 17:00:00,15085,19755.707318589739
2015-06-24 17:30:00,17631,18594.983802257564
2015-06-24 18:00:00,19499,17668.996122088385
2015-06-24 18:30:00,21033,18517.866092583565
2015-06-24 19:00:00,22035,21540.831208695374
2015-06-24 19:30:00,21167,22052.414297362167
2015-06-24 20:00:00,19892,21015.002717591611
2015-06-24 20:30:00,19063,18917.383868943729
2015-06-24 21:00:00,22458,11015.259424170723
2015-06-24 21:30:00,22902,7571.997872120196
2015-06-24 22:00:00,22680,8263.1954955846413
2015-06-24 22:30:00,21228,10970.98611853383
2015-06-24 23:00:00,19614,9447.9343358510778
2015-06-24 23:30:00,16961,7963.0402812185712
2015-06-25 00:00:00,14539,6265.8502282805839
2015-06-25 00:30:00,11364,6507.8345613786114
2015-06-25 01:00:00,8795,4446.1507830369956
2015-06-25 01:30:00,6944,2938.4658477197809
2015-06-25 02:00:00,5610,2423.6379298930933
2015-06-25 02:30:00,4347,5426.0624766361234
2015-06-25 03:00:00,3467,6779.1745525124079
2015-06-25 03:30:00,2939,6553.3860512929132
2015-06-25 04:00:00,3080,6570.8584802729329
2015-06-25 04:30:00,2675,12728.124896307225
2015-06-25 05:00:00,2569,14148.925241792364
2015-06-25 05:30:00,4625,15315.435652983433
2015-06-25 06:00:00,6509,16010.746813272192
2015-06-25 06:30:00,10845,15146.737625394504
2015-06-25 07:00:00,12932,15203.342193925771
2015-06-25 07:30:00,15937,15102.946937789753
2015-06-25 08:00:00,17652,16274.890948887167
2015-06-25 08:30:00,18515,17412.824428654036
2015-06-25 09:00:00,17319,17829.866362272627
2015-06-25 09:30:00,16720,17703.443031897485
2015-06-25 10:00:00,15712,18002.305648922753
2015-06-25 10:30:00,15792,17829.89330732069
2015-06-25 11:00:00,16157,17706.325808288246
2015-06-25 11:30:00,16745,15354.028997223548
2015-06-25 12:00:00,16712,16257.180599378997
2015-06-25 12:30:00,17130,14042.945099360495
2015-06-25 13:00:00,16641,14697.016478079444
2015-06-25 13:30:00,17142,15432.770034064655
2015-06-25 14:00:00,17246,17048.202752547015
2015-06-25 14:30:00,17559,16716.250327828009
2015-06-25 15:00:00,16824,17211.890330793387
2015-06-25 15:30:00,14882,18020.59437916919
2015-06-25 16:00:00,13411,18710.726034070318
2015-06-25 16:30:00,12433,19467.104212462531
2015-06-25 17:00:00,14728,18868.577848468831
2015-06-25 17:30:00,17318,19217.785688217129
2015-06-25 18:00:00,19283,20285.876438817351
2015-06-25 18:30:00,20826,21326.419861369315
2015-06-25 19:00:00,22023,23227.581460662306
2015-06-25 19:30:00,21270,23561.314249037423
2015-06-25 20:00:00,20620,22776.619663859648
2015-06-25 20:30:00,19536,20863.908592452695
2015-06-25 21:00:00,22860,15939.4118803768
2015-06-25 21:30:00,23184,10896.077240103286
2015-06-25 22:00:00,22114,10909.28570343657
2015-06-25 22:30:00,21663,11841.021305464967
2015-06-25 23:00:00,20883,11110.618457254584
2015-06-25 23:30:00,19426,8839.7785842457233
2015-06-26 00:00:00,17684,5301.4953344535552
2015-06-26 00:30:00,15085,5981.4077256433047
2015-06-26 01:00:00,12419,5166.4363597222073
2015-06-26 01:30:00,9943,4236.7170973188622
2015-06-26 02:00:00,8051,2755.3594099219554
2015-06-26 02:30:00,6311,3787.7419817864666
2015-06-26 03:00:00,5177,4802.1539073263484
2015-06-26 03:30:00,4333,4954.5987805606001
2015-06-26 04:00:00,4212,6118.135577124569
2015-06-26 04:30:00,3524,9170.3580884360235
2015-06-26 05:00:00,3302,13102.533932009359
2015-06-26 05:30:00,4412,16095.190070807894
2015-06-26 06:00:00,6558,16627.027131151466
2015-06-26 06:30:00,10071,16449.458264029316
2015-06-26 07:00:00,11677,16748.234709110024
2015-06-26 07:30:00,15008,15521.161139864034
2015-06-26 08:00:00,16887,14815.324511337059
2015-06-26 08:30:00,17959,15956.387142288486
2015-06-26 09:00:00,16929,17250.609511426643
2015-06-26 09:30:00,16260,17424.751880520322
2015-06-26 10:00:00,15138,17520.054329795574
2015-06-26 10:30:00,15659,16969.567141644271
2015-06-26 11:00:00,15449,17303.013334046747
2015-06-26 11:30:00,17261,17574.724276669385
2015-06-26 12:00:00,17236,16018.063452889775
2015-06-26 12:30:00,16430,14242.612830018286
2015-06-26 13:00:00,15750,14725.94226838915
2015-06-26 13:30:00,16068,16259.921380759519
2015-06-26 14:00:00,16618,16862.572353813594
2015-06-26 14:30:00,16881,16594.272044412268
2015-06-26 15:00:00,15797,16843.824101455095
2015-06-26 15:30:00,14304,18089.810180485874
2015-06-26 16:00:00,12781,19367.901799378196
2015-06-26 16:30:00,12137,20023.523336367438
2015-06-26 17:00:00,14404,21245.062911941524
2015-06-26 17:30:00,16821,20618.98653034891
2015-06-26 18:00:00,19280,20528.821546300915
2015-06-26 18:30:00,21427,21474.929491787174
2015-06-26 19:00:00,23070,22761.927353454746
2015-06-26 19:30:00,22008,22709.038307530202
2015-06-26 20:00:00,20571,23569.208876154829
2015-06-26 20:30:00,19007,22627.811552800922
2015-06-26 21:00:00,21824,19198.688498631462
2015-06-26 21:30:00,22412,14495.902398812053
2015-06-26 22:00:00,23213,12198.175992236671
2015-06-26 22:30:00,23531,12836.04640438633
2015-06-26 23:00:00,23414,13794.325716001751
2015-06-26 23:30:00,22441,13789.062246984349
2015-06-27 00:00:00,22328,7744.8270760121586
2015-06-27 00:30:00,21699,8497.9710839143518
2015-06-27 01:00:00,20367,9853.0486868895496
2015-06-27 01:30:00,18934,9039.0230731699448
2015-06-27 02:00:00,16853,7378.0561541273273
2015-06-27 02:30:00,14162,5931.8155290110153
2015-06-27 03:00:00,12752,5680.629746024988
2015-06-27 03:30:00,11619,5323.9512740601949
2015-06-27 04:00:00,9930,5051.5342319016545
2015-06-27 04:30:00,6982,6005.621414829091
2015-06-27 05:00:00,4871,6188.1302799512396
2015-06-27 05:30:00,3730,12710.063161817456
2015-06-27 06:00:00,3814,13972.434006506855
2015-06-27 06:30:00,4588,15794.765040252543
2015-06-27 07:00:00,4866,15808.694738666907
2015-06-27 07:30:00,6729,14955.601001448746
2015-06-27 08:00:00,7401,13766.093973680119
2015-06-27 08:30:00,9187,13601.883432394206
2015-06-27 09:00:00,10738,15346.212749741457
2015-06-27 09:30:00,13119,16585.354172400093
2015-06-27 10:00:00,13054,18196.869160521976
2015-06-27 10:30:00,14991,18072.475502367204
2015-06-27 11:00:00,15518,16473.82240384079
2015-06-27 11:30:00,17522,13897.882536309015
2015-06-27 12:00:00,17331,12453.102396087945
2015-06-27 12:30:00,18629,10083.396484690065
2015-06-27 13:00:00,18553,13143.082116473695
2015-06-27 13:30:00,17491,14656.946418715703
2015-06-27 14:00:00,17544,16104.884331503416
2015-06-27 14:30:00,19022,18634.326489013918
2015-06-27 15:00:00,21195,19833.268477375088
2015-06-27 15:30:00,19360,18198.228546108872
2015-06-27 16:00:00,17893,18111.607023721001
2015-06-27 16:30:00,17245,19034.221365592086
2015-06-27 17:00:00,18410,18685.129621698765
2015-06-27 17:30:00,19986,19537.948253338636
2015-06-27 18:00:00,22445,19768.547875005221
2015-06-27 18:30:00,23453,18909.859736206396
2015-06-27 19:00:00,24929,20420.492655893569
2015-06-27 19:30:00,24676,22396.397895204107
2015-06-27 20:00:00,21160,24696.275427836634
2015-06-27 20:30:00,20226,24349.140496700667
2015-06-27 21:00:00,22530,23705.68232344283
2015-06-27 21:30:00,23379,20833.39615364089
2015-06-27 22:00:00,23186,18225.396397389501
2015-06-27 22:30:00,22660,17647.885329754754
2015-06-27 23:00:00,23499,14408.19247806577
2015-06-27 23:30:00,22554,14483.883708014751
2015-06-28 00:00:00,21797,12084.736359489209
2015-06-28 00:30:00,20082,13396.436542431264
2015-06-28 01:00:00,18837,12772.428065782133
2015-06-28 01:30:00,17138,10765.115293282008
2015-06-28 02:00:00,15361,10291.265627332621
2015-06-28 02:30:00,12750,7140.879168078126
2015-06-28 03:00:00,11313,5597.8909341073559
2015-06-28 03:30:00,10311,4821.416327495841
2015-06-28 04:00:00,8407,4856.0234944601652
2015-06-28 04:30:00,5343,5020.7911444806923
2015-06-28 05:00:00,3973,4767.3932018484993
2015-06-28 05:30:00,3106,5087.2513997369715
2015-06-28 06:00:00,3260,9585.1484334246961
2015-06-28 06:30:00,3641,17043.893637447654
2015-06-28 07:00:00,3762,17173.311477560652
2015-06-28 07:30:00,4982,16517.495278353657
2015-06-28 08:00:00,6397,14578.114842271696
2015-06-28 08:30:00,7733,13739.253583476389
2015-06-28 09:00:00,9054,15279.844378459107
2015-06-28 09:30:00,11677,16589.390272759076
2015-06-28 10:00:00,13917,17786.526772092082
2015-06-28 10:30:00,15350,19587.05742979253
2015-06-28 11:00:00,14612,20080.437255085504
2015-06-28 11:30:00,16274,19095.794404866683
2015-06-28 12:00:00,16911,17523.700786676571
2015-06-28 12:30:00,16572,14847.665206117945
2015-06-28 13:00:00,15002,17025.915719606528
2015-06-28 13:30:00,15535,20117.881805848483
2015-06-28 14:00:00,14850,21115.775231559488
2015-06-28 14:30:00,14106,19045.110511764076
2015-06-28 15:00:00,14225,20910.814707415469
2015-06-28 15:30:00,13439,21445.64453644809
2015-06-28 16:00:00,13363,20668.338679615721
2015-06-28 16:30:00,12813,20072.261174898023
2015-06-28 17:00:00,14133,21799.395700100002
2015-06-28 17:30:00,14704,20776.696925687353
2015-06-28 18:00:00,14306,18475.74549492923
2015-06-28 18:30:00,14712,17682.349004581705
2015-06-28 19:00:00,14795,19080.591901449618
2015-06-28 19:30:00,14319,19841.30386189901
2015-06-28 20:00:00,13420,21238.760850126295
2015-06-28 20:30:00,13265,19695.829439313056
2015-06-28 21:00:00,15014,17283.23507917246
2015-06-28 21:30:00,15236,16823.786469545106
2015-06-28 22:00:00,15231,16971.112774343681
2015-06-28 22:30:00,14781,15507.583551125999
2015-06-28 23:00:00,13737,13505.168926079054
2015-06-28 23:30:00,12568,12530.011243335062
2015-06-29 00:00:00,10197,10106.467670547243
2015-06-29 00:30:00,7890,8890.9930322118198
2015-06-29 01:00:00,6286,6565.1981536434505
2015-06-29 01:30:00,5375,6651.1040789490617
2015-06-29 02:00:00,4423,5291.7196440029675
2015-06-29 02:30:00,3485,6180.108123761458
2015-06-29 03:00:00,2751,4839.016020481984
2015-06-29 03:30:00,2645,8609.9532985111691
2015-06-29 04:00:00,2845,10793.799492793652
2015-06-29 04:30:00,2787,12703.943581789201
2015-06-29 05:00:00,2841,11127.715488474276
2015-06-29 05:30:00,4530,12617.373734073335
2015-06-29 06:00:00,6620,14731.248548252039
2015-06-29 06:30:00,10259,16858.543324664504
2015-06-29 07:00:00,11676,16970.361309918895
2015-06-29 07:30:00,13441,15821.112222725073
2015-06-29 08:00:00,15064,16177.657791689689
2015-06-29 08:30:00,16851,17287.459717912847
2015-06-29 09:00:00,16294,18808.96056958993
2015-06-29 09:30:00,15430,17953.716757995371
2015-06-29 10:00:00,14096,17107.849233612622
2015-06-29 10:30:00,14068,15718.207580558919
2015-06-29 11:00:00,13400,16876.624202890758
2015-06-29 11:30:00,14637,16406.968949901315
2015-06-29 12:00:00,14739,19264.916266359709
2015-06-29 12:30:00,14434,19369.235256022614
2015-06-29 13:00:00,14220,17699.394617816044
2015-06-29 13:30:00,15179,17876.18154887978
2015-06-29 14:00:00,15092,15519.679716953924
2015-06-29 14:30:00,15606,12482.369558577397
2015-06-29 15:00:00,14964,13422.994818035064
2015-06-29 15:30:00,14127,15250.493682977245
2015-06-29 16:00:00,12939,15768.522228007034
2015-06-29 16:30:00,12932,15064.534118868685
2015-06-29 17:00:00,14026,18412.039438475429
2015-06-29 17:30:00,15553,19890.561208282044
2015-06-29 18:00:00,17617,17581.82128208816
2015-06-29 18:30:00,19247,18159.496893951582
2015-06-29 19:00:00,19482,18354.183935539972
2015-06-29 19:30:00,18321,18491.484080299135
2015-06-29 20:00:00,17369,18663.440664247722
2015-06-29 20:30:00,16356,16951.033817985644
2015-06-29 21:00:00,18377,16180.726868298088
2015-06-29 21:30:00,18664,14859.753211453954
2015-06-29 22:00:00,18411,14169.947026276343
2015-06-29 22:30:00,16683,12438.939791691169
2015-06-29 23:00:00,15104,9870.8289238112575
2015-06-29 23:30:00,12210,8614.8665287166605
2015-06-30 00:00:00,9930,3920.7369468992547
2015-06-30 00:30:00,7374,1432.0340707307168
2015-06-30 01:00:00,5568,1329.3321378859691
2015-06-30 01:30:00,4608,1555.4981629641006
2015-06-30 02:00:00,3508,2254.5559837611454
2015-06-30 02:30:00,2822,4344.288614697949
2015-06-30 03:00:00,2147,5950.9120586232493
2015-06-30 03:30:00,1833,6505.3997382317793
2015-06-30 04:00:00,2238,9501.0639397308987
2015-06-30 04:30:00,1898,13092.938838400283
2015-06-30 05:00:00,2262,14723.063822619928
2015-06-30 05:30:00,4054,15704.188907537227
2015-06-30 06:00:00,6313,13844.554270793529
2015-06-30 06:30:00,10855,12817.850973567005
2015-06-30 07:00:00,12196,13159.561194948379
2015-06-30 07:30:00,13925,14789.651296514872
2015-06-30 08:00:00,15535,15917.343711463562
2015-06-30 08:30:00,17376,16298.808097021725
2015-06-30 09:00:00,16635,17232.751151953908
2015-06-30 09:30:00,16549,16535.301759549147
2015-06-30 10:00:00,15209,15083.878001509738
2015-06-30 10:30:00,14914,13653.781062442664
2015-06-30 11:00:00,14399,13494.510895780013
2015-06-30 11:30:00,15504,11730.664256464701
2015-06-30 12:00:00,15561,11490.708331712362
2015-06-30 12:30:00,15571,9495.7208616592361
2015-06-30 13:00:00,15009,10899.953830812738
2015-06-30 13:30:00,16089,11659.340430838451
2015-06-30 14:00:00,16009,13425.510737580535
2015-06-30 14:30:00,15854,12453.073436298953
2015-06-30 15:00:00,15127,12687.792809468279
2015-06-30 15:30:00,14219,13755.462589065446
2015-06-30 16:00:00,13066,15011.615318804623
2015-06-30 16:30:00,12164,15997.372619485837
2015-06-30 17:00:00,13856,16168.644215035209
2015-06-30 17:30:00,16322,16865.226904015712
2015-06-30 18:00:00,17918,17896.665822080769
2015-06-30 18:30:00,18968,18412.615310433892
2015-06-30 19:00:00,20680,18418.652225542839
2015-06-30 19:30:00,20263,18086.323186583188
2015-06-30 20:00:00,18418,15658.732024452149
2015-06-30 20:30:00,17246,13654.786075035392
2015-06-30 21:00:00,20319,10470.043528343966
2015-06-30 21:30:00,20223,15075.67305936073
2015-06-30 22:00:00,19967,15075.67305936073
2015-06-30 22:30:00,18865,15075.67305936073
2015-06-30 23:00:00,16893,15075.67305936073
2015-06-30 23:30:00,14242,15075.67305936073
